330
1280 0 1535 255 3847 4347
3328 1024 3583 1279 6680 7180
0 2816 255 3071 4039 4539
768 768 1023 1023 5826 6326
2304 2816 2559 3071 7871 8371
1536 2560 1791 2815 7580 8080
0 4352 255 4607 4643 5143
3328 1792 3583 2047 7163 7663
1792 2560 2047 2815 5910 6410
1024 3328 1279 3583 3777 4277
1280 1280 1535 1535 4611 5111
3584 3584 3839 3839 7207 7707
1024 5120 1279 5375 4072 4572
0 512 255 767 6898 7398
768 2304 1023 2559 8551 9051
3072 4352 3327 4607 6388 6888
512 3840 767 4095 7911 8411
1792 3072 2047 3327 7323 7823
1536 5376 1791 5631 5374 5874
1280 1536 1535 1791 7278 7778
1536 2816 1791 3071 6044 6544
3584 5376 3839 5631 5738 6238
512 3328 767 3583 8304 8804
1536 256 1791 511 3531 4031
1792 3840 2047 4095 5443 5943
2048 4096 2303 4351 5053 5553
256 1280 511 1535 5039 5539
3072 2816 3327 3071 7449 7949
1024 4096 1279 4351 3875 4375
2304 3840 2559 4095 7193 7693
256 2048 511 2303 7094 7594
1024 2048 1279 2303 7033 7533
3072 2304 3327 2559 7916 8416
3328 512 3583 767 7762 8262
2816 2560 3071 2815 6901 7401
1280 1024 1535 1279 4560 5060
768 1280 1023 1535 4115 4615
3584 4608 3839 4863 8174 8674
2304 768 2559 1023 8352 8852
3072 4096 3327 4351 6655 7155
768 0 1023 255 5993 6493
2560 1792 2815 2047 4323 4823
2560 1536 2815 1791 7904 8404
768 3328 1023 3583 6694 7194
2816 4352 3071 4607 5264 5764
2048 0 2303 255 7815 8315
1024 4608 1279 4863 4443 4943
0 0 255 255 4535 5035
3584 5120 3839 5375 3911 4411
3072 1536 3327 1791 6446 6946
2048 1536 2303 1791 8442 8942
1792 2816 2047 3071 3997 4497
1792 2304 2047 2559 6226 6726
256 5376 511 5631 8107 8607
0 4096 255 4351 4158 4658
2304 1024 2559 1279 5711 6211
512 1280 767 1535 7202 7702
1024 4352 1279 4607 5826 6326
1536 4352 1791 4607 7202 7702
3584 2560 3839 2815 5119 5619
1792 4352 2047 4607 7061 7561
2816 1792 3071 2047 5656 6156
1536 2304 1791 2559 3512 4012
2560 4352 2815 4607 6337 6837
512 2304 767 2559 7460 7960
3072 4608 3327 4863 4456 4956
0 2048 255 2303 4940 5440
256 2816 511 3071 8205 8705
1792 3584 2047 3839 3990 4490
3584 512 3839 767 4652 5152
256 768 511 1023 3633 4133
3584 768 3839 1023 4025 4525
2048 5120 2303 5375 8287 8787
256 2304 511 2559 8166 8666
768 4096 1023 4351 7349 7849
2304 3584 2559 3839 4911 5411
2816 1280 3071 1535 4755 5255
2560 2816 2815 3071 5834 6334
2816 3328 3071 3583 6075 6575
3328 256 3583 511 5295 5795
256 256 511 511 6322 6822
1280 3072 1535 3327 8560 9060
768 2816 1023 3071 5922 6422
0 4864 255 5119 3909 4409
1280 4096 1535 4351 5440 5940
512 0 767 255 4122 4622
1280 2560 1535 2815 6249 6749
1280 5376 1535 5631 6684 7184
2048 4608 2303 4863 3990 4490
0 256 255 511 4812 5312
2560 4608 2815 4863 8433 8933
3072 0 3327 255 7680 8180
0 1024 255 1279 4510 5010
2304 5120 2559 5375 8574 9074
1792 768 2047 1023 8060 8560
0 1280 255 1535 8600 9100
2560 1280 2815 1535 4390 4890
2048 4352 2303 4607 4360 4860
1792 256 2047 511 8165 8665
2048 768 2303 1023 7691 8191
3072 256 3327 511 8323 8823
2560 3072 2815 3327 5840 6340
2048 1024 2303 1279 8346 8846
2816 1536 3071 1791 7970 8470
1536 2048 1791 2303 5366 5866
2816 2304 3071 2559 4468 4968
2048 3072 2303 3327 6923 7423
0 2560 255 2815 4163 4663
2560 768 2815 1023 6931 7431
1280 768 1535 1023 7041 7541
1024 1024 1279 1279 6088 6588
512 1024 767 1279 4613 5113
512 4352 767 4607 6961 7461
1280 4352 1535 4607 6052 6552
2048 3584 2303 3839 7833 8333
768 256 1023 511 6443 6943
2816 5376 3071 5631 6803 7303
1280 3584 1535 3839 8125 8625
512 4864 767 5119 4487 4987
2816 256 3071 511 7422 7922
1792 1024 2047 1279 6979 7479
1792 1280 2047 1535 4280 4780
768 2048 1023 2303 3875 4375
3584 4352 3839 4607 8118 8618
1536 4864 1791 5119 6897 7397
2048 3840 2303 4095 8564 9064
2304 512 2559 767 8078 8578
2304 1280 2559 1535 5329 5829
3328 2816 3583 3071 4284 4784
3584 256 3839 511 5016 5516
3328 3840 3583 4095 4381 4881
1280 3840 1535 4095 3968 4468
3328 4864 3583 5119 7485 7985
2304 1536 2559 1791 6769 7269
2048 2816 2303 3071 5980 6480
512 1536 767 1791 6894 7394
3328 3584 3583 3839 5279 5779
3072 4864 3327 5119 4264 4764
2816 512 3071 767 7686 8186
1792 4096 2047 4351 3570 4070
1280 2048 1535 2303 7934 8434
2304 1792 2559 2047 7816 8316
2048 1280 2303 1535 7494 7994
1792 0 2047 255 3668 4168
512 512 767 767 5228 5728
0 3072 255 3327 6688 7188
1024 2816 1279 3071 6740 7240
2560 4096 2815 4351 6073 6573
2560 5120 2815 5375 3586 4086
1536 3840 1791 4095 5269 5769
2560 3328 2815 3583 4855 5355
1792 4608 2047 4863 7194 7694
3072 512 3327 767 6179 6679
256 2560 511 2815 5360 5860
2304 3072 2559 3327 6672 7172
1792 1792 2047 2047 7118 7618
1792 512 2047 767 7966 8466
2048 512 2303 767 3524 4024
2560 256 2815 511 3807 4307
768 3072 1023 3327 3611 4111
768 4864 1023 5119 5169 5669
1536 768 1791 1023 7499 7999
1536 3328 1791 3583 6890 7390
512 2048 767 2303 6697 7197
2304 3328 2559 3583 5628 6128
256 1536 511 1791 4230 4730
3072 3072 3327 3327 7633 8133
256 4864 511 5119 7536 8036
256 3840 511 4095 7805 8305
0 3584 255 3839 4092 4592
256 0 511 255 5148 5648
256 1792 511 2047 7099 7599
256 3072 511 3327 8538 9038
2048 2304 2303 2559 4003 4503
2816 2048 3071 2303 4809 5309
256 3584 511 3839 7808 8308
3584 3072 3839 3327 4733 5233
3072 1024 3327 1279 8178 8678
2048 4864 2303 5119 5242 5742
1536 3072 1791 3327 4948 5448
512 5120 767 5375 4808 5308
2560 3840 2815 4095 4139 4639
3328 2304 3583 2559 3502 4002
2816 0 3071 255 5029 5529
2304 4864 2559 5119 6128 6628
2560 0 2815 255 4216 4716
1280 2816 1535 3071 3507 4007
1024 1536 1279 1791 5455 5955
3072 3584 3327 3839 4369 4869
3072 2048 3327 2303 3943 4443
2304 2304 2559 2559 8377 8877
1280 3328 1535 3583 3581 4081
1536 4608 1791 4863 8072 8572
3328 2048 3583 2303 6627 7127
1024 2304 1279 2559 4320 4820
2304 2560 2559 2815 7742 8242
768 1024 1023 1279 4899 5399
768 4608 1023 4863 8582 9082
2048 2560 2303 2815 4052 4552
0 1536 255 1791 4065 4565
2560 1024 2815 1279 4034 4534
0 2304 255 2559 8511 9011
512 4096 767 4351 5206 5706
1792 5376 2047 5631 6614 7114
1792 2048 2047 2303 6556 7056
1280 4608 1535 4863 6645 7145
1280 4864 1535 5119 5783 6283
768 5376 1023 5631 7918 8418
1536 1280 1791 1535 3596 4096
3328 768 3583 1023 5067 5567
2816 4864 3071 5119 6908 7408
256 1024 511 1279 7715 8215
2560 5376 2815 5631 5835 6335
3072 3840 3327 4095 4452 4952
2816 768 3071 1023 6786 7286
1536 1536 1791 1791 6006 6506
768 1536 1023 1791 7980 8480
512 256 767 511 6922 7422
3328 4096 3583 4351 5503 6003
3584 4864 3839 5119 3709 4209
3072 3328 3327 3583 4908 5408
1024 1280 1279 1535 7922 8422
3328 4608 3583 4863 6601 7101
768 4352 1023 4607 7022 7522
1792 1536 2047 1791 8591 9091
2304 0 2559 255 7550 8050
1024 3840 1279 4095 3537 4037
768 3584 1023 3839 4850 5350
768 2560 1023 2815 4905 5405
768 1792 1023 2047 6900 7400
1792 3328 2047 3583 8226 8726
3328 1280 3583 1535 8251 8751
2304 4352 2559 4607 6772 7272
2304 5376 2559 5631 7475 7975
1280 2304 1535 2559 6225 6725
2816 3584 3071 3839 4688 5188
2048 5376 2303 5631 5480 5980
2048 2048 2303 2303 6050 6550
2560 512 2815 767 6649 7149
1792 5120 2047 5375 8387 8887
2816 3072 3071 3327 7746 8246
2304 4096 2559 4351 7599 8099
1280 512 1535 767 4876 5376
2304 2048 2559 2303 7624 8124
2816 5120 3071 5375 3412 3912
512 768 767 1023 8291 8791
2304 4608 2559 4863 7672 8172
1280 256 1535 511 8021 8521
1536 4096 1791 4351 6574 7074
3584 0 3839 255 4535 5035
2560 2304 2815 2559 5772 6272
1024 3072 1279 3327 5524 6024
1280 5120 1535 5375 3817 4317
3584 3840 3839 4095 3734 4234
3584 1024 3839 1279 3906 4406
3328 1536 3583 1791 3768 4268
256 3328 511 3583 5326 5826
3328 5120 3583 5375 6754 7254
512 3584 767 3839 7929 8429
3328 2560 3583 2815 4274 4774
256 5120 511 5375 5015 5515
1024 768 1279 1023 7516 8016
3584 2816 3839 3071 3885 4385
256 4608 511 4863 8416 8916
3072 1792 3327 2047 6351 6851
0 1792 255 2047 4152 4652
1536 512 1791 767 7146 7646
3584 1792 3839 2047 5873 6373
2816 2816 3071 3071 6832 7332
256 4096 511 4351 5155 5655
2560 2560 2815 2815 8302 8802
1024 1792 1279 2047 8620 9120
3584 4096 3839 4351 4115 4615
0 3328 255 3583 4538 5038
2048 1792 2303 2047 5017 5517
1536 1024 1791 1279 6838 7338
3584 1280 3839 1535 4190 4690
3328 5376 3583 5631 4049 4549
2560 4864 2815 5119 3632 4132
2816 4096 3071 4351 4806 5306
3584 3328 3839 3583 7895 8395
512 3072 767 3327 6033 6533
2560 2048 2815 2303 6959 7459
1536 3584 1791 3839 5754 6254
3584 2304 3839 2559 3809 4309
2816 3840 3071 4095 4907 5407
1024 3584 1279 3839 3564 4064
1280 1792 1535 2047 8447 8947
768 512 1023 767 5703 6203
2560 3584 2815 3839 8123 8623
512 1792 767 2047 4081 4581
1024 4864 1279 5119 7347 7847
1024 512 1279 767 4412 4912
3328 3072 3583 3327 7277 7777
3584 2048 3839 2303 4536 5036
1024 0 1279 255 4805 5305
1024 256 1279 511 8058 8558
2304 256 2559 511 5725 6225
1024 5376 1279 5631 4720 5220
2048 3328 2303 3583 3663 4163
512 4608 767 4863 7509 8009
0 768 255 1023 4382 4882
0 5376 255 5631 3644 4144
3072 768 3327 1023 5666 6166
3072 1280 3327 1535 5550 6050
2816 1024 3071 1279 7972 8472
1536 5120 1791 5375 6546 7046
1792 4864 2047 5119 3782 4282
3072 2560 3327 2815 3382 3882
256 512 511 767 6807 7307
0 3840 255 4095 5217 5717
2048 256 2303 511 5319 5819
3072 5120 3327 5375 6883 7383
0 4608 255 4863 6218 6718
3328 0 3583 255 7703 8203
768 3840 1023 4095 7321 7821
512 5376 767 5631 5167 5667
3328 3328 3583 3583 7896 8396
1536 0 1791 255 4541 5041
1024 2560 1279 2815 7499 7999
3328 4352 3583 4607 4792 5292
1536 1792 1791 2047 5251 5751
256 4352 511 4607 3620 4120
512 2816 767 3071 5833 6333
0 5120 255 5375 3888 4388
512 2560 767 2815 7467 7967
3584 1536 3839 1791 4680 5180
2816 4608 3071 4863 5989 6489
3072 5376 3327 5631 4552 5052
768 5120 1023 5375 6029 6529
