330
1280 0 1535 255 8247 8347
3328 1024 3583 1279 6974 7074
0 2816 255 3071 3649 3749
768 768 1023 1023 4311 4411
2304 2816 2559 3071 5234 5334
1536 2560 1791 2815 7934 8034
0 4352 255 4607 4520 4620
3328 1792 3583 2047 7623 7723
1792 2560 2047 2815 8853 8953
1024 3328 1279 3583 8836 8936
1280 1280 1535 1535 7185 7285
3584 3584 3839 3839 7288 7388
1024 5120 1279 5375 8475 8575
0 512 255 767 4467 4567
768 2304 1023 2559 7579 7679
3072 4352 3327 4607 5052 5152
512 3840 767 4095 8321 8421
1792 3072 2047 3327 8093 8193
1536 5376 1791 5631 4223 4323
1280 1536 1535 1791 7619 7719
1536 2816 1791 3071 6350 6450
3584 5376 3839 5631 4896 4996
512 3328 767 3583 8250 8350
1536 256 1791 511 8736 8836
1792 3840 2047 4095 5426 5526
2048 4096 2303 4351 3426 3526
256 1280 511 1535 6326 6426
3072 2816 3327 3071 6835 6935
1024 4096 1279 4351 5392 5492
2304 3840 2559 4095 5665 5765
256 2048 511 2303 6707 6807
1024 2048 1279 2303 6179 6279
3072 2304 3327 2559 5180 5280
3328 512 3583 767 6985 7085
2816 2560 3071 2815 8699 8799
1280 1024 1535 1279 8623 8723
768 1280 1023 1535 7459 7559
3584 4608 3839 4863 4180 4280
2304 768 2559 1023 7206 7306
3072 4096 3327 4351 7273 7373
768 0 1023 255 5556 5656
2560 1792 2815 2047 5351 5451
2560 1536 2815 1791 7101 7201
768 3328 1023 3583 4991 5091
2816 4352 3071 4607 8028 8128
2048 0 2303 255 5640 5740
1024 4608 1279 4863 6673 6773
0 0 255 255 7309 7409
3584 5120 3839 5375 6273 6373
3072 1536 3327 1791 7525 7625
2048 1536 2303 1791 5888 5988
1792 2816 2047 3071 5163 5263
1792 2304 2047 2559 4961 5061
256 5376 511 5631 5099 5199
0 4096 255 4351 4860 4960
2304 1024 2559 1279 8596 8696
512 1280 767 1535 6734 6834
1024 4352 1279 4607 7815 7915
1536 4352 1791 4607 7971 8071
3584 2560 3839 2815 4666 4766
1792 4352 2047 4607 6020 6120
2816 1792 3071 2047 5638 5738
1536 2304 1791 2559 7474 7574
2560 4352 2815 4607 7829 7929
512 2304 767 2559 5163 5263
3072 4608 3327 4863 8714 8814
0 2048 255 2303 8993 9093
256 2816 511 3071 3583 3683
1792 3584 2047 3839 3854 3954
3584 512 3839 767 7159 7259
256 768 511 1023 3396 3496
3584 768 3839 1023 7619 7719
2048 5120 2303 5375 5051 5151
256 2304 511 2559 7126 7226
768 4096 1023 4351 3571 3671
2304 3584 2559 3839 4039 4139
2816 1280 3071 1535 5307 5407
2560 2816 2815 3071 8453 8553
2816 3328 3071 3583 7977 8077
3328 256 3583 511 8209 8309
256 256 511 511 8518 8618
1280 3072 1535 3327 6406 6506
768 2816 1023 3071 4333 4433
0 4864 255 5119 4440 4540
1280 4096 1535 4351 4045 4145
512 0 767 255 7402 7502
1280 2560 1535 2815 3996 4096
1280 5376 1535 5631 8988 9088
2048 4608 2303 4863 7757 7857
0 256 255 511 8597 8697
2560 4608 2815 4863 4615 4715
3072 0 3327 255 4737 4837
0 1024 255 1279 6775 6875
2304 5120 2559 5375 8718 8818
1792 768 2047 1023 5107 5207
0 1280 255 1535 8568 8668
2560 1280 2815 1535 8392 8492
2048 4352 2303 4607 5060 5160
1792 256 2047 511 8780 8880
2048 768 2303 1023 4786 4886
3072 256 3327 511 4759 4859
2560 3072 2815 3327 4716 4816
2048 1024 2303 1279 9035 9135
2816 1536 3071 1791 6439 6539
1536 2048 1791 2303 8471 8571
2816 2304 3071 2559 5146 5246
2048 3072 2303 3327 8687 8787
0 2560 255 2815 6318 6418
2560 768 2815 1023 4559 4659
1280 768 1535 1023 3536 3636
1024 1024 1279 1279 5488 5588
512 1024 767 1279 4037 4137
512 4352 767 4607 6571 6671
1280 4352 1535 4607 8030 8130
2048 3584 2303 3839 6686 6786
768 256 1023 511 8825 8925
2816 5376 3071 5631 6392 6492
1280 3584 1535 3839 8892 8992
512 4864 767 5119 8773 8873
2816 256 3071 511 5109 5209
1792 1024 2047 1279 4360 4460
1792 1280 2047 1535 4348 4448
768 2048 1023 2303 8055 8155
3584 4352 3839 4607 7764 7864
1536 4864 1791 5119 5607 5707
2048 3840 2303 4095 4122 4222
2304 512 2559 767 7292 7392
2304 1280 2559 1535 6539 6639
3328 2816 3583 3071 5811 5911
3584 256 3839 511 8612 8712
3328 3840 3583 4095 7955 8055
1280 3840 1535 4095 7200 7300
3328 4864 3583 5119 4288 4388
2304 1536 2559 1791 3861 3961
2048 2816 2303 3071 6179 6279
512 1536 767 1791 5300 5400
3328 3584 3583 3839 7216 7316
3072 4864 3327 5119 5827 5927
2816 512 3071 767 8247 8347
1792 4096 2047 4351 8404 8504
1280 2048 1535 2303 5992 6092
2304 1792 2559 2047 6275 6375
2048 1280 2303 1535 4981 5081
1792 0 2047 255 5103 5203
512 512 767 767 5265 5365
0 3072 255 3327 8297 8397
1024 2816 1279 3071 4888 4988
2560 4096 2815 4351 4197 4297
2560 5120 2815 5375 4060 4160
1536 3840 1791 4095 6201 6301
2560 3328 2815 3583 5935 6035
1792 4608 2047 4863 5049 5149
3072 512 3327 767 7179 7279
256 2560 511 2815 4951 5051
2304 3072 2559 3327 3773 3873
1792 1792 2047 2047 5326 5426
1792 512 2047 767 7282 7382
2048 512 2303 767 3606 3706
2560 256 2815 511 8494 8594
768 3072 1023 3327 4054 4154
768 4864 1023 5119 8847 8947
1536 768 1791 1023 8989 9089
1536 3328 1791 3583 3794 3894
512 2048 767 2303 5676 5776
2304 3328 2559 3583 3810 3910
256 1536 511 1791 6602 6702
3072 3072 3327 3327 3516 3616
256 4864 511 5119 7655 7755
256 3840 511 4095 4969 5069
0 3584 255 3839 4303 4403
256 0 511 255 8599 8699
256 1792 511 2047 7590 7690
256 3072 511 3327 7208 7308
2048 2304 2303 2559 4541 4641
2816 2048 3071 2303 5233 5333
256 3584 511 3839 5013 5113
3584 3072 3839 3327 5378 5478
3072 1024 3327 1279 6750 6850
2048 4864 2303 5119 5840 5940
1536 3072 1791 3327 6067 6167
512 5120 767 5375 3912 4012
2560 3840 2815 4095 4315 4415
3328 2304 3583 2559 7745 7845
2816 0 3071 255 3631 3731
2304 4864 2559 5119 5895 5995
2560 0 2815 255 4058 4158
1280 2816 1535 3071 5586 5686
1024 1536 1279 1791 4138 4238
3072 3584 3327 3839 4293 4393
3072 2048 3327 2303 5040 5140
2304 2304 2559 2559 6401 6501
1280 3328 1535 3583 5681 5781
1536 4608 1791 4863 4990 5090
3328 2048 3583 2303 6824 6924
1024 2304 1279 2559 3897 3997
2304 2560 2559 2815 7009 7109
768 1024 1023 1279 5966 6066
768 4608 1023 4863 4042 4142
2048 2560 2303 2815 7205 7305
0 1536 255 1791 7565 7665
2560 1024 2815 1279 4974 5074
0 2304 255 2559 8344 8444
512 4096 767 4351 7695 7795
1792 5376 2047 5631 4722 4822
1792 2048 2047 2303 5425 5525
1280 4608 1535 4863 3889 3989
1280 4864 1535 5119 6365 6465
768 5376 1023 5631 7432 7532
1536 1280 1791 1535 8848 8948
3328 768 3583 1023 4745 4845
2816 4864 3071 5119 6039 6139
256 1024 511 1279 5300 5400
2560 5376 2815 5631 5689 5789
3072 3840 3327 4095 6324 6424
2816 768 3071 1023 7140 7240
1536 1536 1791 1791 4125 4225
768 1536 1023 1791 8592 8692
512 256 767 511 3686 3786
3328 4096 3583 4351 6472 6572
3584 4864 3839 5119 3845 3945
3072 3328 3327 3583 6936 7036
1024 1280 1279 1535 5413 5513
3328 4608 3583 4863 7735 7835
768 4352 1023 4607 4466 4566
1792 1536 2047 1791 4777 4877
2304 0 2559 255 8261 8361
1024 3840 1279 4095 4015 4115
768 3584 1023 3839 7372 7472
768 2560 1023 2815 4843 4943
768 1792 1023 2047 3760 3860
1792 3328 2047 3583 7477 7577
3328 1280 3583 1535 8027 8127
2304 4352 2559 4607 8734 8834
2304 5376 2559 5631 7713 7813
1280 2304 1535 2559 3709 3809
2816 3584 3071 3839 5119 5219
2048 5376 2303 5631 8231 8331
2048 2048 2303 2303 8283 8383
2560 512 2815 767 5092 5192
1792 5120 2047 5375 3950 4050
2816 3072 3071 3327 3988 4088
2304 4096 2559 4351 3671 3771
1280 512 1535 767 7460 7560
2304 2048 2559 2303 7887 7987
2816 5120 3071 5375 6625 6725
512 768 767 1023 5560 5660
2304 4608 2559 4863 4552 4652
1280 256 1535 511 6177 6277
1536 4096 1791 4351 5876 5976
3584 0 3839 255 7653 7753
2560 2304 2815 2559 8231 8331
1024 3072 1279 3327 5352 5452
1280 5120 1535 5375 4026 4126
3584 3840 3839 4095 6927 7027
3584 1024 3839 1279 6447 6547
3328 1536 3583 1791 5432 5532
256 3328 511 3583 7728 7828
3328 5120 3583 5375 8671 8771
512 3584 767 3839 5344 5444
3328 2560 3583 2815 5112 5212
256 5120 511 5375 3392 3492
1024 768 1279 1023 3782 3882
3584 2816 3839 3071 4099 4199
256 4608 511 4863 8755 8855
3072 1792 3327 2047 8124 8224
0 1792 255 2047 6017 6117
1536 512 1791 767 6414 6514
3584 1792 3839 2047 8895 8995
2816 2816 3071 3071 5261 5361
256 4096 511 4351 8135 8235
2560 2560 2815 2815 5385 5485
1024 1792 1279 2047 7458 7558
3584 4096 3839 4351 8436 8536
0 3328 255 3583 3805 3905
2048 1792 2303 2047 7885 7985
1536 1024 1791 1279 7601 7701
3584 1280 3839 1535 5995 6095
3328 5376 3583 5631 3397 3497
2560 4864 2815 5119 6318 6418
2816 4096 3071 4351 4411 4511
3584 3328 3839 3583 3590 3690
512 3072 767 3327 5509 5609
2560 2048 2815 2303 6392 6492
1536 3584 1791 3839 5825 5925
3584 2304 3839 2559 4976 5076
2816 3840 3071 4095 5379 5479
1024 3584 1279 3839 3797 3897
1280 1792 1535 2047 5245 5345
768 512 1023 767 6590 6690
2560 3584 2815 3839 5771 5871
512 1792 767 2047 6986 7086
1024 4864 1279 5119 6611 6711
1024 512 1279 767 7762 7862
3328 3072 3583 3327 3625 3725
3584 2048 3839 2303 7906 8006
1024 0 1279 255 8426 8526
1024 256 1279 511 6271 6371
2304 256 2559 511 6861 6961
1024 5376 1279 5631 4192 4292
2048 3328 2303 3583 4072 4172
512 4608 767 4863 5956 6056
0 768 255 1023 6206 6306
0 5376 255 5631 8160 8260
3072 768 3327 1023 6932 7032
3072 1280 3327 1535 6641 6741
2816 1024 3071 1279 8585 8685
1536 5120 1791 5375 7073 7173
1792 4864 2047 5119 5176 5276
3072 2560 3327 2815 8612 8712
256 512 511 767 4351 4451
0 3840 255 4095 6216 6316
2048 256 2303 511 4742 4842
3072 5120 3327 5375 8070 8170
0 4608 255 4863 5148 5248
3328 0 3583 255 7197 7297
768 3840 1023 4095 4006 4106
512 5376 767 5631 8736 8836
3328 3328 3583 3583 7623 7723
1536 0 1791 255 7460 7560
1024 2560 1279 2815 6286 6386
3328 4352 3583 4607 5934 6034
1536 1792 1791 2047 5406 5506
256 4352 511 4607 5438 5538
512 2816 767 3071 4656 4756
0 5120 255 5375 5660 5760
512 2560 767 2815 5884 5984
3584 1536 3839 1791 5622 5722
2816 4608 3071 4863 4472 4572
3072 5376 3327 5631 3705 3805
768 5120 1023 5375 6443 6543
