1395
3328 4352 3455 4479 6424 8424
3328 2560 3455 2687 5731 7731
1920 3328 2047 3455 5718 7718
128 3072 255 3199 4067 6067
2944 3072 3071 3199 6493 8493
1280 2304 1407 2431 5663 7663
1920 3968 2047 4095 6929 8929
3200 768 3327 895 5903 7903
384 3712 511 3839 6346 8346
3328 3200 3455 3327 3786 5786
3328 5504 3455 5631 6925 8925
2816 4992 2943 5119 4264 6264
1024 128 1151 255 4670 6670
0 256 127 383 5765 7765
3200 5248 3327 5375 7075 9075
2176 3456 2303 3583 4910 6910
3072 1408 3199 1535 7058 9058
3328 3072 3455 3199 5711 7711
1792 1664 1919 1791 6264 8264
2048 0 2175 127 5396 7396
1664 512 1791 639 6590 8590
2304 2048 2431 2175 6605 8605
1152 1920 1279 2047 5796 7796
1536 4864 1663 4991 4954 6954
3328 1920 3455 2047 6663 8663
512 1536 639 1663 3575 5575
1536 1408 1663 1535 6084 8084
2304 5376 2431 5503 5825 7825
2688 3328 2815 3455 4864 6864
2560 2944 2687 3071 5658 7658
896 4736 1023 4863 6718 8718
2560 1536 2687 1663 4148 6148
1536 384 1663 511 4249 6249
1664 0 1791 127 5296 7296
3840 4224 3967 4351 4844 6844
256 3072 383 3199 5698 7698
1792 1152 1919 1279 5915 7915
3584 1152 3711 1279 4633 6633
512 2688 639 2815 6558 8558
768 1280 895 1407 5121 7121
128 2688 255 2815 5049 7049
1792 5376 1919 5503 6343 8343
2816 2688 2943 2815 4341 6341
2688 768 2815 895 4675 6675
2432 3072 2559 3199 7064 9064
3328 640 3455 767 6372 8372
256 2048 383 2175 6214 8214
2176 4224 2303 4351 6982 8982
2432 3456 2559 3583 4944 6944
768 0 895 127 3665 5665
3584 1024 3711 1151 3566 5566
3712 768 3839 895 6490 8490
2048 3840 2175 3967 6899 8899
0 5504 127 5631 5991 7991
1024 3968 1151 4095 6401 8401
512 2816 639 2943 4750 6750
3840 4608 3967 4735 4522 6522
256 1920 383 2047 5345 7345
2560 1280 2687 1407 3435 5435
896 384 1023 511 6015 8015
1024 3456 1151 3583 3863 5863
1024 3712 1151 3839 5109 7109
384 768 511 895 6792 8792
1152 384 1279 511 6838 8838
1280 4608 1407 4735 5361 7361
2048 2560 2175 2687 6592 8592
1920 5376 2047 5503 3723 5723
0 4224 127 4351 6232 8232
1536 2176 1663 2303 6182 8182
1920 3456 2047 3583 6910 8910
0 3200 127 3327 6310 8310
2176 2048 2303 2175 6187 8187
1920 4480 2047 4607 6113 8113
2688 2560 2815 2687 3511 5511
128 4736 255 4863 3722 5722
1152 3712 1279 3839 6037 8037
1536 256 1663 383 6513 8513
1920 4224 2047 4351 4892 6892
640 3840 767 3967 4207 6207
3712 1152 3839 1279 6413 8413
3328 2944 3455 3071 5186 7186
3584 1536 3711 1663 6498 8498
3456 896 3583 1023 5763 7763
0 2432 127 2559 7041 9041
2688 2176 2815 2303 3676 5676
0 5632 127 5759 5024 7024
1920 2944 2047 3071 4651 6651
256 5248 383 5375 4827 6827
2432 2304 2559 2431 5325 7325
3200 3456 3327 3583 6812 8812
640 1664 767 1791 3702 5702
640 4992 767 5119 5818 7818
3712 4864 3839 4991 6877 8877
2944 3200 3071 3327 5450 7450
384 2816 511 2943 3843 5843
1536 1920 1663 2047 5099 7099
2048 3712 2175 3839 6998 8998
2560 4864 2687 4991 4195 6195
3456 0 3583 127 4191 6191
2560 1024 2687 1151 6040 8040
1408 5248 1535 5375 3966 5966
1664 4352 1791 4479 7130 9130
512 0 639 127 5087 7087
2816 4224 2943 4351 5035 7035
896 3072 1023 3199 5598 7598
1280 5376 1407 5503 3765 5765
1024 4480 1151 4607 3933 5933
1280 5248 1407 5375 4971 6971
1792 1024 1919 1151 5286 7286
2304 3712 2431 3839 6865 8865
2944 512 3071 639 4244 6244
128 384 255 511 5428 7428
128 2048 255 2175 6223 8223
1408 1408 1535 1535 4963 6963
512 1280 639 1407 5330 7330
128 2816 255 2943 6528 8528
3328 3840 3455 3967 4944 6944
1920 1536 2047 1663 6610 8610
3200 3328 3327 3455 4215 6215
3072 2048 3199 2175 6898 8898
1920 2688 2047 2815 4609 6609
3712 5504 3839 5631 6642 8642
3456 4608 3583 4735 3903 5903
2176 4352 2303 4479 4347 6347
1536 2688 1663 2815 7048 9048
3584 5504 3711 5631 4375 6375
2816 4608 2943 4735 6075 8075
1664 3456 1791 3583 5233 7233
1152 1792 1279 1919 3527 5527
3200 0 3327 127 5222 7222
3072 256 3199 383 4134 6134
2176 2176 2303 2303 4122 6122
3584 1280 3711 1407 3540 5540
1408 128 1535 255 4177 6177
512 896 639 1023 5786 7786
3456 3200 3583 3327 5767 7767
2816 1536 2943 1663 4572 6572
3840 5632 3967 5759 4675 6675
3456 1152 3583 1279 5694 7694
3328 768 3455 895 6487 8487
2176 0 2303 127 4400 6400
1280 896 1407 1023 4894 6894
1920 1152 2047 1279 6872 8872
2176 512 2303 639 3483 5483
3712 3968 3839 4095 6486 8486
1280 5632 1407 5759 5062 7062
2688 384 2815 511 4967 6967
3328 3968 3455 4095 6386 8386
2048 1536 2175 1663 6628 8628
3072 1664 3199 1791 4138 6138
3840 3456 3967 3583 4472 6472
2944 1792 3071 1919 6194 8194
640 5248 767 5375 3640 5640
1408 4736 1535 4863 5004 7004
512 3840 639 3967 3401 5401
384 3328 511 3455 5644 7644
2944 384 3071 511 4336 6336
2304 1536 2431 1663 4432 6432
3840 3968 3967 4095 3738 5738
128 4224 255 4351 4492 6492
128 5120 255 5247 6283 8283
384 0 511 127 6597 8597
1792 128 1919 255 5243 7243
896 5248 1023 5375 4779 6779
3712 5120 3839 5247 5730 7730
2048 3200 2175 3327 5985 7985
768 768 895 895 3406 5406
2176 640 2303 767 6931 8931
1152 1152 1279 1279 5617 7617
2688 3456 2815 3583 4056 6056
0 2816 127 2943 4606 6606
0 3712 127 3839 6646 8646
2560 2432 2687 2559 5579 7579
2432 1664 2559 1791 4338 6338
640 3200 767 3327 5086 7086
3072 896 3199 1023 7022 9022
3584 5632 3711 5759 4356 6356
1536 1664 1663 1791 5009 7009
3072 3072 3199 3199 6268 8268
1024 2816 1151 2943 5940 7940
2816 3200 2943 3327 5777 7777
3584 1408 3711 1535 3600 5600
896 3968 1023 4095 4994 6994
2048 4096 2175 4223 6046 8046
512 4736 639 4863 3561 5561
3712 4096 3839 4223 5024 7024
256 3968 383 4095 6647 8647
2688 0 2815 127 4526 6526
768 1024 895 1151 4412 6412
768 256 895 383 5341 7341
1792 4352 1919 4479 3974 5974
1280 1664 1407 1791 5652 7652
2688 128 2815 255 6894 8894
1152 3456 1279 3583 4173 6173
2432 5376 2559 5503 7060 9060
512 3584 639 3711 5484 7484
128 3200 255 3327 6787 8787
1920 3712 2047 3839 5423 7423
1792 4480 1919 4607 5276 7276
2176 1664 2303 1791 5264 7264
2560 128 2687 255 6108 8108
3840 4864 3967 4991 4838 6838
128 1920 255 2047 6867 8867
2688 2944 2815 3071 4548 6548
1152 3200 1279 3327 4132 6132
2304 896 2431 1023 6909 8909
2048 2304 2175 2431 4430 6430
1280 1920 1407 2047 5117 7117
2304 2432 2431 2559 4778 6778
3712 4608 3839 4735 5654 7654
1408 3840 1535 3967 6013 8013
3328 4096 3455 4223 3415 5415
1280 1408 1407 1535 5884 7884
768 1152 895 1279 3868 5868
3072 1024 3199 1151 4418 6418
1280 3584 1407 3711 4401 6401
1024 5504 1151 5631 3848 5848
128 0 255 127 6021 8021
3072 1792 3199 1919 3883 5883
3456 3968 3583 4095 4890 6890
1024 4224 1151 4351 4222 6222
2432 2688 2559 2815 4486 6486
2688 5504 2815 5631 3402 5402
128 4864 255 4991 3976 5976
384 3200 511 3327 5288 7288
512 2304 639 2431 5418 7418
256 1664 383 1791 4416 6416
1664 1024 1791 1151 7031 9031
128 3968 255 4095 3701 5701
1664 2688 1791 2815 4648 6648
1408 896 1535 1023 5156 7156
768 2688 895 2815 6439 8439
512 4480 639 4607 6115 8115
2688 1408 2815 1535 6979 8979
2432 896 2559 1023 3847 5847
1792 4736 1919 4863 6876 8876
1792 2688 1919 2815 5075 7075
1280 3456 1407 3583 4906 6906
512 5376 639 5503 6949 8949
2048 5632 2175 5759 6482 8482
1280 128 1407 255 3420 5420
3712 5632 3839 5759 4150 6150
2944 2688 3071 2815 4854 6854
1280 1792 1407 1919 4260 6260
1408 2048 1535 2175 6743 8743
128 256 255 383 4228 6228
896 4096 1023 4223 3617 5617
3072 5504 3199 5631 3451 5451
384 1664 511 1791 6878 8878
3456 3584 3583 3711 4129 6129
3840 2304 3967 2431 7066 9066
2432 5120 2559 5247 3960 5960
2048 4992 2175 5119 5244 7244
2432 256 2559 383 5424 7424
3328 2176 3455 2303 6661 8661
3328 4480 3455 4607 3392 5392
0 4480 127 4607 3703 5703
1408 1536 1535 1663 6033 8033
128 1664 255 1791 7053 9053
3584 3328 3711 3455 4033 6033
1664 3840 1791 3967 3542 5542
256 128 383 255 3396 5396
3200 4352 3327 4479 7101 9101
896 1920 1023 2047 6286 8286
3840 384 3967 511 5331 7331
1920 256 2047 383 5904 7904
256 5632 383 5759 4350 6350
3456 5504 3583 5631 7035 9035
2688 1664 2815 1791 5766 7766
3456 4352 3583 4479 6255 8255
3712 3712 3839 3839 4704 6704
256 640 383 767 4143 6143
1024 1280 1151 1407 5361 7361
2944 1536 3071 1663 6187 8187
3456 2560 3583 2687 5032 7032
3584 4864 3711 4991 4964 6964
2944 3584 3071 3711 7044 9044
768 4736 895 4863 3606 5606
640 1792 767 1919 3372 5372
640 4224 767 4351 5109 7109
2944 2816 3071 2943 4364 6364
128 1408 255 1535 7067 9067
3584 4992 3711 5119 4025 6025
2560 4736 2687 4863 4565 6565
896 256 1023 383 3679 5679
3328 0 3455 127 3546 5546
2176 4736 2303 4863 6682 8682
3584 2304 3711 2431 4011 6011
128 2944 255 3071 6209 8209
3200 4096 3327 4223 4922 6922
128 768 255 895 6769 8769
256 2176 383 2303 4707 6707
2560 2176 2687 2303 4947 6947
896 4224 1023 4351 5058 7058
3072 5632 3199 5759 5949 7949
2048 3456 2175 3583 5234 7234
2944 3968 3071 4095 3822 5822
2432 1408 2559 1535 6928 8928
2688 4992 2815 5119 3456 5456
512 1152 639 1279 6218 8218
3456 5376 3583 5503 4371 6371
1408 2688 1535 2815 4790 6790
1664 1408 1791 1535 6990 8990
2432 2560 2559 2687 6361 8361
1792 2048 1919 2175 5933 7933
3456 1024 3583 1151 6978 8978
384 2176 511 2303 6282 8282
384 4864 511 4991 4165 6165
1152 4224 1279 4351 5540 7540
3584 5248 3711 5375 6283 8283
3584 5120 3711 5247 5903 7903
1408 2304 1535 2431 6534 8534
1664 128 1791 255 4537 6537
1792 3328 1919 3455 6558 8558
2304 4736 2431 4863 6055 8055
1536 128 1663 255 4845 6845
3712 3456 3839 3583 5060 7060
768 3712 895 3839 5597 7597
1408 2560 1535 2687 3812 5812
3584 768 3711 895 6225 8225
768 4224 895 4351 3380 5380
384 512 511 639 3442 5442
1280 384 1407 511 3792 5792
3712 2176 3839 2303 7052 9052
0 2560 127 2687 3456 5456
2688 5632 2815 5759 6371 8371
3712 1664 3839 1791 3474 5474
2816 5504 2943 5631 6003 8003
768 1920 895 2047 4486 6486
1024 2688 1151 2815 3559 5559
2048 2176 2175 2303 5081 7081
640 2944 767 3071 3813 5813
3584 4096 3711 4223 4978 6978
1664 3072 1791 3199 7027 9027
512 2944 639 3071 6804 8804
1152 768 1279 895 3772 5772
2176 2944 2303 3071 5193 7193
1024 3584 1151 3711 5946 7946
3840 896 3967 1023 6662 8662
1792 1536 1919 1663 5689 7689
640 512 767 639 3416 5416
2048 5120 2175 5247 5425 7425
1024 1152 1151 1279 3410 5410
1664 1152 1791 1279 4582 6582
3200 1280 3327 1407 6939 8939
3200 4480 3327 4607 6094 8094
3584 3840 3711 3967 6057 8057
2304 5120 2431 5247 4860 6860
2816 384 2943 511 4552 6552
256 0 383 127 6498 8498
2816 3840 2943 3967 6041 8041
3712 3584 3839 3711 6657 8657
1152 3840 1279 3967 4896 6896
768 3328 895 3455 6463 8463
768 1536 895 1663 6569 8569
3072 3328 3199 3455 4981 6981
3712 3328 3839 3455 4021 6021
0 5120 127 5247 6672 8672
1920 4992 2047 5119 3845 5845
2432 4608 2559 4735 5136 7136
0 2304 127 2431 5188 7188
2304 5504 2431 5631 3882 5882
3584 3712 3711 3839 5579 7579
3456 384 3583 511 6795 8795
1792 4992 1919 5119 5866 7866
1664 3200 1791 3327 3570 5570
512 2432 639 2559 5523 7523
3456 2944 3583 3071 6015 8015
768 3840 895 3967 4472 6472
2304 128 2431 255 5045 7045
896 1152 1023 1279 4564 6564
1920 640 2047 767 4517 6517
512 1024 639 1151 5427 7427
2048 2944 2175 3071 4604 6604
896 3712 1023 3839 5728 7728
3328 5248 3455 5375 5226 7226
2304 4992 2431 5119 5654 7654
1408 2944 1535 3071 6741 8741
1920 2048 2047 2175 5042 7042
2432 640 2559 767 6835 8835
2176 1920 2303 2047 4427 6427
3712 640 3839 767 3944 5944
3840 2048 3967 2175 4679 6679
3200 1536 3327 1663 5952 7952
2432 2048 2559 2175 5363 7363
768 5120 895 5247 6205 8205
1408 0 1535 127 5890 7890
384 4608 511 4735 6013 8013
3584 4352 3711 4479 4064 6064
640 3072 767 3199 4691 6691
1536 5120 1663 5247 6105 8105
0 2048 127 2175 5881 7881
1280 2560 1407 2687 3529 5529
1664 2304 1791 2431 6640 8640
2432 4224 2559 4351 5537 7537
2432 4480 2559 4607 6024 8024
640 3456 767 3583 5166 7166
2560 640 2687 767 6016 8016
2176 4608 2303 4735 6995 8995
1024 2176 1151 2303 6267 8267
128 1792 255 1919 6018 8018
2816 4096 2943 4223 6516 8516
128 1280 255 1407 5740 7740
2432 4736 2559 4863 6401 8401
1280 3072 1407 3199 6076 8076
2944 256 3071 383 6425 8425
2816 128 2943 255 6583 8583
2432 3200 2559 3327 4590 6590
640 1536 767 1663 6026 8026
3328 384 3455 511 4486 6486
1792 1280 1919 1407 6382 8382
3584 896 3711 1023 7082 9082
1664 384 1791 511 3386 5386
2944 4864 3071 4991 3921 5921
2048 640 2175 767 4222 6222
896 2688 1023 2815 5378 7378
896 3584 1023 3711 6755 8755
1152 896 1279 1023 6741 8741
1408 2816 1535 2943 6347 8347
1536 1792 1663 1919 3680 5680
128 1536 255 1663 4292 6292
3840 4736 3967 4863 3639 5639
3456 3712 3583 3839 6190 8190
3200 1024 3327 1151 4450 6450
1280 4096 1407 4223 6909 8909
3072 4608 3199 4735 6683 8683
640 3968 767 4095 5431 7431
256 768 383 895 4935 6935
3328 1280 3455 1407 3887 5887
3712 1280 3839 1407 3613 5613
384 3456 511 3583 6159 8159
1408 5120 1535 5247 6534 8534
768 3072 895 3199 6758 8758
3840 3200 3967 3327 4759 6759
1536 1536 1663 1663 4122 6122
3712 896 3839 1023 5694 7694
3840 4992 3967 5119 6140 8140
512 1664 639 1791 3565 5565
1280 4224 1407 4351 6914 8914
1536 5504 1663 5631 5027 7027
2048 3072 2175 3199 6776 8776
128 2432 255 2559 4483 6483
1280 5120 1407 5247 7065 9065
1408 768 1535 895 6791 8791
1152 2176 1279 2303 5033 7033
2176 5376 2303 5503 4147 6147
2304 3200 2431 3327 7125 9125
896 1280 1023 1407 4649 6649
1664 4608 1791 4735 5844 7844
2688 2688 2815 2815 4659 6659
1408 1792 1535 1919 7054 9054
1664 4992 1791 5119 6765 8765
3456 2304 3583 2431 4928 6928
2304 512 2431 639 6104 8104
1024 2048 1151 2175 6172 8172
2560 1152 2687 1279 4697 6697
2688 4352 2815 4479 3975 5975
3200 1664 3327 1791 6559 8559
2048 512 2175 639 4588 6588
1408 3328 1535 3455 4491 6491
3584 0 3711 127 6801 8801
1280 1536 1407 1663 3607 5607
1792 4864 1919 4991 5981 7981
1792 4096 1919 4223 4747 6747
3072 2688 3199 2815 7092 9092
2176 5120 2303 5247 6732 8732
3328 5120 3455 5247 5397 7397
384 1408 511 1535 6092 8092
3200 384 3327 511 6926 8926
3072 3584 3199 3711 5171 7171
2304 0 2431 127 6075 8075
1280 2816 1407 2943 6563 8563
768 4480 895 4607 4610 6610
768 128 895 255 4328 6328
3072 128 3199 255 4541 6541
3456 2432 3583 2559 6273 8273
640 2176 767 2303 5104 7104
1792 2432 1919 2559 4527 6527
2304 4352 2431 4479 5878 7878
2816 1920 2943 2047 3809 5809
1792 3840 1919 3967 5815 7815
128 3328 255 3455 5792 7792
2688 4864 2815 4991 5530 7530
768 512 895 639 5699 7699
640 4864 767 4991 6852 8852
768 5248 895 5375 6658 8658
1152 2944 1279 3071 7025 9025
896 2048 1023 2175 3687 5687
1792 256 1919 383 6077 8077
896 3840 1023 3967 6570 8570
512 640 639 767 6903 8903
3840 1536 3967 1663 4066 6066
640 3328 767 3455 6806 8806
3200 3968 3327 4095 5744 7744
2816 3968 2943 4095 5442 7442
1664 1536 1791 1663 5085 7085
512 3072 639 3199 3663 5663
3840 768 3967 895 3699 5699
2944 5120 3071 5247 6134 8134
768 5632 895 5759 3450 5450
512 5632 639 5759 3827 5827
3072 5120 3199 5247 3396 5396
384 4096 511 4223 4969 6969
3712 4480 3839 4607 5066 7066
2176 3968 2303 4095 4353 6353
2944 1280 3071 1407 4466 6466
2816 896 2943 1023 6295 8295
768 4608 895 4735 6087 8087
1536 3200 1663 3327 3949 5949
3456 1792 3583 1919 5033 7033
896 128 1023 255 4852 6852
640 4736 767 4863 4721 6721
2944 5248 3071 5375 3685 5685
1024 3840 1151 3967 7011 9011
1792 2560 1919 2687 7049 9049
2176 2432 2303 2559 3398 5398
3200 2560 3327 2687 4857 6857
2432 4352 2559 4479 5262 7262
640 128 767 255 5810 7810
2944 1920 3071 2047 3794 5794
1152 4608 1279 4735 4692 6692
2304 4224 2431 4351 5574 7574
256 3712 383 3839 6585 8585
896 4352 1023 4479 6454 8454
0 640 127 767 4178 6178
640 4608 767 4735 6983 8983
3840 2688 3967 2815 4400 6400
1152 1408 1279 1535 4471 6471
1280 2432 1407 2559 3543 5543
3200 2176 3327 2303 5490 7490
3712 384 3839 511 6646 8646
2688 1920 2815 2047 6095 8095
2304 1920 2431 2047 5515 7515
2944 5376 3071 5503 6571 8571
2432 1024 2559 1151 6117 8117
2688 3712 2815 3839 4825 6825
640 5120 767 5247 3897 5897
1920 4352 2047 4479 5273 7273
2176 2304 2303 2431 5868 7868
1920 128 2047 255 6572 8572
2304 2816 2431 2943 6935 8935
128 4608 255 4735 3580 5580
1152 2304 1279 2431 4153 6153
3072 4096 3199 4223 5577 7577
3072 5248 3199 5375 5547 7547
512 5504 639 5631 4062 6062
384 2944 511 3071 5604 7604
640 3584 767 3711 5360 7360
3712 4224 3839 4351 5953 7953
1408 4864 1535 4991 4274 6274
2816 2816 2943 2943 5784 7784
3200 5120 3327 5247 3505 5505
3712 1536 3839 1663 6477 8477
2944 896 3071 1023 3556 5556
1280 1280 1407 1407 6589 8589
1152 3968 1279 4095 5612 7612
2688 2048 2815 2175 3400 5400
2944 3456 3071 3583 5945 7945
256 3200 383 3327 5039 7039
3840 128 3967 255 5668 7668
2176 3328 2303 3455 6391 8391
2432 3584 2559 3711 4545 6545
1024 896 1151 1023 4623 6623
1024 4864 1151 4991 6862 8862
0 4736 127 4863 6072 8072
2304 1408 2431 1535 5696 7696
256 5120 383 5247 4547 6547
1792 768 1919 895 4925 6925
2304 3968 2431 4095 3829 5829
3584 5376 3711 5503 7044 9044
1280 4864 1407 4991 4357 6357
2304 384 2431 511 5721 7721
1280 640 1407 767 5580 7580
3072 3968 3199 4095 5139 7139
128 4352 255 4479 4158 6158
3328 4864 3455 4991 6084 8084
3712 512 3839 639 5831 7831
1280 0 1407 127 6391 8391
3456 4736 3583 4863 4304 6304
1792 3712 1919 3839 6740 8740
1664 3968 1791 4095 5621 7621
768 4864 895 4991 5044 7044
128 3840 255 3967 6875 8875
256 4352 383 4479 7055 9055
512 768 639 895 5230 7230
3712 2944 3839 3071 4651 6651
768 1792 895 1919 5527 7527
1152 640 1279 767 3586 5586
3200 4992 3327 5119 5552 7552
384 1024 511 1151 3426 5426
2304 2560 2431 2687 5883 7883
1152 5632 1279 5759 4803 6803
3072 2944 3199 3071 6696 8696
1536 2816 1663 2943 7135 9135
3712 1792 3839 1919 4525 6525
3072 4992 3199 5119 3955 5955
1536 1024 1663 1151 5691 7691
256 384 383 511 4029 6029
1536 4096 1663 4223 5509 7509
512 4864 639 4991 4477 6477
1792 5632 1919 5759 6029 8029
896 512 1023 639 6496 8496
1024 5120 1151 5247 6827 8827
3840 2560 3967 2687 6566 8566
640 5632 767 5759 4495 6495
256 1280 383 1407 3845 5845
3328 4224 3455 4351 3837 5837
3328 3584 3455 3711 5282 7282
1664 2432 1791 2559 5192 7192
2048 1024 2175 1151 6866 8866
2560 5632 2687 5759 4883 6883
384 3968 511 4095 3673 5673
3456 5632 3583 5759 4771 6771
3840 1280 3967 1407 6714 8714
256 3584 383 3711 5684 7684
1280 256 1407 383 4957 6957
3200 1408 3327 1535 4225 6225
1024 1792 1151 1919 4071 6071
2304 3328 2431 3455 3499 5499
1280 3200 1407 3327 6406 8406
256 1152 383 1279 6222 8222
0 128 127 255 6011 8011
3840 1664 3967 1791 6165 8165
384 4480 511 4607 4105 6105
1024 512 1151 639 4333 6333
2944 1408 3071 1535 3550 5550
2432 1920 2559 2047 4689 6689
640 1152 767 1279 4980 6980
2816 5632 2943 5759 6304 8304
3456 4096 3583 4223 6828 8828
3328 4992 3455 5119 6086 8086
1536 1152 1663 1279 5194 7194
1536 2048 1663 2175 4511 6511
3200 1920 3327 2047 4100 6100
0 384 127 511 4620 6620
1792 5504 1919 5631 5635 7635
1152 5248 1279 5375 4574 6574
0 1792 127 1919 5086 7086
2688 5376 2815 5503 3778 5778
2944 4992 3071 5119 4722 6722
2304 256 2431 383 4812 6812
768 3200 895 3327 3617 5617
2688 2432 2815 2559 5025 7025
1664 1280 1791 1407 4539 6539
640 0 767 127 6960 8960
3200 4608 3327 4735 5665 7665
3456 2688 3583 2815 4452 6452
3456 4224 3583 4351 4045 6045
2560 1792 2687 1919 6366 8366
2432 5504 2559 5631 4580 6580
2560 4352 2687 4479 5407 7407
512 2176 639 2303 3775 5775
3072 4736 3199 4863 3451 5451
3072 5376 3199 5503 4432 6432
1280 4736 1407 4863 6606 8606
3072 2432 3199 2559 6509 8509
1024 0 1151 127 6707 8707
3840 512 3967 639 4155 6155
1664 5120 1791 5247 4350 6350
0 3968 127 4095 5872 7872
1408 1664 1535 1791 5939 7939
3328 2048 3455 2175 7065 9065
256 4224 383 4351 6022 8022
2176 2688 2303 2815 7079 9079
2432 768 2559 895 4026 6026
2816 2176 2943 2303 3502 5502
2048 4480 2175 4607 3902 5902
1280 768 1407 895 3556 5556
1664 2816 1791 2943 3544 5544
3584 128 3711 255 6405 8405
1536 896 1663 1023 4908 6908
1152 2048 1279 2175 4985 6985
640 256 767 383 6651 8651
0 896 127 1023 4889 6889
2176 384 2303 511 4481 6481
768 4096 895 4223 6471 8471
1920 1792 2047 1919 3414 5414
2048 256 2175 383 3889 5889
2048 4864 2175 4991 5472 7472
2816 2944 2943 3071 4736 6736
1408 5632 1535 5759 5099 7099
3072 1920 3199 2047 3739 5739
1536 4736 1663 4863 5141 7141
3456 256 3583 383 3506 5506
3584 3072 3711 3199 6896 8896
1920 1664 2047 1791 6703 8703
2688 4096 2815 4223 6645 8645
1152 4352 1279 4479 6463 8463
384 4224 511 4351 3718 5718
2304 4480 2431 4607 3855 5855
2560 3072 2687 3199 3522 5522
1408 1920 1535 2047 4614 6614
896 1792 1023 1919 5876 7876
256 3328 383 3455 6173 8173
1664 1920 1791 2047 6649 8649
1536 640 1663 767 6531 8531
3328 3328 3455 3455 4631 6631
640 1280 767 1407 3411 5411
256 3840 383 3967 5044 7044
1536 1280 1663 1407 4804 6804
3328 2688 3455 2815 6445 8445
3072 3200 3199 3327 6581 8581
3328 1792 3455 1919 4746 6746
512 5248 639 5375 5956 7956
2816 0 2943 127 6426 8426
1792 1408 1919 1535 4183 6183
2432 4096 2559 4223 3614 5614
256 2816 383 2943 4796 6796
2304 1792 2431 1919 4701 6701
1792 0 1919 127 5715 7715
512 2048 639 2175 6162 8162
512 3200 639 3327 6429 8429
1408 4096 1535 4223 6083 8083
3072 2816 3199 2943 6259 8259
640 768 767 895 4892 6892
2944 1664 3071 1791 4166 6166
512 2560 639 2687 5822 7822
0 1024 127 1151 4397 6397
1280 4480 1407 4607 5586 7586
1152 4096 1279 4223 4496 6496
1920 2304 2047 2431 6977 8977
2048 3968 2175 4095 5737 7737
1536 3840 1663 3967 4066 6066
1920 1408 2047 1535 5713 7713
3584 512 3711 639 6867 8867
2688 3584 2815 3711 3576 5576
3072 2304 3199 2431 3432 5432
3584 1792 3711 1919 6454 8454
128 2176 255 2303 5712 7712
768 896 895 1023 5105 7105
3072 1536 3199 1663 4119 6119
3072 3456 3199 3583 5018 7018
640 1920 767 2047 6642 8642
3840 1792 3967 1919 3821 5821
256 4096 383 4223 5930 7930
2304 1280 2431 1407 5928 7928
3456 640 3583 767 4633 6633
2944 4736 3071 4863 4501 6501
3200 128 3327 255 3584 5584
3072 4480 3199 4607 4290 6290
2560 3584 2687 3711 6845 8845
2944 3328 3071 3455 4702 6702
2560 1664 2687 1791 3580 5580
3072 640 3199 767 4116 6116
128 5376 255 5503 3821 5821
3456 1280 3583 1407 3428 5428
384 2432 511 2559 4911 6911
128 5504 255 5631 4599 6599
1408 4224 1535 4351 4454 6454
2176 3584 2303 3711 7126 9126
384 3584 511 3711 4052 6052
3328 1024 3455 1151 4291 6291
1280 3328 1407 3455 4051 6051
1792 1920 1919 2047 4747 6747
3200 3200 3327 3327 6633 8633
1024 256 1151 383 5874 7874
3328 3456 3455 3583 4952 6952
256 2688 383 2815 6694 8694
256 1024 383 1151 5188 7188
1536 3328 1663 3455 3525 5525
2944 128 3071 255 6755 8755
384 4736 511 4863 5936 7936
0 4608 127 4735 3499 5499
256 2432 383 2559 6257 8257
384 4992 511 5119 4713 6713
1664 3712 1791 3839 4385 6385
768 3456 895 3583 3372 5372
1152 3328 1279 3455 4302 6302
2176 2560 2303 2687 5515 7515
2048 1280 2175 1407 5682 7682
2560 1920 2687 2047 5222 7222
640 2304 767 2431 3548 5548
1408 3968 1535 4095 7013 9013
2944 3712 3071 3839 3758 5758
2816 2432 2943 2559 4293 6293
3072 2560 3199 2687 5791 7791
1152 2688 1279 2815 3815 5815
2432 4992 2559 5119 4160 6160
3712 2688 3839 2815 5346 7346
1920 384 2047 511 4898 6898
1152 5376 1279 5503 4147 6147
1920 5504 2047 5631 6027 8027
256 4480 383 4607 4145 6145
1536 768 1663 895 6923 8923
3712 2432 3839 2559 3635 5635
3840 3840 3967 3967 5734 7734
3840 640 3967 767 5657 7657
1920 2560 2047 2687 3543 5543
1152 4992 1279 5119 5289 7289
1152 4864 1279 4991 3705 5705
3072 768 3199 895 5793 7793
3456 768 3583 895 7000 9000
2304 3584 2431 3711 4598 6598
2944 5504 3071 5631 5921 7921
1792 5120 1919 5247 6118 8118
3072 4352 3199 4479 5940 7940
384 1280 511 1407 5263 7263
512 4224 639 4351 6119 8119
3712 128 3839 255 5199 7199
896 2816 1023 2943 3638 5638
2816 3456 2943 3583 4661 6661
3200 4224 3327 4351 7050 9050
2688 4608 2815 4735 5911 7911
1152 128 1279 255 6631 8631
640 1024 767 1151 3668 5668
1152 4480 1279 4607 6833 8833
1024 1408 1151 1535 3609 5609
512 1408 639 1535 4112 6112
2688 3968 2815 4095 3854 5854
2048 5248 2175 5375 5584 7584
3200 5632 3327 5759 3966 5966
384 640 511 767 6726 8726
256 896 383 1023 4472 6472
2048 1792 2175 1919 4740 6740
0 4992 127 5119 4836 6836
2944 2944 3071 3071 6832 8832
2176 4992 2303 5119 7103 9103
3584 2944 3711 3071 7122 9122
256 5376 383 5503 7004 9004
1920 3200 2047 3327 3579 5579
2432 3328 2559 3455 5783 7783
3712 2304 3839 2431 5658 7658
2944 2432 3071 2559 3440 5440
2560 5504 2687 5631 7010 9010
896 5504 1023 5631 6535 8535
0 4096 127 4223 4514 6514
1920 2176 2047 2303 4138 6138
3840 2944 3967 3071 4658 6658
128 896 255 1023 3493 5493
3584 384 3711 511 4293 6293
896 5120 1023 5247 7022 9022
1920 4736 2047 4863 6880 8880
2304 2688 2431 2815 4203 6203
384 5632 511 5759 5793 7793
640 640 767 767 4698 6698
1536 5376 1663 5503 6596 8596
2176 256 2303 383 3814 5814
2560 2560 2687 2687 4936 6936
768 1408 895 1535 3568 5568
2816 3712 2943 3839 6393 8393
1792 2304 1919 2431 5476 7476
2432 1792 2559 1919 6259 8259
640 2560 767 2687 4306 6306
384 256 511 383 6577 8577
2432 0 2559 127 3859 5859
768 2048 895 2175 5771 7771
1024 1920 1151 2047 6269 8269
2176 5248 2303 5375 5918 7918
896 3328 1023 3455 5753 7753
3200 4736 3327 4863 4461 6461
1280 2048 1407 2175 4454 6454
2688 2304 2815 2431 6492 8492
2944 2560 3071 2687 5075 7075
1024 2944 1151 3071 4523 6523
3456 4864 3583 4991 4690 6690
2944 0 3071 127 4470 6470
3584 4608 3711 4735 5666 7666
1920 4864 2047 4991 3784 5784
3328 5632 3455 5759 4085 6085
3456 2048 3583 2175 4115 6115
1408 5504 1535 5631 4706 6706
512 3456 639 3583 3967 5967
1408 3456 1535 3583 5951 7951
3840 4480 3967 4607 5538 7538
512 5120 639 5247 4716 6716
1920 512 2047 639 5605 7605
1024 768 1151 895 4994 6994
768 4352 895 4479 3486 5486
1408 384 1535 511 3401 5401
2176 896 2303 1023 3518 5518
2304 4864 2431 4991 6508 8508
2304 3072 2431 3199 5507 7507
0 0 127 127 6406 8406
896 2176 1023 2303 3674 5674
2816 5120 2943 5247 7040 9040
640 5376 767 5503 5221 7221
1024 1664 1151 1791 4401 6401
1152 0 1279 127 4497 6497
3840 4096 3967 4223 6095 8095
640 4352 767 4479 5110 7110
3328 512 3455 639 3914 5914
0 3584 127 3711 3409 5409
896 1664 1023 1791 4463 6463
384 2048 511 2175 5618 7618
512 512 639 639 6657 8657
1280 3712 1407 3839 5782 7782
1920 3072 2047 3199 6717 8717
2944 640 3071 767 3510 5510
0 2688 127 2815 6195 8195
1152 512 1279 639 3662 5662
1024 1536 1151 1663 4255 6255
3584 2048 3711 2175 3761 5761
1152 3072 1279 3199 6354 8354
1792 4224 1919 4351 5162 7162
3200 5376 3327 5503 4255 6255
1664 2560 1791 2687 6027 8027
3712 256 3839 383 3628 5628
1408 4608 1535 4735 4205 6205
3712 5248 3839 5375 6142 8142
1152 4736 1279 4863 5754 7754
2304 3456 2431 3583 4352 6352
1408 640 1535 767 3838 5838
2944 768 3071 895 6217 8217
0 3072 127 3199 5714 7714
2944 4352 3071 4479 6237 8237
2048 1408 2175 1535 6118 8118
1024 3328 1151 3455 3795 5795
256 1536 383 1663 3499 5499
2688 1024 2815 1151 5571 7571
1792 3456 1919 3583 6519 8519
384 1792 511 1919 3565 5565
2048 1920 2175 2047 6114 8114
1152 2816 1279 2943 4885 6885
1152 1536 1279 1663 4657 6657
3072 1152 3199 1279 4592 6592
2816 4480 2943 4607 4402 6402
0 1280 127 1407 5395 7395
3840 2432 3967 2559 6265 8265
2176 4096 2303 4223 4542 6542
3456 1664 3583 1791 6546 8546
128 1024 255 1151 4884 6884
640 384 767 511 3753 5753
1280 512 1407 639 5263 7263
3200 2816 3327 2943 4098 6098
3200 3072 3327 3199 3871 5871
2048 1664 2175 1791 6147 8147
896 4480 1023 4607 5081 7081
2560 2048 2687 2175 4128 6128
3200 2304 3327 2431 6981 8981
2304 4608 2431 4735 6180 8180
896 3200 1023 3327 4839 6839
1792 896 1919 1023 6289 8289
2176 4864 2303 4991 4974 6974
0 2944 127 3071 3916 5916
2176 768 2303 895 4863 6863
1152 3584 1279 3711 4071 6071
1920 0 2047 127 4990 6990
2944 4608 3071 4735 3614 5614
1920 5632 2047 5759 6295 8295
2816 2048 2943 2175 3421 5421
1408 1024 1535 1151 6763 8763
1792 512 1919 639 6490 8490
384 128 511 255 4491 6491
1792 2176 1919 2303 6604 8604
1664 4224 1791 4351 6103 8103
256 512 383 639 5712 7712
384 1920 511 2047 3866 5866
3200 3840 3327 3967 4359 6359
1664 4480 1791 4607 6934 8934
1664 4096 1791 4223 7133 9133
1536 2944 1663 3071 5861 7861
3072 2176 3199 2303 4678 6678
3840 3072 3967 3199 5842 7842
2304 2944 2431 3071 3985 5985
3840 3584 3967 3711 3732 5732
3840 0 3967 127 6343 8343
512 4992 639 5119 5088 7088
1664 2048 1791 2175 5443 7443
2304 1664 2431 1791 5427 7427
3584 1664 3711 1791 7026 9026
3200 4864 3327 4991 4483 6483
1792 640 1919 767 6895 8895
3584 4480 3711 4607 6175 8175
2560 256 2687 383 6086 8086
896 3456 1023 3583 5768 7768
2816 5248 2943 5375 5995 7995
1536 4480 1663 4607 5113 7113
3328 1408 3455 1535 3618 5618
384 5120 511 5247 6238 8238
3200 5504 3327 5631 4269 6269
3072 512 3199 639 5765 7765
256 1792 383 1919 4188 6188
2176 1536 2303 1663 5715 7715
3712 2048 3839 2175 5212 7212
1280 5504 1407 5631 3652 5652
2048 4224 2175 4351 6774 8774
2304 1152 2431 1279 5881 7881
1664 768 1791 895 6244 8244
0 768 127 895 3993 5993
2816 1792 2943 1919 5675 7675
768 2432 895 2559 6237 8237
2560 896 2687 1023 4811 6811
2816 3328 2943 3455 6982 8982
512 3968 639 4095 4940 6940
2048 5504 2175 5631 5425 7425
3712 4736 3839 4863 3574 5574
896 1408 1023 1535 6239 8239
2176 2816 2303 2943 5469 7469
2176 1152 2303 1279 5646 7646
128 1152 255 1279 4526 6526
128 4992 255 5119 5355 7355
1024 4992 1151 5119 5085 7085
768 1664 895 1791 6378 8378
1024 5632 1151 5759 6487 8487
2816 768 2943 895 6127 8127
384 1536 511 1663 5006 7006
1664 3328 1791 3455 5342 7342
2176 4480 2303 4607 4101 6101
1664 5376 1791 5503 3580 5580
2816 1280 2943 1407 6536 8536
2688 640 2815 767 7095 9095
1920 1920 2047 2047 4301 6301
1024 1024 1151 1151 3585 5585
0 3328 127 3455 3997 5997
2688 3840 2815 3967 6143 8143
2048 3328 2175 3455 5962 7962
640 4096 767 4223 3631 5631
1536 5632 1663 5759 4884 6884
2816 1024 2943 1151 5066 7066
2432 1536 2559 1663 6350 8350
128 5632 255 5759 3419 5419
2560 4096 2687 4223 4164 6164
2688 1536 2815 1663 4021 6021
640 5504 767 5631 7030 9030
3328 256 3455 383 4060 6060
1408 3200 1535 3327 4402 6402
2688 3072 2815 3199 5560 7560
3840 1024 3967 1151 6928 8928
512 384 639 511 6500 8500
256 2944 383 3071 4067 6067
256 1408 383 1535 6410 8410
0 1536 127 1663 4716 6716
2944 4224 3071 4351 4108 6108
1792 3072 1919 3199 5648 7648
1536 3712 1663 3839 6159 8159
3456 1920 3583 2047 6865 8865
1280 3840 1407 3967 5610 7610
3712 5376 3839 5503 6457 8457
0 5248 127 5375 5922 7922
3712 1920 3839 2047 5820 7820
1280 2176 1407 2303 5853 7853
1792 384 1919 511 5877 7877
384 5504 511 5631 5077 7077
640 4480 767 4607 4394 6394
2816 4864 2943 4991 4830 6830
384 384 511 511 4080 6080
1280 3968 1407 4095 6986 8986
2048 2048 2175 2175 5090 7090
384 2688 511 2815 3920 5920
256 256 383 383 4912 6912
3840 5504 3967 5631 4300 6300
2944 1152 3071 1279 3968 5968
3328 1152 3455 1279 4032 6032
1664 5248 1791 5375 7046 9046
1408 2432 1535 2559 5954 7954
128 4096 255 4223 6817 8817
1280 1024 1407 1151 4308 6308
0 1664 127 1791 4375 6375
1152 1024 1279 1151 4932 6932
2176 5632 2303 5759 3669 5669
1536 3072 1663 3199 3398 5398
3584 3968 3711 4095 4203 6203
2304 5248 2431 5375 7110 9110
3200 256 3327 383 6231 8231
2688 896 2815 1023 6480 8480
1536 2432 1663 2559 4456 6456
1920 4096 2047 4223 5956 7956
3840 5120 3967 5247 4951 6951
256 4864 383 4991 3773 5773
1536 2560 1663 2687 6834 8834
1664 1792 1791 1919 5727 7727
3200 896 3327 1023 4582 6582
1792 5248 1919 5375 3898 5898
768 5504 895 5631 3664 5664
2432 2176 2559 2303 5606 7606
2304 768 2431 895 5357 7357
2816 2560 2943 2687 4374 6374
2048 384 2175 511 3779 5779
128 128 255 255 5404 7404
2944 2304 3071 2431 7019 9019
1024 5376 1151 5503 3647 5647
3712 2560 3839 2687 6333 8333
896 5376 1023 5503 3848 5848
2688 5248 2815 5375 6405 8405
1408 4352 1535 4479 4567 6567
1152 1664 1279 1791 4758 6758
0 3840 127 3967 6082 8082
1408 1152 1535 1279 5504 7504
1792 1792 1919 1919 4089 6089
2816 2304 2943 2431 3875 5875
896 1536 1023 1663 4129 6129
2816 4736 2943 4863 6212 8212
768 3968 895 4095 4707 6707
2560 3712 2687 3839 6195 8195
1152 5120 1279 5247 5304 7304
3328 2816 3455 2943 6143 8143
1408 3712 1535 3839 5607 7607
3840 3328 3967 3455 6216 8216
2304 4096 2431 4223 6050 8050
2560 3968 2687 4095 6009 8009
2560 1408 2687 1535 5911 7911
1664 2176 1791 2303 4637 6637
2432 3840 2559 3967 5548 7548
2816 640 2943 767 4765 6765
3456 2176 3583 2303 7027 9027
3712 3200 3839 3327 4014 6014
3456 4480 3583 4607 6752 8752
3200 3712 3327 3839 6357 8357
2432 4864 2559 4991 6518 8518
1024 4096 1151 4223 5016 7016
1408 512 1535 639 6236 8236
512 3328 639 3455 6794 8794
2688 1792 2815 1919 6305 8305
2944 2048 3071 2175 6713 8713
512 1920 639 2047 4386 6386
2304 5632 2431 5759 3732 5732
1792 3968 1919 4095 6428 8428
1152 2432 1279 2559 7098 9098
128 3456 255 3583 4193 6193
1408 3584 1535 3711 5473 7473
2560 0 2687 127 5929 7929
2304 1024 2431 1151 7047 9047
768 384 895 511 4546 6546
896 4608 1023 4735 5592 7592
1536 2304 1663 2431 4430 6430
1408 1280 1535 1407 4806 6806
1152 2560 1279 2687 4595 6595
3328 128 3455 255 6666 8666
2688 1280 2815 1407 3882 5882
384 2304 511 2431 5602 7602
2816 3072 2943 3199 5536 7536
384 3072 511 3199 4749 6749
2688 3200 2815 3327 6868 8868
2048 4736 2175 4863 6040 8040
1536 0 1663 127 6144 8144
3328 5376 3455 5503 6755 8755
256 4992 383 5119 6683 8683
128 2560 255 2687 4083 6083
384 896 511 1023 5972 7972
3328 2432 3455 2559 4388 6388
256 4736 383 4863 5728 7728
2432 5248 2559 5375 5069 7069
1792 2816 1919 2943 6138 8138
2304 2176 2431 2303 6989 8989
2048 2816 2175 2943 6738 8738
0 4864 127 4991 3385 5385
2560 4480 2687 4607 5678 7678
256 2304 383 2431 4353 6353
1920 4608 2047 4735 7112 9112
2816 4352 2943 4479 6500 8500
1536 4992 1663 5119 6456 8456
3200 3584 3327 3711 4228 6228
2944 1024 3071 1151 4734 6734
896 4992 1023 5119 5958 7958
3840 3712 3967 3839 6449 8449
2560 5248 2687 5375 5793 7793
2432 2432 2559 2559 3624 5624
2560 2304 2687 2431 6000 8000
256 5504 383 5631 5320 7320
3712 4352 3839 4479 6231 8231
2048 2688 2175 2815 4462 6462
1664 640 1791 767 5812 7812
1152 5504 1279 5631 5937 7937
2688 2816 2815 2943 6287 8287
1536 4352 1663 4479 4712 6712
2688 4736 2815 4863 7037 9037
3584 256 3711 383 4229 6229
2944 5632 3071 5759 6351 8351
384 1152 511 1279 3980 5980
2432 3968 2559 4095 5158 7158
2048 2432 2175 2559 5695 7695
2176 1408 2303 1535 4664 6664
0 512 127 639 6856 8856
1664 256 1791 383 4693 6693
2048 768 2175 895 6609 8609
0 3456 127 3583 4781 6781
1536 3456 1663 3583 4707 6707
2688 5120 2815 5247 5147 7147
384 4352 511 4479 4091 6091
1920 1024 2047 1151 6775 8775
1408 256 1535 383 6603 8603
1920 5248 2047 5375 3407 5407
384 2560 511 2687 3863 5863
3456 3328 3583 3455 4198 6198
1408 4480 1535 4607 5994 7994
384 5248 511 5375 5268 7268
1664 4864 1791 4991 6620 8620
3584 2176 3711 2303 4574 6574
1792 3584 1919 3711 4129 6129
2432 1280 2559 1407 6896 8896
3072 3840 3199 3967 3665 5665
1664 1664 1791 1791 3547 5547
1792 2944 1919 3071 3895 5895
3200 640 3327 767 6231 8231
2560 3200 2687 3327 6463 8463
1024 384 1151 511 3563 5563
3456 3072 3583 3199 4455 6455
3712 3840 3839 3967 3553 5553
1024 5248 1151 5375 4870 6870
128 2304 255 2431 5064 7064
3584 2688 3711 2815 3667 5667
1536 3584 1663 3711 3425 5425
2560 768 2687 895 4684 6684
2560 4224 2687 4351 5479 7479
3840 5376 3967 5503 4748 6748
2560 3328 2687 3455 4154 6154
2560 5120 2687 5247 6889 8889
2816 3584 2943 3711 6084 8084
3840 2176 3967 2303 4257 6257
3456 4992 3583 5119 5936 7936
1280 4352 1407 4479 5720 7720
640 1408 767 1535 3721 5721
2816 1664 2943 1791 5972 7972
3200 1792 3327 1919 4539 6539
256 2560 383 2687 4548 6548
3584 2432 3711 2559 6922 8922
768 2816 895 2943 6437 8437
1920 5120 2047 5247 6124 8124
512 256 639 383 6452 8452
2944 4480 3071 4607 5522 7522
3456 1536 3583 1663 4208 6208
2816 512 2943 639 6747 8747
768 4992 895 5119 5698 7698
2176 3840 2303 3967 4732 6732
2688 1152 2815 1279 4165 6165
3840 1408 3967 1535 7118 9118
128 640 255 767 4925 6925
3584 1920 3711 2047 5250 7250
3072 4224 3199 4351 5627 7627
1280 1152 1407 1279 4751 6751
896 768 1023 895 5270 7270
512 3712 639 3839 5923 7923
1664 3584 1791 3711 4806 6806
3328 3712 3455 3839 4911 6911
640 2432 767 2559 4262 6262
1920 896 2047 1023 6183 8183
3328 2304 3455 2431 4021 6021
3456 5120 3583 5247 6107 8107
0 4352 127 4479 3454 5454
3072 1280 3199 1407 4907 6907
3072 4864 3199 4991 4904 6904
3840 1920 3967 2047 5803 7803
896 5632 1023 5759 5257 7257
0 5376 127 5503 5832 7832
640 896 767 1023 5299 7299
2048 4608 2175 4735 4761 6761
1664 2944 1791 3071 3942 5942
896 1024 1023 1151 4596 6596
3584 4736 3711 4863 3746 5746
3200 512 3327 639 7023 9023
3456 128 3583 255 6747 8747
2432 5632 2559 5759 4583 6583
2048 896 2175 1023 4957 6957
3584 4224 3711 4351 3632 5632
1920 3840 2047 3967 4271 6271
2560 512 2687 639 4079 6079
3072 0 3199 127 5706 7706
1408 3072 1535 3199 4152 6152
2176 3712 2303 3839 4285 6285
3712 3072 3839 3199 4193 6193
3328 896 3455 1023 5533 7533
128 3712 255 3839 4511 6511
3200 2944 3327 3071 6745 8745
0 1408 127 1535 6968 8968
640 2688 767 2815 6051 8051
512 4608 639 4735 5963 7963
3840 2816 3967 2943 4338 6338
896 2304 1023 2431 5028 7028
896 0 1023 127 4931 6931
3712 2816 3839 2943 4421 6421
3584 3456 3711 3583 6565 8565
640 3712 767 3839 4791 6791
3200 1152 3327 1279 6854 8854
3456 512 3583 639 6778 8778
1024 640 1151 767 3483 5483
256 4608 383 4735 5013 7013
2176 1792 2303 1919 4400 6400
2432 1152 2559 1279 6150 8150
2944 4096 3071 4223 4565 6565
3328 4736 3455 4863 6871 8871
2432 2944 2559 3071 6034 8034
3712 1408 3839 1535 6268 8268
1536 3968 1663 4095 4314 6314
3456 2816 3583 2943 5947 7947
2560 5376 2687 5503 4856 6856
1024 2432 1151 2559 3541 5541
2560 4608 2687 4735 6655 8655
2944 2176 3071 2303 3423 5423
256 3456 383 3583 4323 6323
3328 4608 3455 4735 3800 5800
128 512 255 639 4245 6245
768 2560 895 2687 4812 6812
2432 512 2559 639 4941 6941
2304 640 2431 767 5947 7947
512 128 639 255 4640 6640
2432 3712 2559 3839 5948 7948
896 4864 1023 4991 6866 8866
3456 5248 3583 5375 5607 7607
3584 2560 3711 2687 3837 5837
512 1792 639 1919 4657 6657
1152 1280 1279 1407 6657 8657
3584 3200 3711 3327 5358 7358
1792 4608 1919 4735 4404 6404
1536 5248 1663 5375 4698 6698
1024 2560 1151 2687 4996 6996
3584 640 3711 767 6613 8613
1024 3072 1151 3199 4667 6667
128 4480 255 4607 6025 8025
3456 3456 3583 3583 5623 7623
2560 2688 2687 2815 4188 6188
0 1920 127 2047 4083 6083
2560 384 2687 511 6613 8613
3200 2432 3327 2559 7085 9085
2048 128 2175 255 5026 7026
896 640 1023 767 5421 7421
1664 5632 1791 5759 6898 8898
3712 4992 3839 5119 3524 5524
768 2944 895 3071 4936 6936
2432 384 2559 511 6950 8950
1664 5504 1791 5631 6572 8572
128 5248 255 5375 3693 5693
384 3840 511 3967 4055 6055
1408 4992 1535 5119 4244 6244
1024 3200 1151 3327 3590 5590
768 2176 895 2303 4958 6958
2048 3584 2175 3711 3840 5840
1920 2816 2047 2943 6167 8167
512 4096 639 4223 4685 6685
2176 1280 2303 1407 6076 8076
1024 2304 1151 2431 6633 8633
896 896 1023 1023 4298 6298
3712 0 3839 127 3920 5920
1408 5376 1535 5503 6947 8947
2048 4352 2175 4479 5332 7332
1536 4224 1663 4351 3575 5575
3200 2048 3327 2175 4804 6804
2688 4224 2815 4351 4805 6805
896 2432 1023 2559 6967 8967
768 2304 895 2431 5785 7785
2688 512 2815 639 7057 9057
3200 2688 3327 2815 6112 8112
2304 2304 2431 2431 6498 8498
3456 3840 3583 3967 6531 8531
2688 256 2815 383 4384 6384
2432 128 2559 255 6480 8480
768 5376 895 5503 6908 8908
3456 1408 3583 1535 4142 6142
896 2560 1023 2687 6633 8633
1024 4352 1151 4479 4704 6704
768 640 895 767 3952 5952
1792 3200 1919 3327 6065 8065
2688 4480 2815 4607 7122 9122
2304 3840 2431 3967 6733 8733
2560 2816 2687 2943 5265 7265
2176 1024 2303 1151 3572 5572
1024 4736 1151 4863 4551 6551
1664 896 1791 1023 5734 7734
768 3584 895 3711 6369 8369
1536 512 1663 639 5865 7865
512 4352 639 4479 6766 8766
1664 4736 1791 4863 4189 6189
1920 2432 2047 2559 5120 7120
384 5376 511 5503 3547 5547
1280 2944 1407 3071 3997 5997
1920 768 2047 895 7081 9081
3328 1536 3455 1663 5847 7847
2560 4992 2687 5119 3757 5757
2560 3456 2687 3583 4746 6746
3328 1664 3455 1791 4001 6001
1280 4992 1407 5119 6171 8171
3840 1152 3967 1279 6759 8759
2176 3072 2303 3199 6742 8742
896 2944 1023 3071 5529 7529
1536 4608 1663 4735 4477 6477
3712 1024 3839 1151 3987 5987
2944 3840 3071 3967 6966 8966
2816 1152 2943 1279 4245 6245
640 2048 767 2175 4758 6758
2560 3840 2687 3967 4786 6786
3072 3712 3199 3839 3906 5906
3840 4352 3967 4479 5340 7340
2816 256 2943 383 3712 5712
2176 128 2303 255 3888 5888
640 2816 767 2943 7029 9029
3840 5248 3967 5375 5606 7606
3840 256 3967 383 4090 6090
2048 5376 2175 5503 4440 6440
3584 2816 3711 2943 6297 8297
1280 2688 1407 2815 5415 7415
128 3584 255 3711 5262 7262
2816 1408 2943 1535 5923 7923
1920 3584 2047 3711 4560 6560
1152 256 1279 383 7011 9011
1024 4608 1151 4735 4426 6426
2048 1152 2175 1279 3513 5513
1408 2176 1535 2303 6952 8952
3584 3584 3711 3711 6902 8902
1920 1280 2047 1407 3899 5899
0 1152 127 1279 6654 8654
2176 3200 2303 3327 3764 5764
2432 2816 2559 2943 5027 7027
2816 5376 2943 5503 4600 6600
3072 384 3199 511 5462 7462
0 2176 127 2303 5512 7512
2176 5504 2303 5631 5707 7707
