1000
2877 1531 3077 1731 3965 5965
4879 746 5079 946 4257 6257
316 509 516 709 3724 5724
3108 1668 3308 1868 5447 7447
2131 133 2331 333 6202 8202
3108 1410 3308 1610 5630 7630
2515 2490 2715 2690 6095 8095
3457 924 3657 1124 5945 7945
585 558 785 758 5950 7950
5055 595 5255 795 3838 5838
570 2861 770 3061 5594 7594
4051 2940 4251 3140 4957 6957
2621 3473 2821 3673 7067 9067
3556 2299 3756 2499 4860 6860
5075 1 5275 201 6582 8582
3842 759 4042 959 6673 8673
3956 808 4156 1008 4909 6909
2641 2817 2841 3017 6228 8228
1979 123 2179 323 3708 5708
3974 1247 4174 1447 5866 7866
1178 1802 1378 2002 3787 5787
3119 3157 3319 3357 4944 6944
4795 352 4995 552 4641 6641
4367 923 4567 1123 5177 7177
2105 3680 2305 3880 4259 6259
3783 1774 3983 1974 6042 8042
165 5 365 205 6050 8050
1330 1035 1530 1235 3675 5675
3431 2120 3631 2320 5995 7995
4623 2541 4823 2741 5737 7737
4080 46 4280 246 3740 5740
4678 3031 4878 3231 4789 6789
5579 838 5779 1038 5580 7580
1459 1579 1659 1779 6888 8888
915 2382 1115 2582 7020 9020
438 3380 638 3580 5040 7040
3059 2183 3259 2383 5302 7302
5502 1281 5702 1481 5089 7089
18 860 218 1060 4879 6879
3962 3747 4162 3947 3906 5906
5392 2198 5592 2398 4310 6310
4878 605 5078 805 6642 8642
753 378 953 578 5372 7372
1128 449 1328 649 5870 7870
3994 1588 4194 1788 6279 8279
2993 3056 3193 3256 3945 5945
2043 280 2243 480 4689 6689
4948 1672 5148 1872 5859 7859
2992 1707 3192 1907 6964 8964
3870 2778 4070 2978 6247 8247
200 1594 400 1794 6626 8626
4365 1487 4565 1687 4747 6747
2562 283 2762 483 5954 7954
5151 3666 5351 3866 6074 8074
5065 2687 5265 2887 3567 5567
4485 289 4685 489 6437 8437
1477 1253 1677 1453 4798 6798
1772 2577 1972 2777 6772 8772
907 3764 1107 3964 5124 7124
2464 863 2664 1063 6248 8248
5199 1748 5399 1948 7068 9068
2062 1133 2262 1333 4185 6185
3295 1310 3495 1510 6555 8555
3120 1586 3320 1786 3407 5407
2996 1270 3196 1470 5796 7796
3764 474 3964 674 4392 6392
219 2579 419 2779 4632 6632
835 3696 1035 3896 6774 8774
5625 1307 5825 1507 4999 6999
3249 1604 3449 1804 6257 8257
3235 731 3435 931 3969 5969
5333 2419 5533 2619 6611 8611
3065 1202 3265 1402 4053 6053
2899 3529 3099 3729 6255 8255
172 3779 372 3979 4411 6411
4518 1269 4718 1469 3523 5523
2008 586 2208 786 5840 7840
250 2012 450 2212 5564 7564
4194 2677 4394 2877 6856 8856
5472 1228 5672 1428 6196 8196
2391 1234 2591 1434 6459 8459
564 488 764 688 5035 7035
4583 478 4783 678 3725 5725
5500 3018 5700 3218 6783 8783
2826 2640 3026 2840 3934 5934
1550 2824 1750 3024 5007 7007
667 797 867 997 5531 7531
1503 874 1703 1074 5260 7260
113 1832 313 2032 5500 7500
3046 1364 3246 1564 4658 6658
1484 1863 1684 2063 5610 7610
551 1278 751 1478 6189 8189
2308 2273 2508 2473 3863 5863
4485 2358 4685 2558 5164 7164
4410 3118 4610 3318 6781 8781
5079 2024 5279 2224 5698 7698
4691 1081 4891 1281 5032 7032
3314 2868 3514 3068 3948 5948
1782 3480 1982 3680 4599 6599
81 3484 281 3684 6519 8519
1460 2216 1660 2416 3382 5382
3361 2676 3561 2876 5420 7420
5477 2744 5677 2944 4568 6568
5155 3622 5355 3822 5275 7275
5295 1239 5495 1439 5408 7408
352 3173 552 3373 6007 8007
485 2354 685 2554 3454 5454
2061 1637 2261 1837 3989 5989
5178 25 5378 225 4361 6361
2901 936 3101 1136 6384 8384
626 1056 826 1256 5345 7345
593 90 793 290 4331 6331
3517 1587 3717 1787 5430 7430
2547 694 2747 894 5227 7227
3185 3491 3385 3691 5461 7461
2387 3485 2587 3685 6696 8696
1855 1230 2055 1430 5126 7126
2181 2855 2381 3055 5006 7006
4716 1632 4916 1832 4457 6457
3931 926 4131 1126 5608 7608
2950 1360 3150 1560 4305 6305
3105 998 3305 1198 4883 6883
4947 2649 5147 2849 4717 6717
5219 2516 5419 2716 5973 7973
2538 686 2738 886 7098 9098
1465 278 1665 478 3964 5964
1288 2577 1488 2777 6859 8859
1133 3334 1333 3534 5714 7714
4086 1615 4286 1815 5298 7298
800 1692 1000 1892 6839 8839
2485 188 2685 388 4275 6275
4962 109 5162 309 5155 7155
310 2602 510 2802 3989 5989
5136 2068 5336 2268 3649 5649
2031 2131 2231 2331 4788 6788
2007 1760 2207 1960 5675 7675
5264 2596 5464 2796 5177 7177
1005 3194 1205 3394 3377 5377
2649 2180 2849 2380 6759 8759
3941 2590 4141 2790 7102 9102
2216 820 2416 1020 3651 5651
3515 3257 3715 3457 4244 6244
2942 3130 3142 3330 6072 8072
3937 2816 4137 3016 4080 6080
3483 1480 3683 1680 3893 5893
4537 2611 4737 2811 3831 5831
3997 1355 4197 1555 3452 5452
3642 2741 3842 2941 6607 8607
5503 2763 5703 2963 5719 7719
3088 2313 3288 2513 5643 7643
178 47 378 247 4849 6849
5440 1128 5640 1328 4693 6693
4981 482 5181 682 6687 8687
3671 2290 3871 2490 6736 8736
938 2997 1138 3197 3673 5673
5113 1019 5313 1219 7089 9089
661 2705 861 2905 4597 6597
154 2291 354 2491 3455 5455
4649 3112 4849 3312 6006 8006
1234 1451 1434 1651 6638 8638
2142 2061 2342 2261 5474 7474
3990 1331 4190 1531 3418 5418
534 900 734 1100 3928 5928
3292 3370 3492 3570 4276 6276
552 939 752 1139 4740 6740
5476 1069 5676 1269 5064 7064
3224 1719 3424 1919 3783 5783
4475 3217 4675 3417 4799 6799
4744 1153 4944 1353 4350 6350
888 1510 1088 1710 5823 7823
2489 807 2689 1007 3740 5740
481 1395 681 1595 5919 7919
3946 1200 4146 1400 5694 7694
4542 342 4742 542 4094 6094
567 846 767 1046 3501 5501
1067 1183 1267 1383 4861 6861
4940 2433 5140 2633 4442 6442
4899 3682 5099 3882 6518 8518
4360 1600 4560 1800 6786 8786
3261 1220 3461 1420 5498 7498
4689 315 4889 515 7024 9024
3031 464 3231 664 5725 7725
3879 1263 4079 1463 4598 6598
780 185 980 385 3612 5612
2971 1791 3171 1991 6133 8133
183 737 383 937 4925 6925
3096 1842 3296 2042 6225 8225
1088 1740 1288 1940 7067 9067
5596 454 5796 654 5864 7864
4270 3365 4470 3565 3576 5576
3910 2052 4110 2252 5568 7568
1017 1640 1217 1840 6403 8403
5069 1188 5269 1388 6130 8130
5395 1598 5595 1798 5729 7729
5211 2438 5411 2638 4433 6433
4993 2377 5193 2577 5283 7283
4576 1746 4776 1946 4955 6955
1467 733 1667 933 3861 5861
66 285 266 485 5526 7526
5117 3087 5317 3287 3390 5390
508 3046 708 3246 5771 7771
86 971 286 1171 3827 5827
4182 2058 4382 2258 5549 7549
5458 1436 5658 1636 4472 6472
2817 3248 3017 3448 4664 6664
2391 3800 2591 4000 4583 6583
5246 1213 5446 1413 4046 6046
5118 983 5318 1183 4126 6126
1036 2990 1236 3190 4622 6622
3154 1234 3354 1434 4759 6759
3375 736 3575 936 5413 7413
671 3343 871 3543 4372 6372
3716 1177 3916 1377 6088 8088
5030 1572 5230 1772 4248 6248
5470 2445 5670 2645 6633 8633
2214 3316 2414 3516 6792 8792
1162 2652 1362 2852 6281 8281
5259 26 5459 226 6279 8279
4387 979 4587 1179 6715 8715
4065 3695 4265 3895 6313 8313
2923 875 3123 1075 4027 6027
4795 2966 4995 3166 5402 7402
4982 204 5182 404 6354 8354
2836 1380 3036 1580 5874 7874
3827 2021 4027 2221 4647 6647
1884 3034 2084 3234 5832 7832
1849 2256 2049 2456 3803 5803
2657 1435 2857 1635 6010 8010
133 3573 333 3773 5404 7404
5475 2146 5675 2346 4565 6565
1236 980 1436 1180 5183 7183
4770 851 4970 1051 4218 6218
4882 462 5082 662 5894 7894
189 339 389 539 6948 8948
1638 3450 1838 3650 4712 6712
766 3171 966 3371 4248 6248
38 3304 238 3504 3422 5422
4626 2791 4826 2991 4582 6582
2649 1084 2849 1284 5138 7138
859 1967 1059 2167 6341 8341
2258 1341 2458 1541 5810 7810
4657 1474 4857 1674 3914 5914
2858 1908 3058 2108 7097 9097
653 1550 853 1750 6768 8768
2996 441 3196 641 4228 6228
3999 1819 4199 2019 6508 8508
311 2137 511 2337 4049 6049
4225 1037 4425 1237 3531 5531
4076 2348 4276 2548 4516 6516
4253 3248 4453 3448 6580 8580
3026 3632 3226 3832 3453 5453
3396 3635 3596 3835 7099 9099
4440 154 4640 354 4473 6473
5424 3263 5624 3463 4423 6423
3619 3733 3819 3933 4010 6010
2700 2052 2900 2252 6606 8606
4627 517 4827 717 7136 9136
5458 3653 5658 3853 4358 6358
2207 3023 2407 3223 6353 8353
574 3732 774 3932 6368 8368
393 2594 593 2794 5172 7172
2748 3650 2948 3850 5002 7002
1051 150 1251 350 4609 6609
336 158 536 358 6938 8938
564 3274 764 3474 4259 6259
3374 1545 3574 1745 7125 9125
3966 3474 4166 3674 5529 7529
2151 2494 2351 2694 7059 9059
2631 1396 2831 1596 7062 9062
2339 2794 2539 2994 6055 8055
2058 2586 2258 2786 4914 6914
3969 2111 4169 2311 6500 8500
1373 2845 1573 3045 5492 7492
2769 623 2969 823 3943 5943
3170 3068 3370 3268 3577 5577
5419 2279 5619 2479 6924 8924
2235 76 2435 276 4141 6141
5211 2397 5411 2597 3444 5444
1649 1938 1849 2138 5418 7418
1115 1788 1315 1988 3669 5669
2372 654 2572 854 3502 5502
2578 2168 2778 2368 5000 7000
5205 2365 5405 2565 6449 8449
3411 2928 3611 3128 3508 5508
2392 1051 2592 1251 6440 8440
278 2737 478 2937 5001 7001
5334 1696 5534 1896 4099 6099
5188 2248 5388 2448 6249 8249
5375 1973 5575 2173 6573 8573
2309 1626 2509 1826 6381 8381
2358 3408 2558 3608 6996 8996
197 41 397 241 4355 6355
4065 507 4265 707 5954 7954
3731 1155 3931 1355 3821 5821
5249 2143 5449 2343 6965 8965
3389 2944 3589 3144 3716 5716
1527 2833 1727 3033 4945 6945
3551 3754 3751 3954 4022 6022
408 3660 608 3860 6307 8307
217 148 417 348 6280 8280
5394 1343 5594 1543 6627 8627
998 3760 1198 3960 3447 5447
2128 1910 2328 2110 5736 7736
4594 2437 4794 2637 5979 7979
5447 2165 5647 2365 5173 7173
2216 3423 2416 3623 3522 5522
246 3157 446 3357 6677 8677
1847 704 2047 904 5772 7772
797 3794 997 3994 6747 8747
4462 1431 4662 1631 4534 6534
2524 735 2724 935 6545 8545
2996 90 3196 290 3701 5701
2814 134 3014 334 5592 7592
1542 2492 1742 2692 5663 7663
2440 960 2640 1160 4474 6474
2335 3452 2535 3652 4670 6670
1504 3573 1704 3773 6633 8633
5129 2280 5329 2480 5226 7226
1553 1821 1753 2021 7097 9097
1715 3431 1915 3631 6659 8659
2284 1133 2484 1333 6501 8501
5542 607 5742 807 6900 8900
404 3425 604 3625 6746 8746
2067 223 2267 423 5275 7275
3055 3558 3255 3758 6707 8707
2900 2641 3100 2841 5002 7002
4993 3478 5193 3678 6793 8793
5142 3571 5342 3771 5695 7695
1259 602 1459 802 4876 6876
5034 3564 5234 3764 6851 8851
5325 1941 5525 2141 5740 7740
1961 138 2161 338 6472 8472
1430 3446 1630 3646 5779 7779
219 842 419 1042 5601 7601
2922 95 3122 295 3529 5529
3628 1101 3828 1301 6807 8807
4554 1211 4754 1411 4701 6701
228 2051 428 2251 5961 7961
3779 1318 3979 1518 3776 5776
4647 3544 4847 3744 5715 7715
1577 1820 1777 2020 7076 9076
2811 2213 3011 2413 5591 7591
5475 3284 5675 3484 5359 7359
1253 2156 1453 2356 4832 6832
2895 2062 3095 2262 4631 6631
1406 951 1606 1151 4184 6184
4838 746 5038 946 6465 8465
3338 1219 3538 1419 5948 7948
1959 111 2159 311 5739 7739
2254 3043 2454 3243 6640 8640
297 2045 497 2245 5652 7652
4013 3581 4213 3781 4655 6655
1945 657 2145 857 3409 5409
139 2030 339 2230 6963 8963
585 1853 785 2053 6760 8760
773 2153 973 2353 3616 5616
3529 1032 3729 1232 3777 5777
2562 436 2762 636 6475 8475
3016 137 3216 337 6917 8917
281 1527 481 1727 6610 8610
5260 1309 5460 1509 5265 7265
486 2953 686 3153 5673 7673
4920 528 5120 728 3398 5398
2992 2811 3192 3011 4617 6617
564 1512 764 1712 6118 8118
482 2058 682 2258 4292 6292
734 3281 934 3481 6765 8765
80 2591 280 2791 3562 5562
4389 3569 4589 3769 6484 8484
519 3734 719 3934 5051 7051
4246 557 4446 757 5376 7376
225 1192 425 1392 5723 7723
2549 2519 2749 2719 4543 6543
5259 3282 5459 3482 5919 7919
4119 3369 4319 3569 5448 7448
1873 3309 2073 3509 6486 8486
5568 3316 5768 3516 6077 8077
3118 2605 3318 2805 3971 5971
3428 1657 3628 1857 4417 6417
2740 2113 2940 2313 4341 6341
3309 1685 3509 1885 7013 9013
5431 1679 5631 1879 3407 5407
1763 3406 1963 3606 6536 8536
5608 3722 5808 3922 5132 7132
106 117 306 317 6556 8556
2689 517 2889 717 6660 8660
3001 2534 3201 2734 6112 8112
4342 1129 4542 1329 6990 8990
3786 1280 3986 1480 5285 7285
4121 113 4321 313 4542 6542
141 1427 341 1627 4232 6232
2670 2730 2870 2930 6672 8672
761 3173 961 3373 6626 8626
5051 2547 5251 2747 4121 6121
1457 599 1657 799 4595 6595
1903 1905 2103 2105 4930 6930
1229 920 1429 1120 4375 6375
17 2457 217 2657 6747 8747
4065 3775 4265 3975 6373 8373
763 1633 963 1833 4692 6692
1912 1297 2112 1497 5057 7057
324 262 524 462 6129 8129
2017 512 2217 712 6067 8067
3823 3035 4023 3235 4370 6370
5208 1242 5408 1442 5683 7683
4803 32 5003 232 4545 6545
4328 2715 4528 2915 4070 6070
3712 465 3912 665 6965 8965
431 429 631 629 6715 8715
3555 3523 3755 3723 4366 6366
4390 1990 4590 2190 4657 6657
605 1314 805 1514 3694 5694
3120 906 3320 1106 3607 5607
2493 1900 2693 2100 3794 5794
4331 418 4531 618 6437 8437
2873 1908 3073 2108 6762 8762
960 3086 1160 3286 6808 8808
1441 2686 1641 2886 5124 7124
3017 3368 3217 3568 4080 6080
3757 2611 3957 2811 5589 7589
2218 3591 2418 3791 4957 6957
4029 2402 4229 2602 5142 7142
578 1776 778 1976 5676 7676
3909 2615 4109 2815 6044 8044
2074 3665 2274 3865 6996 8996
2170 1726 2370 1926 6411 8411
385 1763 585 1963 5848 7848
3587 3167 3787 3367 6312 8312
513 52 713 252 5736 7736
793 2266 993 2466 5451 7451
5267 3100 5467 3300 5103 7103
4412 51 4612 251 4707 6707
4119 983 4319 1183 4925 6925
916 339 1116 539 6779 8779
4116 1153 4316 1353 5827 7827
2079 2397 2279 2597 4804 6804
5099 303 5299 503 4462 6462
580 1387 780 1587 4250 6250
3440 1573 3640 1773 5665 7665
2981 3562 3181 3762 6609 8609
2530 2535 2730 2735 4732 6732
911 482 1111 682 6762 8762
4296 250 4496 450 5907 7907
4447 473 4647 673 4500 6500
3933 783 4133 983 4636 6636
1369 3129 1569 3329 6036 8036
5192 1816 5392 2016 6226 8226
5006 3732 5206 3932 5299 7299
2328 160 2528 360 4584 6584
24 3603 224 3803 5636 7636
1926 1467 2126 1667 4809 6809
4537 405 4737 605 3689 5689
450 1290 650 1490 6144 8144
1603 2095 1803 2295 5267 7267
623 3167 823 3367 7077 9077
5073 2099 5273 2299 6413 8413
277 2887 477 3087 6314 8314
3466 2756 3666 2956 3393 5393
1229 2601 1429 2801 6456 8456
5361 945 5561 1145 4888 6888
5223 1585 5423 1785 6212 8212
591 1549 791 1749 5045 7045
1292 3158 1492 3358 6493 8493
239 1326 439 1526 6244 8244
3914 1722 4114 1922 6033 8033
5226 1700 5426 1900 4971 6971
386 1386 586 1586 4491 6491
286 1084 486 1284 5685 7685
5278 1442 5478 1642 3989 5989
1955 971 2155 1171 5466 7466
4430 1756 4630 1956 4145 6145
3949 1739 4149 1939 3482 5482
1425 2193 1625 2393 4773 6773
1078 1839 1278 2039 3439 5439
1639 1149 1839 1349 3956 5956
1399 168 1599 368 6339 8339
1729 2025 1929 2225 5291 7291
2103 2465 2303 2665 6187 8187
1887 3689 2087 3889 5090 7090
3409 1317 3609 1517 5309 7309
977 1223 1177 1423 3667 5667
2158 334 2358 534 5373 7373
283 585 483 785 5302 7302
1292 206 1492 406 4554 6554
1146 2083 1346 2283 6699 8699
470 250 670 450 6232 8232
4261 2139 4461 2339 6618 8618
1514 765 1714 965 6608 8608
1336 415 1536 615 6647 8647
4956 1421 5156 1621 4378 6378
813 926 1013 1126 6761 8761
5259 517 5459 717 3656 5656
1963 1741 2163 1941 4700 6700
3499 3218 3699 3418 5477 7477
4391 2473 4591 2673 6763 8763
2834 1227 3034 1427 5779 7779
4056 1182 4256 1382 6221 8221
2724 713 2924 913 3769 5769
4843 3176 5043 3376 4081 6081
4255 139 4455 339 4431 6431
2917 1708 3117 1908 4817 6817
5183 2037 5383 2237 4763 6763
3719 2865 3919 3065 3958 5958
5593 315 5793 515 4227 6227
449 1557 649 1757 3541 5541
1360 2408 1560 2608 5006 7006
3933 2298 4133 2498 3629 5629
4331 1721 4531 1921 5521 7521
4657 3141 4857 3341 5960 7960
1006 1906 1206 2106 7089 9089
2504 1605 2704 1805 7077 9077
4412 1190 4612 1390 6219 8219
3246 2526 3446 2726 6942 8942
4856 2399 5056 2599 5733 7733
4817 2544 5017 2744 5450 7450
4274 1245 4474 1445 5652 7652
3547 282 3747 482 5855 7855
1332 3326 1532 3526 3440 5440
4633 478 4833 678 5838 7838
3579 2080 3779 2280 6691 8691
3052 2688 3252 2888 7007 9007
3789 960 3989 1160 6829 8829
5407 1214 5607 1414 4347 6347
4228 650 4428 850 5082 7082
3677 957 3877 1157 3603 5603
2426 68 2626 268 5398 7398
3311 1479 3511 1679 4913 6913
4747 1834 4947 2034 3749 5749
3816 314 4016 514 3977 5977
5287 3157 5487 3357 4634 6634
2056 2902 2256 3102 6781 8781
2606 1256 2806 1456 6422 8422
914 1788 1114 1988 7044 9044
471 3562 671 3762 3371 5371
1231 2354 1431 2554 3797 5797
3642 3522 3842 3722 5145 7145
3348 1871 3548 2071 5283 7283
4358 1232 4558 1432 4469 6469
5210 1056 5410 1256 4852 6852
4996 2952 5196 3152 5676 7676
4648 2017 4848 2217 4794 6794
952 2126 1152 2326 4240 6240
4037 2199 4237 2399 5189 7189
152 961 352 1161 5347 7347
5358 3082 5558 3282 3731 5731
1984 2765 2184 2965 6188 8188
5436 3525 5636 3725 3694 5694
2261 3374 2461 3574 4598 6598
5226 1098 5426 1298 5622 7622
1813 1716 2013 1916 7139 9139
1318 1236 1518 1436 7027 9027
1078 1608 1278 1808 3480 5480
4880 730 5080 930 5398 7398
1134 2879 1334 3079 4969 6969
5425 2634 5625 2834 5578 7578
4279 2484 4479 2684 5783 7783
276 2496 476 2696 4267 6267
2215 1880 2415 2080 5916 7916
3637 200 3837 400 3995 5995
2567 1571 2767 1771 6646 8646
4290 3079 4490 3279 3827 5827
5223 25 5423 225 4813 6813
2253 2798 2453 2998 5117 7117
1937 251 2137 451 6740 8740
4669 2810 4869 3010 3816 5816
322 1426 522 1626 6407 8407
3821 1153 4021 1353 4979 6979
1591 2331 1791 2531 5637 7637
3478 1653 3678 1853 3614 5614
3562 2444 3762 2644 4160 6160
1048 3116 1248 3316 6234 8234
658 3417 858 3617 3721 5721
3194 141 3394 341 7126 9126
1410 818 1610 1018 6959 8959
1175 339 1375 539 3524 5524
2131 255 2331 455 5142 7142
545 2594 745 2794 6669 8669
1777 1747 1977 1947 5084 7084
2523 2620 2723 2820 3708 5708
2292 240 2492 440 6467 8467
2745 2395 2945 2595 4149 6149
5353 1980 5553 2180 4603 6603
5476 602 5676 802 5841 7841
2354 2793 2554 2993 4450 6450
2686 1560 2886 1760 4124 6124
539 2601 739 2801 4974 6974
344 796 544 996 6067 8067
2150 2444 2350 2644 6202 8202
2607 3352 2807 3552 6252 8252
5199 1452 5399 1652 5168 7168
1289 2114 1489 2314 4129 6129
807 78 1007 278 4016 6016
3183 1440 3383 1640 4174 6174
5107 657 5307 857 6773 8773
2873 1781 3073 1981 3875 5875
1000 20 1200 220 5559 7559
5526 2133 5726 2333 3555 5555
3198 1670 3398 1870 7009 9009
1248 964 1448 1164 5206 7206
3078 1668 3278 1868 5927 7927
1044 154 1244 354 6616 8616
1684 1070 1884 1270 4271 6271
5580 2501 5780 2701 6779 8779
4720 2319 4920 2519 4917 6917
362 1342 562 1542 6040 8040
4964 2970 5164 3170 6534 8534
3733 596 3933 796 4822 6822
2781 1407 2981 1607 5877 7877
3885 1818 4085 2018 6393 8393
3852 648 4052 848 6283 8283
4973 1938 5173 2138 6972 8972
4278 3545 4478 3745 5892 7892
1403 2115 1603 2315 5948 7948
1899 2053 2099 2253 4169 6169
2327 1610 2527 1810 5825 7825
5298 817 5498 1017 3710 5710
145 5 345 205 4042 6042
3982 3770 4182 3970 6998 8998
2038 885 2238 1085 4948 6948
2485 772 2685 972 6215 8215
4804 343 5004 543 3385 5385
4721 1714 4921 1914 4755 6755
2889 1161 3089 1361 3854 5854
2569 3187 2769 3387 4831 6831
3227 3117 3427 3317 3974 5974
2018 3526 2218 3726 5556 7556
5585 1371 5785 1571 6322 8322
2453 1847 2653 2047 4785 6785
1463 2825 1663 3025 4160 6160
3709 2998 3909 3198 6704 8704
1141 233 1341 433 5763 7763
291 2287 491 2487 6255 8255
2844 2628 3044 2828 3639 5639
3098 3017 3298 3217 5092 7092
5623 2713 5823 2913 6718 8718
5291 49 5491 249 3649 5649
1273 264 1473 464 6585 8585
3021 153 3221 353 3998 5998
2033 385 2233 585 3836 5836
2043 1247 2243 1447 5776 7776
1338 3386 1538 3586 5192 7192
4739 400 4939 600 5686 7686
5320 374 5520 574 4336 6336
4330 883 4530 1083 5817 7817
3670 180 3870 380 3389 5389
25 1406 225 1606 5370 7370
4183 47 4383 247 4563 6563
5083 1439 5283 1639 3735 5735
990 3282 1190 3482 4841 6841
5226 2660 5426 2860 3592 5592
3275 2615 3475 2815 4930 6930
19 481 219 681 3427 5427
5592 982 5792 1182 4236 6236
394 2270 594 2470 6167 8167
3843 668 4043 868 6912 8912
2167 2356 2367 2556 4977 6977
2948 3258 3148 3458 5068 7068
567 944 767 1144 5943 7943
2889 1062 3089 1262 3575 5575
247 3429 447 3629 6714 8714
1841 1910 2041 2110 5290 7290
3169 2069 3369 2269 3791 5791
4600 863 4800 1063 5101 7101
3107 2451 3307 2651 4048 6048
1866 3778 2066 3978 4448 6448
783 3758 983 3958 5880 7880
5148 2440 5348 2640 6949 8949
4877 1618 5077 1818 7100 9100
3067 1446 3267 1646 5287 7287
1675 2309 1875 2509 4071 6071
2592 915 2792 1115 4186 6186
1515 2920 1715 3120 5356 7356
3259 2652 3459 2852 6550 8550
1635 485 1835 685 7062 9062
973 366 1173 566 3472 5472
5019 2474 5219 2674 7105 9105
2364 614 2564 814 6982 8982
2756 2435 2956 2635 6390 8390
72 3305 272 3505 3598 5598
716 435 916 635 4268 6268
4348 286 4548 486 6525 8525
2886 1672 3086 1872 6488 8488
1990 2804 2190 3004 6308 8308
1612 865 1812 1065 5178 7178
2070 1185 2270 1385 4221 6221
1491 2164 1691 2364 6979 8979
2117 824 2317 1024 3751 5751
1104 3487 1304 3687 5868 7868
4584 3493 4784 3693 6691 8691
4240 1906 4440 2106 6424 8424
243 1416 443 1616 6737 8737
76 2402 276 2602 5780 7780
1191 2394 1391 2594 6069 8069
2547 2993 2747 3193 3893 5893
1611 3643 1811 3843 5793 7793
96 2789 296 2989 5308 7308
4352 389 4552 589 4948 6948
2678 1945 2878 2145 4522 6522
5366 1473 5566 1673 4412 6412
4351 2689 4551 2889 4438 6438
1082 1092 1282 1292 5725 7725
3942 3670 4142 3870 5317 7317
3014 1938 3214 2138 6874 8874
1632 81 1832 281 4786 6786
1204 114 1404 314 6513 8513
2855 2403 3055 2603 6292 8292
172 1821 372 2021 6184 8184
1311 513 1511 713 4358 6358
3160 913 3360 1113 3833 5833
302 1786 502 1986 4836 6836
4508 3568 4708 3768 6591 8591
3279 2744 3479 2944 6388 8388
5065 246 5265 446 3997 5997
651 3419 851 3619 5701 7701
2703 3256 2903 3456 4520 6520
2087 203 2287 403 6746 8746
368 2496 568 2696 6777 8777
5078 1087 5278 1287 4992 6992
396 3264 596 3464 4313 6313
2266 1118 2466 1318 3868 5868
3416 1147 3616 1347 5461 7461
4167 1707 4367 1907 4496 6496
4519 660 4719 860 3807 5807
5588 400 5788 600 6092 8092
4355 120 4555 320 6431 8431
2281 2723 2481 2923 5573 7573
5102 2604 5302 2804 7129 9129
247 2476 447 2676 3464 5464
1602 2753 1802 2953 3692 5692
3249 2637 3449 2837 4660 6660
3672 1016 3872 1216 4091 6091
4181 2046 4381 2246 4339 6339
2924 2532 3124 2732 3580 5580
2841 3675 3041 3875 5742 7742
5638 3286 5838 3486 6373 8373
1087 3748 1287 3948 5271 7271
3248 2925 3448 3125 5357 7357
1087 3377 1287 3577 4003 6003
1481 3348 1681 3548 4291 6291
1949 1481 2149 1681 4589 6589
2716 3362 2916 3562 5112 7112
2575 1158 2775 1358 6985 8985
4881 675 5081 875 4013 6013
3416 627 3616 827 6456 8456
4320 2163 4520 2363 5339 7339
4733 938 4933 1138 3906 5906
947 2487 1147 2687 3437 5437
4614 174 4814 374 4415 6415
3889 1948 4089 2148 4269 6269
4732 1942 4932 2142 6039 8039
3770 1274 3970 1474 6875 8875
4266 1882 4466 2082 4675 6675
4899 2413 5099 2613 4758 6758
4319 1257 4519 1457 3790 5790
2626 346 2826 546 4493 6493
4023 1330 4223 1530 4485 6485
5150 3131 5350 3331 3874 5874
5468 753 5668 953 5166 7166
5149 3534 5349 3734 4264 6264
305 2824 505 3024 4008 6008
5164 3531 5364 3731 5263 7263
1062 1392 1262 1592 7078 9078
3235 2993 3435 3193 6652 8652
3401 995 3601 1195 6289 8289
4249 2134 4449 2334 6689 8689
212 2096 412 2296 7084 9084
3582 826 3782 1026 3933 5933
532 512 732 712 6760 8760
3433 2999 3633 3199 5314 7314
2483 1764 2683 1964 4284 6284
5196 2089 5396 2289 4889 6889
2932 1265 3132 1465 3427 5427
3830 1983 4030 2183 3514 5514
1641 3385 1841 3585 4117 6117
5195 821 5395 1021 4554 6554
1965 993 2165 1193 3447 5447
2325 300 2525 500 4676 6676
1430 1229 1630 1429 4961 6961
3969 154 4169 354 5347 7347
2399 2085 2599 2285 6732 8732
1451 3633 1651 3833 4246 6246
4819 0 5019 200 5585 7585
5412 671 5612 871 4516 6516
2564 1988 2764 2188 6194 8194
441 1409 641 1609 5596 7596
1671 2340 1871 2540 3845 5845
4484 42 4684 242 5824 7824
2825 3716 3025 3916 6594 8594
1933 1973 2133 2173 4182 6182
1470 618 1670 818 5345 7345
1587 1736 1787 1936 6953 8953
1885 1257 2085 1457 5032 7032
3197 572 3397 772 5386 7386
3270 406 3470 606 5854 7854
5277 223 5477 423 3489 5489
2339 1417 2539 1617 5802 7802
155 754 355 954 5199 7199
2309 2121 2509 2321 6010 8010
3615 2229 3815 2429 6183 8183
1789 1808 1989 2008 5988 7988
4956 352 5156 552 6340 8340
1313 1480 1513 1680 4986 6986
4922 2657 5122 2857 5753 7753
2766 3596 2966 3796 6688 8688
1976 80 2176 280 3517 5517
2181 2064 2381 2264 4540 6540
5272 1408 5472 1608 4814 6814
2216 1473 2416 1673 3547 5547
236 427 436 627 4426 6426
3074 1486 3274 1686 5658 7658
1846 666 2046 866 6837 8837
3568 2337 3768 2537 5068 7068
1779 3492 1979 3692 5085 7085
1814 3269 2014 3469 5937 7937
596 3658 796 3858 6678 8678
4133 1528 4333 1728 6187 8187
2813 1488 3013 1688 6613 8613
969 2843 1169 3043 7062 9062
1502 1705 1702 1905 6989 8989
628 49 828 249 3859 5859
5459 2294 5659 2494 5088 7088
659 3367 859 3567 3375 5375
4960 1462 5160 1662 4150 6150
4712 214 4912 414 3985 5985
3033 1560 3233 1760 7036 9036
5277 392 5477 592 6308 8308
2348 1189 2548 1389 5904 7904
119 904 319 1104 5979 7979
823 919 1023 1119 7077 9077
2282 3464 2482 3664 6991 8991
872 474 1072 674 6241 8241
1323 1436 1523 1636 4452 6452
4947 226 5147 426 7007 9007
5385 2565 5585 2765 4982 6982
5251 2914 5451 3114 5886 7886
881 616 1081 816 4000 6000
173 5 373 205 6360 8360
2607 219 2807 419 3523 5523
4757 461 4957 661 4878 6878
1220 1158 1420 1358 3940 5940
559 1527 759 1727 3421 5421
4695 2233 4895 2433 6364 8364
122 3344 322 3544 3581 5581
53 750 253 950 6420 8420
433 1521 633 1721 4045 6045
2010 2507 2210 2707 3955 5955
3125 641 3325 841 5196 7196
950 2006 1150 2206 5147 7147
2018 312 2218 512 4151 6151
2114 325 2314 525 5828 7828
1792 565 1992 765 6895 8895
945 2587 1145 2787 3629 5629
5 625 205 825 5668 7668
3932 1473 4132 1673 6253 8253
517 1544 717 1744 4325 6325
3998 129 4198 329 5646 7646
2729 3690 2929 3890 5614 7614
4624 1276 4824 1476 5089 7089
4161 1393 4361 1593 4585 6585
2162 2691 2362 2891 4461 6461
757 1031 957 1231 4568 6568
896 689 1096 889 4009 6009
3748 2362 3948 2562 3863 5863
2904 944 3104 1144 4422 6422
3823 2063 4023 2263 3526 5526
324 3301 524 3501 3692 5692
4494 3005 4694 3205 5548 7548
5301 2710 5501 2910 4968 6968
5199 367 5399 567 5875 7875
3381 1769 3581 1969 3909 5909
839 473 1039 673 3833 5833
3926 1067 4126 1267 4024 6024
262 1983 462 2183 5379 7379
1326 2765 1526 2965 6435 8435
1302 362 1502 562 6896 8896
776 3157 976 3357 3666 5666
1682 725 1882 925 6965 8965
1353 569 1553 769 5637 7637
814 3165 1014 3365 5227 7227
1931 484 2131 684 6517 8517
1255 453 1455 653 6943 8943
348 1369 548 1569 4166 6166
309 1278 509 1478 5982 7982
1065 3076 1265 3276 3805 5805
757 2165 957 2365 3862 5862
5619 1622 5819 1822 3763 5763
2801 3105 3001 3305 5783 7783
446 2704 646 2904 6299 8299
3330 956 3530 1156 5780 7780
4333 1525 4533 1725 5017 7017
5389 3300 5589 3500 3850 5850
1765 502 1965 702 6822 8822
5489 2162 5689 2362 3688 5688
3385 770 3585 970 6247 8247
3922 1862 4122 2062 6339 8339
5360 640 5560 840 6216 8216
2229 1936 2429 2136 4102 6102
4665 1153 4865 1353 5943 7943
1046 2533 1246 2733 6223 8223
2136 371 2336 571 5348 7348
5599 239 5799 439 5954 7954
1068 340 1268 540 6830 8830
3753 1001 3953 1201 4861 6861
2480 1144 2680 1344 5823 7823
4218 2795 4418 2995 3571 5571
4627 246 4827 446 5399 7399
4408 2725 4608 2925 4486 6486
5167 346 5367 546 6101 8101
2693 3550 2893 3750 7066 9066
3365 1829 3565 2029 5470 7470
3472 3269 3672 3469 6555 8555
4119 2253 4319 2453 4681 6681
164 1680 364 1880 6087 8087
3122 2828 3322 3028 4173 6173
2626 3442 2826 3642 5238 7238
5225 1147 5425 1347 6005 8005
5028 1366 5228 1566 6865 8865
4989 3404 5189 3604 4790 6790
5478 1623 5678 1823 6475 8475
4107 1521 4307 1721 3447 5447
5211 83 5411 283 6561 8561
2897 608 3097 808 5414 7414
4418 1329 4618 1529 3456 5456
4135 2877 4335 3077 6870 8870
5203 3753 5403 3953 3456 5456
416 3549 616 3749 5818 7818
699 2906 899 3106 5915 7915
2563 3759 2763 3959 4057 6057
4956 1192 5156 1392 4911 6911
3208 8 3408 208 5887 7887
5096 3639 5296 3839 5195 7195
4936 1662 5136 1862 5417 7417
3645 541 3845 741 6244 8244
5052 484 5252 684 5397 7397
279 3427 479 3627 5751 7751
4751 764 4951 964 5412 7412
531 1873 731 2073 6406 8406
3232 1878 3432 2078 6504 8504
1023 1125 1223 1325 6340 8340
2238 2427 2438 2627 5839 7839
4526 10 4726 210 3756 5756
77 2476 277 2676 7044 9044
4216 2206 4416 2406 4032 6032
108 3150 308 3350 4976 6976
2082 3596 2282 3796 5236 7236
1557 1656 1757 1856 6680 8680
3682 7 3882 207 4403 6403
2053 1547 2253 1747 5669 7669
1810 2078 2010 2278 6455 8455
2638 1692 2838 1892 4423 6423
3005 1173 3205 1373 3419 5419
2480 2133 2680 2333 6633 8633
3884 1381 4084 1581 3551 5551
355 1775 555 1975 3469 5469
1667 2393 1867 2593 6117 8117
1591 917 1791 1117 4466 6466
695 2428 895 2628 4308 6308
5167 2229 5367 2429 4842 6842
647 3341 847 3541 6754 8754
3374 3155 3574 3355 4046 6046
5197 1680 5397 1880 3426 5426
5573 285 5773 485 6719 8719
3795 2164 3995 2364 4664 6664
3358 255 3558 455 5998 7998
3747 374 3947 574 5632 7632
5167 2149 5367 2349 5525 7525
1011 1802 1211 2002 4370 6370
3168 3478 3368 3678 6877 8877
3436 712 3636 912 5295 7295
2762 2972 2962 3172 6362 8362
3461 2074 3661 2274 5009 7009
4341 297 4541 497 3716 5716
5405 3179 5605 3379 6581 8581
5304 3794 5504 3994 6726 8726
3843 752 4043 952 5757 7757
3331 2188 3531 2388 4289 6289
5097 1419 5297 1619 5209 7209
1619 3782 1819 3982 4530 6530
513 1693 713 1893 6222 8222
3591 1821 3791 2021 4158 6158
2056 2798 2256 2998 5257 7257
4630 2788 4830 2988 3701 5701
2512 2392 2712 2592 6945 8945
5151 723 5351 923 5535 7535
1620 3356 1820 3556 3763 5763
4869 2813 5069 3013 4374 6374
5130 11 5330 211 6790 8790
3024 441 3224 641 4411 6411
3794 1000 3994 1200 6246 8246
2371 488 2571 688 6466 8466
2052 530 2252 730 5746 7746
2394 536 2594 736 6239 8239
3177 2324 3377 2524 5427 7427
2707 2724 2907 2924 6699 8699
4115 2785 4315 2985 3472 5472
5583 1349 5783 1549 5545 7545
997 565 1197 765 5861 7861
2573 1498 2773 1698 3747 5747
2199 1553 2399 1753 6477 8477
3159 2183 3359 2383 5093 7093
