1000
3890 3103 3990 3203 5399 7399
3934 1606 4034 1706 5172 7172
3696 2401 3796 2501 7051 9051
77 3006 177 3106 4627 6627
570 2721 670 2821 4950 6950
838 563 938 663 6784 8784
5505 3828 5605 3928 4627 6627
672 1405 772 1505 4702 6702
2824 197 2924 297 3683 5683
4454 1749 4554 1849 3584 5584
5213 1168 5313 1268 4396 6396
675 1446 775 1546 6063 8063
3560 3514 3660 3614 5664 7664
4540 2420 4640 2520 4912 6912
5443 3537 5543 3637 5368 7368
20 1741 120 1841 4113 6113
330 3513 430 3613 3679 5679
1356 3691 1456 3791 5271 7271
1197 1667 1297 1767 5281 7281
2268 1712 2368 1812 6897 8897
3411 1351 3511 1451 3420 5420
4929 2798 5029 2898 4692 6692
5155 2737 5255 2837 4014 6014
395 2255 495 2355 4441 6441
2069 430 2169 530 5527 7527
4179 2783 4279 2883 5981 7981
1562 1257 1662 1357 4688 6688
2834 3697 2934 3797 7032 9032
5638 2931 5738 3031 5108 7108
3792 2408 3892 2508 6824 8824
951 2739 1051 2839 5285 7285
2664 3126 2764 3226 6288 8288
832 1274 932 1374 4098 6098
4891 3485 4991 3585 4489 6489
4543 2311 4643 2411 7046 9046
4993 3125 5093 3225 3712 5712
2997 1186 3097 1286 5863 7863
4062 322 4162 422 5120 7120
3118 1938 3218 2038 7007 9007
3543 2330 3643 2430 5971 7971
3497 594 3597 694 4323 6323
4111 1800 4211 1900 6855 8855
4955 2244 5055 2344 4954 6954
4954 135 5054 235 3430 5430
2353 1794 2453 1894 3403 5403
3148 303 3248 403 3523 5523
2725 56 2825 156 6628 8628
308 509 408 609 5490 7490
5206 2857 5306 2957 5776 7776
288 3461 388 3561 3956 5956
409 1380 509 1480 3554 5554
3239 1867 3339 1967 5044 7044
2779 1165 2879 1265 3881 5881
4184 765 4284 865 4901 6901
2107 269 2207 369 7078 9078
5465 1356 5565 1456 7126 9126
661 2907 761 3007 4309 6309
1846 3528 1946 3628 7059 9059
925 3013 1025 3113 4809 6809
2982 394 3082 494 4313 6313
1433 575 1533 675 4007 6007
2971 2395 3071 2495 5803 7803
5625 1177 5725 1277 5082 7082
3933 693 4033 793 6340 8340
3339 3180 3439 3280 5252 7252
3198 3147 3298 3247 3822 5822
2762 2315 2862 2415 4063 6063
5582 1869 5682 1969 5121 7121
4237 2133 4337 2233 6650 8650
2398 2392 2498 2492 5171 7171
3609 3729 3709 3829 6629 8629
5626 1431 5726 1531 6959 8959
1630 3854 1730 3954 5452 7452
2319 132 2419 232 5787 7787
1718 857 1818 957 4679 6679
1626 19 1726 119 5504 7504
557 419 657 519 6743 8743
683 2112 783 2212 4537 6537
3420 459 3520 559 4351 6351
1938 2061 2038 2161 6919 8919
2819 1331 2919 1431 3613 5613
732 896 832 996 4252 6252
22 1218 122 1318 4644 6644
2916 968 3016 1068 5721 7721
2668 753 2768 853 5244 7244
1938 3496 2038 3596 4825 6825
451 98 551 198 4873 6873
5715 1268 5815 1368 4229 6229
2907 2733 3007 2833 7005 9005
3327 2200 3427 2300 7101 9101
134 2717 234 2817 5459 7459
504 3453 604 3553 6908 8908
1666 1656 1766 1756 5919 7919
4058 3651 4158 3751 4627 6627
131 2330 231 2430 6000 8000
5261 2121 5361 2221 6478 8478
234 1024 334 1124 4416 6416
5589 2600 5689 2700 6794 8794
3944 918 4044 1018 3632 5632
5277 3260 5377 3360 4076 6076
1610 316 1710 416 4482 6482
1742 3616 1842 3716 6437 8437
368 236 468 336 3895 5895
4308 3080 4408 3180 6897 8897
317 577 417 677 6553 8553
1042 2635 1142 2735 4171 6171
3474 1471 3574 1571 5653 7653
2429 1405 2529 1505 5161 7161
4885 1896 4985 1996 3861 5861
3332 750 3432 850 4828 6828
5449 29 5549 129 5747 7747
3128 1063 3228 1163 5609 7609
2288 847 2388 947 4873 6873
4611 1849 4711 1949 3562 5562
425 2382 525 2482 5699 7699
4433 1953 4533 2053 6042 8042
1350 3899 1450 3999 3951 5951
4217 3171 4317 3271 6791 8791
1525 1036 1625 1136 6211 8211
1922 228 2022 328 5843 7843
4101 1542 4201 1642 3977 5977
3008 2547 3108 2647 6469 8469
3782 142 3882 242 5973 7973
3454 3785 3554 3885 4614 6614
341 2771 441 2871 4072 6072
316 1926 416 2026 3630 5630
2345 876 2445 976 3875 5875
2580 487 2680 587 6698 8698
870 864 970 964 3793 5793
606 1520 706 1620 5055 7055
2982 1816 3082 1916 5747 7747
2762 2066 2862 2166 6981 8981
3347 3235 3447 3335 4707 6707
5105 1656 5205 1756 4893 6893
864 411 964 511 3948 5948
2975 2572 3075 2672 4633 6633
1552 2973 1652 3073 6496 8496
69 3085 169 3185 5533 7533
2063 414 2163 514 4380 6380
935 3252 1035 3352 6873 8873
19 647 119 747 5682 7682
128 1678 228 1778 4855 6855
3837 3507 3937 3607 4957 6957
3059 427 3159 527 4145 6145
1852 842 1952 942 5956 7956
1193 580 1293 680 3506 5506
5515 189 5615 289 3659 5659
5241 2321 5341 2421 4899 6899
4586 2344 4686 2444 5627 7627
5077 2542 5177 2642 4492 6492
4000 491 4100 591 6485 8485
269 386 369 486 6347 8347
2080 2122 2180 2222 3407 5407
2288 3187 2388 3287 4459 6459
4899 814 4999 914 4882 6882
5067 427 5167 527 3703 5703
2555 1300 2655 1400 7048 9048
814 1655 914 1755 6208 8208
2424 1979 2524 2079 6185 8185
3069 484 3169 584 5728 7728
3353 2591 3453 2691 6945 8945
1625 2314 1725 2414 6346 8346
92 315 192 415 4197 6197
2656 1233 2756 1333 5179 7179
4045 171 4145 271 5795 7795
4570 2689 4670 2789 6624 8624
1466 904 1566 1004 6830 8830
3685 442 3785 542 4098 6098
4448 1735 4548 1835 4782 6782
1185 3793 1285 3893 5700 7700
18 818 118 918 7007 9007
2072 2506 2172 2606 5574 7574
1182 80 1282 180 4556 6556
1738 2197 1838 2297 3868 5868
1059 234 1159 334 4284 6284
996 183 1096 283 6716 8716
2742 3871 2842 3971 5434 7434
885 3687 985 3787 4918 6918
111 1952 211 2052 5023 7023
5008 2257 5108 2357 3814 5814
4536 591 4636 691 4930 6930
3247 98 3347 198 6045 8045
857 3662 957 3762 5943 7943
1 452 101 552 5084 7084
2965 1302 3065 1402 6651 8651
3721 629 3821 729 6715 8715
1593 1357 1693 1457 3511 5511
4879 3537 4979 3637 4908 6908
2909 2270 3009 2370 6207 8207
4403 785 4503 885 4779 6779
948 3466 1048 3566 6751 8751
2190 1202 2290 1302 4390 6390
4568 2704 4668 2804 4863 6863
1326 1891 1426 1991 5228 7228
2520 2492 2620 2592 5197 7197
161 776 261 876 5943 7943
5113 680 5213 780 6952 8952
1067 1861 1167 1961 5817 7817
4295 3356 4395 3456 3689 5689
2023 2998 2123 3098 3652 5652
624 3334 724 3434 4267 6267
1222 3777 1322 3877 4151 6151
148 1683 248 1783 3411 5411
4327 2282 4427 2382 7002 9002
4567 3870 4667 3970 4113 6113
1927 2782 2027 2882 5293 7293
3145 3100 3245 3200 4676 6676
587 2143 687 2243 5999 7999
326 3598 426 3698 5366 7366
3027 1615 3127 1715 4854 6854
2768 947 2868 1047 6579 8579
4087 2185 4187 2285 4984 6984
5594 1527 5694 1627 6514 8514
1301 3882 1401 3982 6203 8203
3797 496 3897 596 5764 7764
4564 1878 4664 1978 3459 5459
2137 2105 2237 2205 5977 7977
4402 1127 4502 1227 6343 8343
5309 3888 5409 3988 4000 6000
2028 797 2128 897 4301 6301
67 3094 167 3194 6560 8560
5562 1138 5662 1238 4944 6944
5141 32 5241 132 4243 6243
2264 3727 2364 3827 4275 6275
5106 1165 5206 1265 5225 7225
4704 3888 4804 3988 5150 7150
2326 968 2426 1068 7045 9045
2532 888 2632 988 4858 6858
1755 203 1855 303 6900 8900
4843 3675 4943 3775 4277 6277
1783 1194 1883 1294 6482 8482
46 1244 146 1344 3527 5527
1408 3700 1508 3800 3732 5732
4911 1038 5011 1138 7136 9136
5059 2095 5159 2195 6063 8063
125 1534 225 1634 7122 9122
3519 889 3619 989 5119 7119
1715 1856 1815 1956 4706 6706
1596 2676 1696 2776 5165 7165
2935 3048 3035 3148 4722 6722
3571 3182 3671 3282 6958 8958
1638 2778 1738 2878 3772 5772
669 2615 769 2715 4317 6317
1071 321 1171 421 4621 6621
4145 1024 4245 1124 5421 7421
2760 1321 2860 1421 5763 7763
927 3089 1027 3189 3641 5641
1336 1879 1436 1979 5851 7851
2648 2721 2748 2821 4060 6060
4432 2947 4532 3047 6435 8435
2974 703 3074 803 4694 6694
4635 330 4735 430 6220 8220
4050 1719 4150 1819 6297 8297
64 844 164 944 4547 6547
1790 184 1890 284 5644 7644
2852 906 2952 1006 6000 8000
2212 1590 2312 1690 5720 7720
2196 3206 2296 3306 6383 8383
703 2739 803 2839 6130 8130
40 1642 140 1742 4299 6299
4497 937 4597 1037 5988 7988
4929 571 5029 671 6769 8769
1935 1630 2035 1730 6799 8799
2665 1417 2765 1517 4766 6766
1100 815 1200 915 6108 8108
2301 1918 2401 2018 4306 6306
2311 1112 2411 1212 5208 7208
3543 1782 3643 1882 4697 6697
4184 636 4284 736 6626 8626
4170 193 4270 293 6924 8924
2356 1006 2456 1106 5271 7271
2313 3603 2413 3703 5252 7252
5126 309 5226 409 5597 7597
1088 2788 1188 2888 3483 5483
3305 2154 3405 2254 6026 8026
3888 838 3988 938 6064 8064
961 1250 1061 1350 5990 7990
1747 84 1847 184 4401 6401
2394 466 2494 566 5873 7873
4998 1216 5098 1316 3559 5559
3614 1225 3714 1325 6386 8386
110 3847 210 3947 6045 8045
782 2860 882 2960 5808 7808
2831 3882 2931 3982 6504 8504
2241 3858 2341 3958 4291 6291
249 318 349 418 5211 7211
813 722 913 822 6452 8452
5039 2604 5139 2704 6594 8594
5301 118 5401 218 5302 7302
2301 2402 2401 2502 4913 6913
1820 3296 1920 3396 6778 8778
3169 1085 3269 1185 5977 7977
4982 240 5082 340 6331 8331
4007 3639 4107 3739 5402 7402
2356 998 2456 1098 6681 8681
2235 3428 2335 3528 3695 5695
206 3799 306 3899 6590 8590
4320 568 4420 668 4224 6224
1451 3321 1551 3421 5460 7460
1524 991 1624 1091 6438 8438
3521 169 3621 269 6944 8944
4612 612 4712 712 6780 8780
815 618 915 718 6579 8579
4104 3149 4204 3249 6471 8471
3532 1786 3632 1886 6569 8569
3512 2584 3612 2684 6181 8181
2742 2481 2842 2581 4231 6231
1632 74 1732 174 5012 7012
2482 596 2582 696 4535 6535
3052 2017 3152 2117 6974 8974
2045 1496 2145 1596 7077 9077
3628 257 3728 357 4512 6512
2725 900 2825 1000 3627 5627
5304 979 5404 1079 6859 8859
3822 475 3922 575 6457 8457
520 3247 620 3347 5014 7014
1389 1811 1489 1911 4793 6793
2053 2037 2153 2137 3435 5435
1812 3878 1912 3978 4161 6161
779 3550 879 3650 5135 7135
1254 2051 1354 2151 6224 8224
976 2677 1076 2777 7068 9068
2008 2613 2108 2713 6504 8504
4697 3347 4797 3447 3723 5723
1015 1963 1115 2063 4948 6948
5353 709 5453 809 3856 5856
3829 359 3929 459 4962 6962
1838 3464 1938 3564 3526 5526
4806 139 4906 239 6266 8266
1595 1506 1695 1606 6059 8059
1129 2003 1229 2103 4300 6300
637 1799 737 1899 6235 8235
5282 101 5382 201 6485 8485
4952 180 5052 280 4068 6068
3749 3780 3849 3880 4179 6179
5207 3637 5307 3737 6670 8670
1909 2335 2009 2435 6814 8814
2890 952 2990 1052 3798 5798
2937 3462 3037 3562 4706 6706
450 7 550 107 5259 7259
4222 1654 4322 1754 3619 5619
4816 850 4916 950 5165 7165
673 348 773 448 3923 5923
258 1047 358 1147 3918 5918
3688 1273 3788 1373 6542 8542
3303 255 3403 355 6093 8093
5366 3735 5466 3835 3791 5791
5523 573 5623 673 5250 7250
641 1858 741 1958 4670 6670
2908 3664 3008 3764 7033 9033
3280 1741 3380 1841 6565 8565
2458 3287 2558 3387 6120 8120
1418 3179 1518 3279 5625 7625
3274 1377 3374 1477 4869 6869
1241 3881 1341 3981 4204 6204
2075 795 2175 895 5208 7208
200 3282 300 3382 6692 8692
5740 1246 5840 1346 6902 8902
3862 649 3962 749 5570 7570
5115 1785 5215 1885 4342 6342
5351 3352 5451 3452 3810 5810
513 954 613 1054 6998 8998
3273 1541 3373 1641 3790 5790
2242 3807 2342 3907 6936 8936
2374 132 2474 232 3728 5728
2229 848 2329 948 4610 6610
1827 387 1927 487 5765 7765
3077 1083 3177 1183 5195 7195
3681 1235 3781 1335 5000 7000
837 405 937 505 4843 6843
1288 1096 1388 1196 4939 6939
3516 3713 3616 3813 5535 7535
1408 2554 1508 2654 6752 8752
826 1868 926 1968 3701 5701
2581 1296 2681 1396 6140 8140
5172 864 5272 964 4682 6682
421 827 521 927 7068 9068
5176 3515 5276 3615 4931 6931
2549 1699 2649 1799 5592 7592
5218 3792 5318 3892 4909 6909
4055 350 4155 450 6543 8543
2894 3569 2994 3669 6152 8152
4193 1133 4293 1233 4812 6812
4737 2617 4837 2717 5199 7199
1505 350 1605 450 6717 8717
2033 3362 2133 3462 6430 8430
3208 3398 3308 3498 4502 6502
5232 2335 5332 2435 6350 8350
4020 1420 4120 1520 4198 6198
3436 1301 3536 1401 4015 6015
2301 1111 2401 1211 5098 7098
777 1549 877 1649 5792 7792
485 2321 585 2421 4280 6280
5251 2316 5351 2416 6848 8848
5281 2688 5381 2788 3658 5658
3504 3569 3604 3669 6796 8796
3253 3155 3353 3255 4100 6100
63 3080 163 3180 5923 7923
3856 1774 3956 1874 4457 6457
1645 474 1745 574 3426 5426
5196 832 5296 932 6399 8399
4867 1291 4967 1391 6983 8983
5280 417 5380 517 6092 8092
1551 3259 1651 3359 6684 8684
1352 3883 1452 3983 3649 5649
2076 933 2176 1033 5619 7619
2602 1827 2702 1927 4696 6696
4457 2085 4557 2185 6249 8249
1334 1321 1434 1421 6820 8820
2630 1236 2730 1336 6534 8534
1528 2968 1628 3068 5257 7257
2636 314 2736 414 6161 8161
3107 3397 3207 3497 6586 8586
1946 243 2046 343 6299 8299
4444 1271 4544 1371 7129 9129
71 2931 171 3031 4884 6884
2341 782 2441 882 4721 6721
3534 720 3634 820 5674 7674
3141 3832 3241 3932 5704 7704
547 3736 647 3836 5215 7215
3825 328 3925 428 5275 7275
4898 2521 4998 2621 5515 7515
4545 161 4645 261 4587 6587
3251 3372 3351 3472 3824 5824
1632 2766 1732 2866 4606 6606
3864 2281 3964 2381 3876 5876
3627 2833 3727 2933 3385 5385
2516 2428 2616 2528 3439 5439
2806 2741 2906 2841 5342 7342
2059 398 2159 498 5986 7986
1922 1021 2022 1121 5851 7851
2954 293 3054 393 5867 7867
3177 755 3277 855 4629 6629
3235 169 3335 269 4433 6433
5232 1796 5332 1896 6921 8921
4780 311 4880 411 4833 6833
3955 549 4055 649 4608 6608
5360 1684 5460 1784 5477 7477
3075 3148 3175 3248 6970 8970
4728 1113 4828 1213 5000 7000
915 3213 1015 3313 4402 6402
5199 713 5299 813 5813 7813
4098 2976 4198 3076 4062 6062
1272 449 1372 549 6557 8557
3857 1020 3957 1120 5342 7342
5367 3466 5467 3566 3751 5751
1238 261 1338 361 5817 7817
4741 1239 4841 1339 7025 9025
2740 1971 2840 2071 5909 7909
4116 2232 4216 2332 5225 7225
4229 3261 4329 3361 5144 7144
1163 82 1263 182 5476 7476
5557 3018 5657 3118 6691 8691
5288 528 5388 628 4564 6564
3606 3785 3706 3885 7086 9086
2697 1200 2797 1300 4185 6185
1237 203 1337 303 6001 8001
2300 2381 2400 2481 5010 7010
3214 954 3314 1054 3375 5375
2150 3813 2250 3913 6838 8838
614 2306 714 2406 5033 7033
1635 3851 1735 3951 3786 5786
1873 2344 1973 2444 6018 8018
5058 2285 5158 2385 5447 7447
2943 2595 3043 2695 5233 7233
1867 2417 1967 2517 4734 6734
315 2062 415 2162 4162 6162
2244 3327 2344 3427 6428 8428
2085 1342 2185 1442 4426 6426
3465 3156 3565 3256 5948 7948
5372 833 5472 933 6758 8758
2980 1329 3080 1429 6214 8214
2595 2863 2695 2963 5085 7085
2021 1855 2121 1955 4062 6062
3635 4 3735 104 4660 6660
5555 2230 5655 2330 6752 8752
1664 2949 1764 3049 3605 5605
5237 1019 5337 1119 5201 7201
4345 2984 4445 3084 5985 7985
1175 2857 1275 2957 6397 8397
949 374 1049 474 4947 6947
1602 44 1702 144 3407 5407
4850 546 4950 646 5978 7978
5322 1153 5422 1253 6347 8347
2564 2236 2664 2336 4457 6457
1288 3680 1388 3780 4022 6022
3639 1536 3739 1636 5857 7857
478 2403 578 2503 5477 7477
5586 862 5686 962 6618 8618
4401 1766 4501 1866 3419 5419
733 1128 833 1228 5635 7635
937 3748 1037 3848 3621 5621
908 3181 1008 3281 4908 6908
3071 365 3171 465 7123 9123
451 2735 551 2835 4805 6805
3391 3836 3491 3936 3585 5585
1723 2186 1823 2286 4828 6828
1504 2342 1604 2442 3882 5882
342 2483 442 2583 3804 5804
324 1298 424 1398 3977 5977
4913 1945 5013 2045 4882 6882
2260 2602 2360 2702 6559 8559
1638 699 1738 799 6409 8409
5643 3000 5743 3100 4051 6051
5367 2152 5467 2252 6464 8464
4445 2062 4545 2162 5303 7303
3798 2305 3898 2405 6046 8046
4537 3179 4637 3279 3484 5484
2077 1802 2177 1902 6986 8986
209 1157 309 1257 4513 6513
1216 2696 1316 2796 6629 8629
306 397 406 497 3604 5604
4823 701 4923 801 3435 5435
2393 253 2493 353 7055 9055
5187 1454 5287 1554 5712 7712
3179 3888 3279 3988 6780 8780
3953 2184 4053 2284 5044 7044
219 376 319 476 5086 7086
4490 866 4590 966 3572 5572
4576 3111 4676 3211 5421 7421
244 1077 344 1177 3567 5567
4261 3692 4361 3792 4043 6043
343 350 443 450 7101 9101
1433 3282 1533 3382 3392 5392
5413 1149 5513 1249 5881 7881
1254 587 1354 687 3443 5443
4935 2781 5035 2881 5505 7505
5592 2113 5692 2213 6409 8409
93 927 193 1027 4569 6569
816 299 916 399 4611 6611
1791 1529 1891 1629 3372 5372
2743 2661 2843 2761 6133 8133
745 3643 845 3743 6871 8871
2623 2523 2723 2623 6950 8950
2537 1053 2637 1153 7052 9052
1219 3880 1319 3980 4405 6405
2010 1365 2110 1465 5134 7134
4072 2209 4172 2309 4375 6375
1014 1790 1114 1890 3914 5914
654 1910 754 2010 4021 6021
3201 1073 3301 1173 3742 5742
4685 3223 4785 3323 4661 6661
223 3610 323 3710 5340 7340
379 281 479 381 5843 7843
1807 2540 1907 2640 6084 8084
4504 138 4604 238 5060 7060
169 2113 269 2213 4084 6084
4237 2847 4337 2947 5251 7251
258 63 358 163 6508 8508
4756 2429 4856 2529 5960 7960
5639 2602 5739 2702 6080 8080
2598 2906 2698 3006 4968 6968
999 3133 1099 3233 7065 9065
1187 3633 1287 3733 5218 7218
5148 2383 5248 2483 6563 8563
518 3185 618 3285 4822 6822
1141 1319 1241 1419 5510 7510
470 816 570 916 6991 8991
4650 1292 4750 1392 5190 7190
1739 3517 1839 3617 6745 8745
5694 2643 5794 2743 3687 5687
5718 1446 5818 1546 5650 7650
5661 1339 5761 1439 5763 7763
5714 1909 5814 2009 6276 8276
3314 1777 3414 1877 6576 8576
1549 1996 1649 2096 5327 7327
1087 3795 1187 3895 5235 7235
4491 735 4591 835 6390 8390
268 2672 368 2772 6028 8028
5549 3749 5649 3849 6788 8788
4319 3068 4419 3168 3456 5456
332 3105 432 3205 4363 6363
4567 3027 4667 3127 4935 6935
24 47 124 147 5468 7468
4859 2090 4959 2190 4666 6666
4208 2646 4308 2746 5242 7242
2023 3103 2123 3203 5540 7540
4767 2920 4867 3020 4176 6176
9 1044 109 1144 3453 5453
4675 1439 4775 1539 6509 8509
1665 3883 1765 3983 6722 8722
1806 1926 1906 2026 6800 8800
3061 2220 3161 2320 6667 8667
689 1499 789 1599 6250 8250
1617 3241 1717 3341 3626 5626
619 779 719 879 6180 8180
3953 2447 4053 2547 4056 6056
1832 358 1932 458 5259 7259
1020 1881 1120 1981 3775 5775
981 3002 1081 3102 3519 5519
2900 2091 3000 2191 4097 6097
1543 384 1643 484 4151 6151
3181 3230 3281 3330 5960 7960
2547 264 2647 364 4379 6379
4249 2445 4349 2545 4409 6409
1778 2344 1878 2444 5485 7485
1872 3362 1972 3462 6219 8219
5617 87 5717 187 4281 6281
836 1057 936 1157 5211 7211
5018 1141 5118 1241 3705 5705
1303 1436 1403 1536 5700 7700
5492 2357 5592 2457 5415 7415
1248 3108 1348 3208 5938 7938
4066 2817 4166 2917 5065 7065
4149 2777 4249 2877 5316 7316
62 3832 162 3932 3795 5795
1753 3321 1853 3421 6987 8987
316 1851 416 1951 5333 7333
520 938 620 1038 3405 5405
2925 378 3025 478 5479 7479
726 1609 826 1709 5059 7059
1882 3210 1982 3310 5496 7496
3565 1957 3665 2057 4777 6777
1988 1318 2088 1418 4103 6103
4689 141 4789 241 4679 6679
1802 418 1902 518 3414 5414
240 276 340 376 4791 6791
3404 757 3504 857 4053 6053
2750 3625 2850 3725 6858 8858
5038 1554 5138 1654 6494 8494
875 2694 975 2794 6457 8457
3535 1336 3635 1436 4127 6127
4187 3012 4287 3112 4052 6052
270 3150 370 3250 5476 7476
626 610 726 710 3542 5542
4316 1738 4416 1838 5577 7577
1085 1077 1185 1177 5734 7734
4838 3236 4938 3336 3515 5515
4524 1750 4624 1850 3600 5600
979 2825 1079 2925 6155 8155
5514 3700 5614 3800 5651 7651
2764 3158 2864 3258 6936 8936
4515 2152 4615 2252 4092 6092
5721 2542 5821 2642 5552 7552
73 591 173 691 5472 7472
3201 2978 3301 3078 6222 8222
4240 3079 4340 3179 6128 8128
4388 314 4488 414 7135 9135
5069 2933 5169 3033 5763 7763
509 1575 609 1675 3718 5718
5667 1767 5767 1867 3533 5533
4048 3715 4148 3815 5223 7223
3828 2825 3928 2925 5049 7049
2831 1056 2931 1156 4416 6416
3599 973 3699 1073 6154 8154
5632 2717 5732 2817 6127 8127
4438 2806 4538 2906 6476 8476
1365 111 1465 211 4429 6429
5004 1942 5104 2042 4861 6861
1435 2719 1535 2819 3720 5720
1439 95 1539 195 4130 6130
148 3317 248 3417 3735 5735
1652 615 1752 715 7061 9061
4397 305 4497 405 3482 5482
4017 1481 4117 1581 6832 8832
1138 3505 1238 3605 3880 5880
78 1562 178 1662 6466 8466
2473 3282 2573 3382 5648 7648
1681 2695 1781 2795 3665 5665
1673 303 1773 403 6611 8611
4534 180 4634 280 5965 7965
4297 2125 4397 2225 4006 6006
4278 2741 4378 2841 6395 8395
2700 1529 2800 1629 4220 6220
1755 3684 1855 3784 5527 7527
410 591 510 691 4878 6878
2973 533 3073 633 5549 7549
2754 2531 2854 2631 4431 6431
4142 1752 4242 1852 5712 7712
1277 2375 1377 2475 5919 7919
410 2076 510 2176 5822 7822
2573 2621 2673 2721 3489 5489
5521 2419 5621 2519 4963 6963
2152 396 2252 496 6057 8057
1593 1507 1693 1607 4049 6049
2255 173 2355 273 5912 7912
4028 515 4128 615 6866 8866
5610 34 5710 134 4574 6574
2625 2742 2725 2842 3864 5864
1183 1374 1283 1474 6648 8648
2719 56 2819 156 3641 5641
1826 1377 1926 1477 3564 5564
311 854 411 954 5108 7108
4462 350 4562 450 6099 8099
2005 169 2105 269 5397 7397
3804 3042 3904 3142 4367 6367
4705 771 4805 871 3519 5519
4784 1315 4884 1415 4275 6275
1881 2807 1981 2907 6816 8816
2865 140 2965 240 6417 8417
4222 1263 4322 1363 6319 8319
109 2611 209 2711 3673 5673
13 2253 113 2353 6652 8652
3023 2929 3123 3029 6975 8975
911 3516 1011 3616 5490 7490
620 1144 720 1244 4776 6776
3668 2959 3768 3059 4246 6246
991 287 1091 387 6499 8499
1639 2212 1739 2312 5059 7059
4011 33 4111 133 6457 8457
3645 1273 3745 1373 3609 5609
951 206 1051 306 4830 6830
4797 2107 4897 2207 6469 8469
3480 1436 3580 1536 6773 8773
5447 1242 5547 1342 6332 8332
809 1628 909 1728 4151 6151
4410 1518 4510 1618 6541 8541
2502 2675 2602 2775 6112 8112
1800 2481 1900 2581 5742 7742
4929 2273 5029 2373 4251 6251
2144 928 2244 1028 7011 9011
1905 3653 2005 3753 6755 8755
851 2617 951 2717 3676 5676
5033 1328 5133 1428 7051 9051
1139 3880 1239 3980 4953 6953
4313 144 4413 244 5275 7275
585 809 685 909 6916 8916
401 248 501 348 4583 6583
3356 3521 3456 3621 5045 7045
404 484 504 584 4211 6211
151 329 251 429 3453 5453
1078 416 1178 516 4046 6046
3848 705 3948 805 4620 6620
3285 3449 3385 3549 6360 8360
2412 2369 2512 2469 3659 5659
2141 981 2241 1081 6174 8174
4198 1679 4298 1779 6100 8100
216 867 316 967 4311 6311
2669 1485 2769 1585 6032 8032
2819 1846 2919 1946 3740 5740
3572 1824 3672 1924 5963 7963
3938 198 4038 298 5825 7825
4317 2322 4417 2422 4362 6362
4869 1097 4969 1197 5094 7094
2782 3265 2882 3365 5983 7983
4607 863 4707 963 4125 6125
4861 2071 4961 2171 4493 6493
3319 3103 3419 3203 6487 8487
1930 1484 2030 1584 5311 7311
3600 944 3700 1044 3759 5759
2330 1103 2430 1203 4385 6385
263 1641 363 1741 5387 7387
5600 906 5700 1006 6379 8379
3075 267 3175 367 5994 7994
2908 3547 3008 3647 4143 6143
1605 1675 1705 1775 6600 8600
2925 3847 3025 3947 3963 5963
2266 415 2366 515 5219 7219
582 679 682 779 4887 6887
1229 356 1329 456 4219 6219
5166 3833 5266 3933 6151 8151
1614 984 1714 1084 5323 7323
2028 1274 2128 1374 4506 6506
433 261 533 361 4951 6951
5302 3890 5402 3990 5877 7877
1824 2826 1924 2926 3804 5804
5283 704 5383 804 3631 5631
994 2947 1094 3047 6415 8415
2868 2620 2968 2720 5558 7558
986 1208 1086 1308 5816 7816
4461 558 4561 658 5462 7462
748 1089 848 1189 5417 7417
5267 2999 5367 3099 6461 8461
5113 808 5213 908 3720 5720
520 2010 620 2110 6880 8880
4646 821 4746 921 3476 5476
241 3252 341 3352 5570 7570
3647 920 3747 1020 6746 8746
962 829 1062 929 6774 8774
5598 562 5698 662 5498 7498
5039 1063 5139 1163 5402 7402
508 2030 608 2130 3733 5733
4857 3856 4957 3956 6274 8274
1275 2143 1375 2243 6824 8824
4320 2305 4420 2405 4235 6235
5418 1494 5518 1594 5146 7146
986 1227 1086 1327 3574 5574
243 1450 343 1550 3881 5881
267 2580 367 2680 6242 8242
1640 3889 1740 3989 6731 8731
404 586 504 686 5773 7773
1724 405 1824 505 6571 8571
2579 2925 2679 3025 5635 7635
4445 1619 4545 1719 4100 6100
2567 648 2667 748 3547 5547
2799 1251 2899 1351 6905 8905
672 3599 772 3699 7068 9068
2575 596 2675 696 6393 8393
3761 2989 3861 3089 4155 6155
1357 292 1457 392 4638 6638
2643 2919 2743 3019 4845 6845
45 2222 145 2322 5193 7193
1158 3191 1258 3291 3538 5538
5508 3521 5608 3621 5487 7487
1540 2771 1640 2871 5526 7526
1255 2795 1355 2895 3818 5818
4112 670 4212 770 5909 7909
4611 3392 4711 3492 4787 6787
1764 1583 1864 1683 3828 5828
1170 2469 1270 2569 6858 8858
4344 1463 4444 1563 4696 6696
4290 2124 4390 2224 3566 5566
2070 2581 2170 2681 5503 7503
3094 2789 3194 2889 4199 6199
2895 834 2995 934 5204 7204
54 1674 154 1774 5613 7613
542 249 642 349 3432 5432
158 439 258 539 4729 6729
5438 3538 5538 3638 6245 8245
4616 1827 4716 1927 3736 5736
438 3097 538 3197 6004 8004
4237 2628 4337 2728 4567 6567
1067 827 1167 927 4298 6298
5543 618 5643 718 5788 7788
4333 967 4433 1067 5998 7998
1665 3772 1765 3872 3430 5430
5524 1232 5624 1332 5389 7389
5102 692 5202 792 4686 6686
4078 1500 4178 1600 4345 6345
5662 1338 5762 1438 3476 5476
833 500 933 600 5020 7020
3165 1903 3265 2003 5009 7009
2325 2622 2425 2722 5688 7688
5214 1789 5314 1889 5129 7129
116 429 216 529 5871 7871
1712 2562 1812 2662 6301 8301
4964 528 5064 628 6865 8865
2502 145 2602 245 6332 8332
595 3557 695 3657 6543 8543
455 3141 555 3241 5858 7858
3805 118 3905 218 3995 5995
4060 2347 4160 2447 4799 6799
322 249 422 349 4273 6273
404 2960 504 3060 6644 8644
1657 161 1757 261 5203 7203
1790 489 1890 589 3879 5879
857 2964 957 3064 4916 6916
5695 35 5795 135 5028 7028
5532 1191 5632 1291 3478 5478
5254 2168 5354 2268 5236 7236
4842 892 4942 992 3554 5554
4736 1708 4836 1808 4410 6410
3984 3344 4084 3444 3982 5982
4207 72 4307 172 4870 6870
19 1560 119 1660 6147 8147
941 3628 1041 3728 4573 6573
4004 839 4104 939 4401 6401
2697 2229 2797 2329 3880 5880
2675 688 2775 788 4324 6324
2829 2865 2929 2965 5459 7459
3632 892 3732 992 6965 8965
4812 574 4912 674 5051 7051
264 2410 364 2510 3449 5449
3242 1220 3342 1320 6574 8574
2291 2694 2391 2794 4877 6877
3268 707 3368 807 4628 6628
2143 476 2243 576 7083 9083
4435 3775 4535 3875 4429 6429
1717 296 1817 396 3398 5398
324 1397 424 1497 5487 7487
1817 2418 1917 2518 3974 5974
4261 824 4361 924 5347 7347
234 210 334 310 6843 8843
3198 825 3298 925 4345 6345
971 1730 1071 1830 6568 8568
1503 432 1603 532 4037 6037
1950 1321 2050 1421 4798 6798
2616 2057 2716 2157 7051 9051
4009 2674 4109 2774 4492 6492
732 463 832 563 3515 5515
3779 1493 3879 1593 5986 7986
770 104 870 204 4550 6550
2735 1904 2835 2004 6111 8111
2729 2435 2829 2535 3742 5742
4959 365 5059 465 6903 8903
4809 3808 4909 3908 7064 9064
2114 2036 2214 2136 3754 5754
1986 1038 2086 1138 3869 5869
1380 389 1480 489 4148 6148
3525 779 3625 879 5545 7545
5509 1172 5609 1272 4706 6706
588 1055 688 1155 5225 7225
4503 1002 4603 1102 5437 7437
1401 3423 1501 3523 7093 9093
5453 331 5553 431 6282 8282
2835 2222 2935 2322 4509 6509
2001 2002 2101 2102 4706 6706
5096 2642 5196 2742 5141 7141
991 2769 1091 2869 5201 7201
1779 2522 1879 2622 4913 6913
3149 2050 3249 2150 6392 8392
1731 1118 1831 1218 6897 8897
1232 3046 1332 3146 4633 6633
2994 2895 3094 2995 6843 8843
3920 1490 4020 1590 3615 5615
346 3058 446 3158 3590 5590
70 1634 170 1734 5759 7759
3936 1034 4036 1134 6109 8109
4736 3317 4836 3417 6224 8224
740 700 840 800 3879 5879
4162 2855 4262 2955 5083 7083
2110 2067 2210 2167 6586 8586
1095 3589 1195 3689 4125 6125
4959 276 5059 376 6305 8305
4396 960 4496 1060 4286 6286
4917 858 5017 958 7043 9043
402 2372 502 2472 5288 7288
3896 3639 3996 3739 3598 5598
1266 3044 1366 3144 6240 8240
5376 975 5476 1075 6452 8452
2526 3362 2626 3462 6408 8408
5074 2170 5174 2270 3675 5675
1571 3761 1671 3861 4299 6299
2263 3830 2363 3930 4482 6482
4467 1901 4567 2001 4599 6599
1050 3454 1150 3554 5467 7467
1141 1662 1241 1762 4454 6454
2105 1022 2205 1122 7087 9087
2746 275 2846 375 3831 5831
4608 2191 4708 2291 6149 8149
3730 85 3830 185 5949 7949
3813 2560 3913 2660 5004 7004
296 279 396 379 5165 7165
1257 190 1357 290 3504 5504
3396 1287 3496 1387 6012 8012
5446 2406 5546 2506 7067 9067
2565 53 2665 153 6890 8890
565 1011 665 1111 4522 6522
3934 1164 4034 1264 4375 6375
186 3674 286 3774 5956 7956
2096 2843 2196 2943 4333 6333
2345 1369 2445 1469 6659 8659
3043 72 3143 172 5266 7266
96 2541 196 2641 6350 8350
3653 3747 3753 3847 4059 6059
1440 3401 1540 3501 4749 6749
4114 3611 4214 3711 6227 8227
1702 2847 1802 2947 5393 7393
3288 691 3388 791 4146 6146
4397 1592 4497 1692 3682 5682
583 2467 683 2567 4987 6987
5301 1531 5401 1631 5656 7656
661 2201 761 2301 5994 7994
270 2932 370 3032 5255 7255
1202 1159 1302 1259 6648 8648
1631 1278 1731 1378 3862 5862
2607 190 2707 290 4435 6435
1190 3458 1290 3558 6105 8105
4673 1649 4773 1749 3377 5377
4321 2840 4421 2940 4249 6249
106 1422 206 1522 6057 8057
1501 3875 1601 3975 3842 5842
283 3711 383 3811 5101 7101
4148 1208 4248 1308 6187 8187
2319 2954 2419 3054 3464 5464
5592 2434 5692 2534 7112 9112
1085 3302 1185 3402 4078 6078
3950 2960 4050 3060 7092 9092
4378 1169 4478 1269 6421 8421
5195 1591 5295 1691 4742 6742
1954 98 2054 198 3391 5391
2491 3433 2591 3533 5002 7002
3964 2511 4064 2611 3652 5652
3122 57 3222 157 7102 9102
1167 1110 1267 1210 5351 7351
1201 1613 1301 1713 6625 8625
4662 2316 4762 2416 4764 6764
5290 1681 5390 1781 6394 8394
4232 3802 4332 3902 4748 6748
5331 2816 5431 2916 6043 8043
1501 2969 1601 3069 5150 7150
5361 1422 5461 1522 3684 5684
5542 3607 5642 3707 4354 6354
2707 22 2807 122 3918 5918
2865 1402 2965 1502 4683 6683
2585 3599 2685 3699 4062 6062
2390 1494 2490 1594 6738 8738
254 1675 354 1775 4140 6140
3108 1046 3208 1146 4869 6869
4697 7 4797 107 3489 5489
4153 3895 4253 3995 6321 8321
2136 1181 2236 1281 6839 8839
5335 3385 5435 3485 3420 5420
3657 20 3757 120 4080 6080
697 2592 797 2692 3676 5676
5623 2351 5723 2451 4396 6396
1062 2979 1162 3079 6636 8636
4769 2474 4869 2574 3565 5565
5132 1298 5232 1398 6444 8444
786 465 886 565 7015 9015
2116 1566 2216 1666 7073 9073
700 798 800 898 4542 6542
5322 2842 5422 2942 6918 8918
2723 1002 2823 1102 5271 7271
2320 642 2420 742 5007 7007
92 1466 192 1566 6855 8855
2981 2435 3081 2535 6109 8109
4721 1964 4821 2064 4585 6585
4860 1735 4960 1835 3634 5634
1890 1649 1990 1749 4210 6210
