1395
3328 4352 3455 4479 4972 5972
3328 2560 3455 2687 6214 7214
1920 3328 2047 3455 5498 6498
128 3072 255 3199 5198 6198
2944 3072 3071 3199 5981 6981
1280 2304 1407 2431 4972 5972
1920 3968 2047 4095 4307 5307
3200 768 3327 895 8026 9026
384 3712 511 3839 6958 7958
3328 3200 3455 3327 4018 5018
3328 5504 3455 5631 7431 8431
2816 4992 2943 5119 6703 7703
1024 128 1151 255 7066 8066
0 256 127 383 7608 8608
3200 5248 3327 5375 7772 8772
2176 3456 2303 3583 5805 6805
3072 1408 3199 1535 4814 5814
3328 3072 3455 3199 7300 8300
1792 1664 1919 1791 6029 7029
2048 0 2175 127 5288 6288
1664 512 1791 639 7169 8169
2304 2048 2431 2175 4601 5601
1152 1920 1279 2047 7546 8546
1536 4864 1663 4991 7350 8350
3328 1920 3455 2047 6783 7783
512 1536 639 1663 6704 7704
1536 1408 1663 1535 4556 5556
2304 5376 2431 5503 4131 5131
2688 3328 2815 3455 4938 5938
2560 2944 2687 3071 4217 5217
896 4736 1023 4863 6984 7984
2560 1536 2687 1663 6539 7539
1536 384 1663 511 7060 8060
1664 0 1791 127 4342 5342
3840 4224 3967 4351 3597 4597
256 3072 383 3199 6722 7722
1792 1152 1919 1279 7764 8764
3584 1152 3711 1279 4533 5533
512 2688 639 2815 3661 4661
768 1280 895 1407 6582 7582
128 2688 255 2815 5181 6181
1792 5376 1919 5503 7721 8721
2816 2688 2943 2815 6966 7966
2688 768 2815 895 5928 6928
2432 3072 2559 3199 4241 5241
3328 640 3455 767 3650 4650
256 2048 383 2175 3593 4593
2176 4224 2303 4351 5684 6684
2432 3456 2559 3583 7580 8580
768 0 895 127 8072 9072
3584 1024 3711 1151 4654 5654
3712 768 3839 895 3661 4661
2048 3840 2175 3967 4533 5533
0 5504 127 5631 4060 5060
1024 3968 1151 4095 4693 5693
512 2816 639 2943 4998 5998
3840 4608 3967 4735 4445 5445
256 1920 383 2047 5878 6878
2560 1280 2687 1407 5758 6758
896 384 1023 511 6012 7012
1024 3456 1151 3583 6724 7724
1024 3712 1151 3839 6423 7423
384 768 511 895 4411 5411
1152 384 1279 511 7466 8466
1280 4608 1407 4735 4446 5446
2048 2560 2175 2687 6458 7458
1920 5376 2047 5503 7869 8869
0 4224 127 4351 5891 6891
1536 2176 1663 2303 4673 5673
1920 3456 2047 3583 3390 4390
0 3200 127 3327 6155 7155
2176 2048 2303 2175 3535 4535
1920 4480 2047 4607 7740 8740
2688 2560 2815 2687 4981 5981
128 4736 255 4863 6092 7092
1152 3712 1279 3839 3841 4841
1536 256 1663 383 5261 6261
1920 4224 2047 4351 8135 9135
640 3840 767 3967 7976 8976
3712 1152 3839 1279 6522 7522
3328 2944 3455 3071 8067 9067
3584 1536 3711 1663 6311 7311
3456 896 3583 1023 6812 7812
0 2432 127 2559 6281 7281
2688 2176 2815 2303 4052 5052
0 5632 127 5759 8134 9134
1920 2944 2047 3071 7908 8908
256 5248 383 5375 5126 6126
2432 2304 2559 2431 7693 8693
3200 3456 3327 3583 7348 8348
640 1664 767 1791 7767 8767
640 4992 767 5119 6278 7278
3712 4864 3839 4991 7452 8452
2944 3200 3071 3327 5859 6859
384 2816 511 2943 7425 8425
1536 1920 1663 2047 3759 4759
2048 3712 2175 3839 5998 6998
2560 4864 2687 4991 7154 8154
3456 0 3583 127 6279 7279
2560 1024 2687 1151 7300 8300
1408 5248 1535 5375 7174 8174
1664 4352 1791 4479 4294 5294
512 0 639 127 7464 8464
2816 4224 2943 4351 3826 4826
896 3072 1023 3199 7726 8726
1280 5376 1407 5503 7237 8237
1024 4480 1151 4607 4297 5297
1280 5248 1407 5375 4847 5847
1792 1024 1919 1151 7232 8232
2304 3712 2431 3839 5954 6954
2944 512 3071 639 7998 8998
128 384 255 511 4211 5211
128 2048 255 2175 4125 5125
1408 1408 1535 1535 3722 4722
512 1280 639 1407 7122 8122
128 2816 255 2943 4806 5806
3328 3840 3455 3967 5538 6538
1920 1536 2047 1663 6890 7890
3200 3328 3327 3455 6561 7561
3072 2048 3199 2175 5091 6091
1920 2688 2047 2815 7919 8919
3712 5504 3839 5631 8009 9009
3456 4608 3583 4735 5050 6050
2176 4352 2303 4479 7232 8232
1536 2688 1663 2815 7549 8549
3584 5504 3711 5631 4335 5335
2816 4608 2943 4735 7620 8620
1664 3456 1791 3583 7228 8228
1152 1792 1279 1919 5171 6171
3200 0 3327 127 7580 8580
3072 256 3199 383 6389 7389
2176 2176 2303 2303 4205 5205
3584 1280 3711 1407 5556 6556
1408 128 1535 255 7534 8534
512 896 639 1023 4660 5660
3456 3200 3583 3327 5142 6142
2816 1536 2943 1663 6632 7632
3840 5632 3967 5759 7407 8407
3456 1152 3583 1279 3670 4670
3328 768 3455 895 5724 6724
2176 0 2303 127 5221 6221
1280 896 1407 1023 5349 6349
1920 1152 2047 1279 3617 4617
2176 512 2303 639 5975 6975
3712 3968 3839 4095 5700 6700
1280 5632 1407 5759 7368 8368
2688 384 2815 511 4462 5462
3328 3968 3455 4095 4919 5919
2048 1536 2175 1663 7939 8939
3072 1664 3199 1791 4704 5704
3840 3456 3967 3583 3692 4692
2944 1792 3071 1919 4771 5771
640 5248 767 5375 4573 5573
1408 4736 1535 4863 5371 6371
512 3840 639 3967 3863 4863
384 3328 511 3455 5803 6803
2944 384 3071 511 3388 4388
2304 1536 2431 1663 5164 6164
3840 3968 3967 4095 4892 5892
128 4224 255 4351 5188 6188
128 5120 255 5247 4604 5604
384 0 511 127 4962 5962
1792 128 1919 255 6022 7022
896 5248 1023 5375 3841 4841
3712 5120 3839 5247 6177 7177
2048 3200 2175 3327 4363 5363
768 768 895 895 5612 6612
2176 640 2303 767 4669 5669
1152 1152 1279 1279 5452 6452
2688 3456 2815 3583 7732 8732
0 2816 127 2943 4075 5075
0 3712 127 3839 7302 8302
2560 2432 2687 2559 4941 5941
2432 1664 2559 1791 4321 5321
640 3200 767 3327 6959 7959
3072 896 3199 1023 4323 5323
3584 5632 3711 5759 5370 6370
1536 1664 1663 1791 5102 6102
3072 3072 3199 3199 5871 6871
1024 2816 1151 2943 6990 7990
2816 3200 2943 3327 6436 7436
3584 1408 3711 1535 6192 7192
896 3968 1023 4095 3621 4621
2048 4096 2175 4223 7638 8638
512 4736 639 4863 5245 6245
3712 4096 3839 4223 4113 5113
256 3968 383 4095 7123 8123
2688 0 2815 127 5262 6262
768 1024 895 1151 7727 8727
768 256 895 383 5696 6696
1792 4352 1919 4479 4131 5131
1280 1664 1407 1791 6013 7013
2688 128 2815 255 4339 5339
1152 3456 1279 3583 3834 4834
2432 5376 2559 5503 6483 7483
512 3584 639 3711 7145 8145
128 3200 255 3327 4826 5826
1920 3712 2047 3839 5777 6777
1792 4480 1919 4607 3675 4675
2176 1664 2303 1791 6907 7907
2560 128 2687 255 5369 6369
3840 4864 3967 4991 6200 7200
128 1920 255 2047 7891 8891
2688 2944 2815 3071 6940 7940
1152 3200 1279 3327 4202 5202
2304 896 2431 1023 3762 4762
2048 2304 2175 2431 7892 8892
1280 1920 1407 2047 6201 7201
2304 2432 2431 2559 5493 6493
3712 4608 3839 4735 7444 8444
1408 3840 1535 3967 6872 7872
3328 4096 3455 4223 3789 4789
1280 1408 1407 1535 5497 6497
768 1152 895 1279 7123 8123
3072 1024 3199 1151 5109 6109
1280 3584 1407 3711 4423 5423
1024 5504 1151 5631 4917 5917
128 0 255 127 5913 6913
3072 1792 3199 1919 8135 9135
3456 3968 3583 4095 4505 5505
1024 4224 1151 4351 3469 4469
2432 2688 2559 2815 4126 5126
2688 5504 2815 5631 7147 8147
128 4864 255 4991 4437 5437
384 3200 511 3327 4589 5589
512 2304 639 2431 7311 8311
256 1664 383 1791 5263 6263
1664 1024 1791 1151 7865 8865
128 3968 255 4095 4948 5948
1664 2688 1791 2815 7388 8388
1408 896 1535 1023 6633 7633
768 2688 895 2815 6947 7947
512 4480 639 4607 5448 6448
2688 1408 2815 1535 3436 4436
2432 896 2559 1023 5747 6747
1792 4736 1919 4863 6279 7279
1792 2688 1919 2815 5648 6648
1280 3456 1407 3583 5499 6499
512 5376 639 5503 6161 7161
2048 5632 2175 5759 7770 8770
1280 128 1407 255 4803 5803
3712 5632 3839 5759 6715 7715
2944 2688 3071 2815 5241 6241
1280 1792 1407 1919 3981 4981
1408 2048 1535 2175 7519 8519
128 256 255 383 4031 5031
896 4096 1023 4223 6854 7854
3072 5504 3199 5631 4296 5296
384 1664 511 1791 6573 7573
3456 3584 3583 3711 6849 7849
3840 2304 3967 2431 7251 8251
2432 5120 2559 5247 6671 7671
2048 4992 2175 5119 7604 8604
2432 256 2559 383 8079 9079
3328 2176 3455 2303 4789 5789
3328 4480 3455 4607 4053 5053
0 4480 127 4607 7251 8251
1408 1536 1535 1663 3733 4733
128 1664 255 1791 3779 4779
3584 3328 3711 3455 4059 5059
1664 3840 1791 3967 7751 8751
256 128 383 255 4093 5093
3200 4352 3327 4479 7635 8635
896 1920 1023 2047 5059 6059
3840 384 3967 511 5979 6979
1920 256 2047 383 7063 8063
256 5632 383 5759 5020 6020
3456 5504 3583 5631 3487 4487
2688 1664 2815 1791 6243 7243
3456 4352 3583 4479 4862 5862
3712 3712 3839 3839 4938 5938
256 640 383 767 4728 5728
1024 1280 1151 1407 5258 6258
2944 1536 3071 1663 6808 7808
3456 2560 3583 2687 5338 6338
3584 4864 3711 4991 4637 5637
2944 3584 3071 3711 7468 8468
768 4736 895 4863 5874 6874
640 1792 767 1919 7384 8384
640 4224 767 4351 7722 8722
2944 2816 3071 2943 4583 5583
128 1408 255 1535 6495 7495
3584 4992 3711 5119 8074 9074
2560 4736 2687 4863 5869 6869
896 256 1023 383 3487 4487
3328 0 3455 127 4723 5723
2176 4736 2303 4863 3603 4603
3584 2304 3711 2431 7367 8367
128 2944 255 3071 5086 6086
3200 4096 3327 4223 5832 6832
128 768 255 895 5107 6107
256 2176 383 2303 6518 7518
2560 2176 2687 2303 6554 7554
896 4224 1023 4351 6424 7424
3072 5632 3199 5759 5258 6258
2048 3456 2175 3583 6214 7214
2944 3968 3071 4095 5347 6347
2432 1408 2559 1535 6907 7907
2688 4992 2815 5119 3382 4382
512 1152 639 1279 3451 4451
3456 5376 3583 5503 5451 6451
1408 2688 1535 2815 4950 5950
1664 1408 1791 1535 4808 5808
2432 2560 2559 2687 7338 8338
1792 2048 1919 2175 5439 6439
3456 1024 3583 1151 3827 4827
384 2176 511 2303 5657 6657
384 4864 511 4991 6589 7589
1152 4224 1279 4351 3382 4382
3584 5248 3711 5375 4901 5901
3584 5120 3711 5247 6171 7171
1408 2304 1535 2431 4595 5595
1664 128 1791 255 5077 6077
1792 3328 1919 3455 6106 7106
2304 4736 2431 4863 4145 5145
1536 128 1663 255 5193 6193
3712 3456 3839 3583 4510 5510
768 3712 895 3839 4377 5377
1408 2560 1535 2687 6241 7241
3584 768 3711 895 8046 9046
768 4224 895 4351 6839 7839
384 512 511 639 7978 8978
1280 384 1407 511 6424 7424
3712 2176 3839 2303 7074 8074
0 2560 127 2687 8083 9083
2688 5632 2815 5759 3543 4543
3712 1664 3839 1791 6970 7970
2816 5504 2943 5631 7111 8111
768 1920 895 2047 4131 5131
1024 2688 1151 2815 6981 7981
2048 2176 2175 2303 7191 8191
640 2944 767 3071 8032 9032
3584 4096 3711 4223 3791 4791
1664 3072 1791 3199 5680 6680
512 2944 639 3071 7231 8231
1152 768 1279 895 5860 6860
2176 2944 2303 3071 7958 8958
1024 3584 1151 3711 4748 5748
3840 896 3967 1023 6130 7130
1792 1536 1919 1663 5021 6021
640 512 767 639 8099 9099
2048 5120 2175 5247 4161 5161
1024 1152 1151 1279 8066 9066
1664 1152 1791 1279 5036 6036
3200 1280 3327 1407 3948 4948
3200 4480 3327 4607 4071 5071
3584 3840 3711 3967 6859 7859
2304 5120 2431 5247 5088 6088
2816 384 2943 511 5078 6078
256 0 383 127 4960 5960
2816 3840 2943 3967 6815 7815
3712 3584 3839 3711 5598 6598
1152 3840 1279 3967 6619 7619
768 3328 895 3455 5100 6100
768 1536 895 1663 4532 5532
3072 3328 3199 3455 6562 7562
3712 3328 3839 3455 7093 8093
0 5120 127 5247 8131 9131
1920 4992 2047 5119 5534 6534
2432 4608 2559 4735 7853 8853
0 2304 127 2431 4025 5025
2304 5504 2431 5631 6406 7406
3584 3712 3711 3839 7746 8746
3456 384 3583 511 4445 5445
1792 4992 1919 5119 5768 6768
1664 3200 1791 3327 3889 4889
512 2432 639 2559 3986 4986
3456 2944 3583 3071 7407 8407
768 3840 895 3967 7087 8087
2304 128 2431 255 6745 7745
896 1152 1023 1279 4288 5288
1920 640 2047 767 7046 8046
512 1024 639 1151 4588 5588
2048 2944 2175 3071 4215 5215
896 3712 1023 3839 3942 4942
3328 5248 3455 5375 5165 6165
2304 4992 2431 5119 6736 7736
1408 2944 1535 3071 4482 5482
1920 2048 2047 2175 3934 4934
2432 640 2559 767 3674 4674
2176 1920 2303 2047 7893 8893
3712 640 3839 767 7379 8379
3840 2048 3967 2175 7722 8722
3200 1536 3327 1663 6372 7372
2432 2048 2559 2175 6160 7160
768 5120 895 5247 5936 6936
1408 0 1535 127 6616 7616
384 4608 511 4735 5113 6113
3584 4352 3711 4479 7748 8748
640 3072 767 3199 5831 6831
1536 5120 1663 5247 6647 7647
0 2048 127 2175 3633 4633
1280 2560 1407 2687 5918 6918
1664 2304 1791 2431 8074 9074
2432 4224 2559 4351 4708 5708
2432 4480 2559 4607 3546 4546
640 3456 767 3583 5644 6644
2560 640 2687 767 7144 8144
2176 4608 2303 4735 4634 5634
1024 2176 1151 2303 4591 5591
128 1792 255 1919 7571 8571
2816 4096 2943 4223 7373 8373
128 1280 255 1407 5318 6318
2432 4736 2559 4863 5840 6840
1280 3072 1407 3199 5269 6269
2944 256 3071 383 7711 8711
2816 128 2943 255 4686 5686
2432 3200 2559 3327 3865 4865
640 1536 767 1663 4053 5053
3328 384 3455 511 5250 6250
1792 1280 1919 1407 5990 6990
3584 896 3711 1023 3806 4806
1664 384 1791 511 6310 7310
2944 4864 3071 4991 5572 6572
2048 640 2175 767 3860 4860
896 2688 1023 2815 4330 5330
896 3584 1023 3711 8137 9137
1152 896 1279 1023 7105 8105
1408 2816 1535 2943 7893 8893
1536 1792 1663 1919 7746 8746
128 1536 255 1663 4796 5796
3840 4736 3967 4863 3452 4452
3456 3712 3583 3839 8008 9008
3200 1024 3327 1151 7343 8343
1280 4096 1407 4223 3387 4387
3072 4608 3199 4735 6397 7397
640 3968 767 4095 4571 5571
256 768 383 895 5660 6660
3328 1280 3455 1407 7223 8223
3712 1280 3839 1407 7655 8655
384 3456 511 3583 3933 4933
1408 5120 1535 5247 6654 7654
768 3072 895 3199 6888 7888
3840 3200 3967 3327 5880 6880
1536 1536 1663 1663 6175 7175
3712 896 3839 1023 4017 5017
3840 4992 3967 5119 7272 8272
512 1664 639 1791 7490 8490
1280 4224 1407 4351 4512 5512
1536 5504 1663 5631 7955 8955
2048 3072 2175 3199 6421 7421
128 2432 255 2559 4183 5183
1280 5120 1407 5247 5442 6442
1408 768 1535 895 4591 5591
1152 2176 1279 2303 6384 7384
2176 5376 2303 5503 5931 6931
2304 3200 2431 3327 7371 8371
896 1280 1023 1407 6382 7382
1664 4608 1791 4735 6717 7717
2688 2688 2815 2815 4176 5176
1408 1792 1535 1919 7809 8809
1664 4992 1791 5119 3373 4373
3456 2304 3583 2431 4258 5258
2304 512 2431 639 7677 8677
1024 2048 1151 2175 4398 5398
2560 1152 2687 1279 4274 5274
2688 4352 2815 4479 7756 8756
3200 1664 3327 1791 7419 8419
2048 512 2175 639 3615 4615
1408 3328 1535 3455 6839 7839
3584 0 3711 127 6934 7934
1280 1536 1407 1663 4177 5177
1792 4864 1919 4991 7174 8174
1792 4096 1919 4223 7504 8504
3072 2688 3199 2815 3739 4739
2176 5120 2303 5247 5209 6209
3328 5120 3455 5247 5202 6202
384 1408 511 1535 7640 8640
3200 384 3327 511 4559 5559
3072 3584 3199 3711 6343 7343
2304 0 2431 127 4507 5507
1280 2816 1407 2943 7610 8610
768 4480 895 4607 4207 5207
768 128 895 255 3631 4631
3072 128 3199 255 5882 6882
3456 2432 3583 2559 7221 8221
640 2176 767 2303 6191 7191
1792 2432 1919 2559 5114 6114
2304 4352 2431 4479 7284 8284
2816 1920 2943 2047 4769 5769
1792 3840 1919 3967 5919 6919
128 3328 255 3455 6953 7953
2688 4864 2815 4991 6592 7592
768 512 895 639 3858 4858
640 4864 767 4991 3542 4542
768 5248 895 5375 4671 5671
1152 2944 1279 3071 4761 5761
896 2048 1023 2175 7927 8927
1792 256 1919 383 3950 4950
896 3840 1023 3967 6827 7827
512 640 639 767 3678 4678
3840 1536 3967 1663 4566 5566
640 3328 767 3455 7633 8633
3200 3968 3327 4095 7481 8481
2816 3968 2943 4095 3930 4930
1664 1536 1791 1663 5053 6053
512 3072 639 3199 6371 7371
3840 768 3967 895 5761 6761
2944 5120 3071 5247 6375 7375
768 5632 895 5759 7560 8560
512 5632 639 5759 5786 6786
3072 5120 3199 5247 4563 5563
384 4096 511 4223 4082 5082
3712 4480 3839 4607 6622 7622
2176 3968 2303 4095 4823 5823
2944 1280 3071 1407 3645 4645
2816 896 2943 1023 7524 8524
768 4608 895 4735 7644 8644
1536 3200 1663 3327 7209 8209
3456 1792 3583 1919 6668 7668
896 128 1023 255 6094 7094
640 4736 767 4863 6810 7810
2944 5248 3071 5375 5481 6481
1024 3840 1151 3967 4546 5546
1792 2560 1919 2687 7297 8297
2176 2432 2303 2559 5653 6653
3200 2560 3327 2687 7668 8668
2432 4352 2559 4479 5740 6740
640 128 767 255 7261 8261
2944 1920 3071 2047 3478 4478
1152 4608 1279 4735 4427 5427
2304 4224 2431 4351 7569 8569
256 3712 383 3839 6494 7494
896 4352 1023 4479 5741 6741
0 640 127 767 6910 7910
640 4608 767 4735 4105 5105
3840 2688 3967 2815 7424 8424
1152 1408 1279 1535 5142 6142
1280 2432 1407 2559 6496 7496
3200 2176 3327 2303 7480 8480
3712 384 3839 511 6383 7383
2688 1920 2815 2047 5963 6963
2304 1920 2431 2047 3903 4903
2944 5376 3071 5503 4146 5146
2432 1024 2559 1151 6266 7266
2688 3712 2815 3839 7177 8177
640 5120 767 5247 4420 5420
1920 4352 2047 4479 5651 6651
2176 2304 2303 2431 3733 4733
1920 128 2047 255 5311 6311
2304 2816 2431 2943 4179 5179
128 4608 255 4735 6456 7456
1152 2304 1279 2431 3981 4981
3072 4096 3199 4223 8111 9111
3072 5248 3199 5375 4683 5683
512 5504 639 5631 7907 8907
384 2944 511 3071 5624 6624
640 3584 767 3711 6032 7032
3712 4224 3839 4351 5507 6507
1408 4864 1535 4991 4745 5745
2816 2816 2943 2943 6140 7140
3200 5120 3327 5247 6563 7563
3712 1536 3839 1663 4174 5174
2944 896 3071 1023 6315 7315
1280 1280 1407 1407 4165 5165
1152 3968 1279 4095 4766 5766
2688 2048 2815 2175 7050 8050
2944 3456 3071 3583 5270 6270
256 3200 383 3327 3589 4589
3840 128 3967 255 7227 8227
2176 3328 2303 3455 6431 7431
2432 3584 2559 3711 6601 7601
1024 896 1151 1023 5050 6050
1024 4864 1151 4991 4015 5015
0 4736 127 4863 4428 5428
2304 1408 2431 1535 4997 5997
256 5120 383 5247 7821 8821
1792 768 1919 895 7298 8298
2304 3968 2431 4095 7277 8277
3584 5376 3711 5503 3414 4414
1280 4864 1407 4991 4469 5469
2304 384 2431 511 5138 6138
1280 640 1407 767 3551 4551
3072 3968 3199 4095 5079 6079
128 4352 255 4479 5109 6109
3328 4864 3455 4991 6685 7685
3712 512 3839 639 4847 5847
1280 0 1407 127 7362 8362
3456 4736 3583 4863 4577 5577
1792 3712 1919 3839 4035 5035
1664 3968 1791 4095 5788 6788
768 4864 895 4991 4398 5398
128 3840 255 3967 7228 8228
256 4352 383 4479 3644 4644
512 768 639 895 7343 8343
3712 2944 3839 3071 5074 6074
768 1792 895 1919 5039 6039
1152 640 1279 767 8074 9074
3200 4992 3327 5119 4025 5025
384 1024 511 1151 5257 6257
2304 2560 2431 2687 7161 8161
1152 5632 1279 5759 7085 8085
3072 2944 3199 3071 5539 6539
1536 2816 1663 2943 4071 5071
3712 1792 3839 1919 7729 8729
3072 4992 3199 5119 3648 4648
1536 1024 1663 1151 5697 6697
256 384 383 511 4463 5463
1536 4096 1663 4223 7575 8575
512 4864 639 4991 6656 7656
1792 5632 1919 5759 6327 7327
896 512 1023 639 3905 4905
1024 5120 1151 5247 3654 4654
3840 2560 3967 2687 3560 4560
640 5632 767 5759 5613 6613
256 1280 383 1407 5392 6392
3328 4224 3455 4351 3926 4926
3328 3584 3455 3711 4141 5141
1664 2432 1791 2559 6435 7435
2048 1024 2175 1151 6953 7953
2560 5632 2687 5759 4806 5806
384 3968 511 4095 4083 5083
3456 5632 3583 5759 7981 8981
3840 1280 3967 1407 5715 6715
256 3584 383 3711 6177 7177
1280 256 1407 383 4236 5236
3200 1408 3327 1535 7418 8418
1024 1792 1151 1919 7845 8845
2304 3328 2431 3455 5991 6991
1280 3200 1407 3327 8072 9072
256 1152 383 1279 6783 7783
0 128 127 255 5012 6012
3840 1664 3967 1791 4069 5069
384 4480 511 4607 6003 7003
1024 512 1151 639 7533 8533
2944 1408 3071 1535 3658 4658
2432 1920 2559 2047 6280 7280
640 1152 767 1279 6911 7911
2816 5632 2943 5759 6571 7571
3456 4096 3583 4223 5716 6716
3328 4992 3455 5119 5427 6427
1536 1152 1663 1279 4759 5759
1536 2048 1663 2175 8071 9071
3200 1920 3327 2047 7531 8531
0 384 127 511 4948 5948
1792 5504 1919 5631 5544 6544
1152 5248 1279 5375 4783 5783
0 1792 127 1919 5503 6503
2688 5376 2815 5503 6315 7315
2944 4992 3071 5119 4899 5899
2304 256 2431 383 4316 5316
768 3200 895 3327 4802 5802
2688 2432 2815 2559 5612 6612
1664 1280 1791 1407 5978 6978
640 0 767 127 7146 8146
3200 4608 3327 4735 5470 6470
3456 2688 3583 2815 3895 4895
3456 4224 3583 4351 6424 7424
2560 1792 2687 1919 5176 6176
2432 5504 2559 5631 6515 7515
2560 4352 2687 4479 3408 4408
512 2176 639 2303 5640 6640
3072 4736 3199 4863 3387 4387
3072 5376 3199 5503 4106 5106
1280 4736 1407 4863 5325 6325
3072 2432 3199 2559 4601 5601
1024 0 1151 127 6214 7214
3840 512 3967 639 3465 4465
1664 5120 1791 5247 3373 4373
0 3968 127 4095 4646 5646
1408 1664 1535 1791 7631 8631
3328 2048 3455 2175 5429 6429
256 4224 383 4351 7855 8855
2176 2688 2303 2815 7562 8562
2432 768 2559 895 4821 5821
2816 2176 2943 2303 4663 5663
2048 4480 2175 4607 6788 7788
1280 768 1407 895 8054 9054
1664 2816 1791 2943 3847 4847
3584 128 3711 255 6784 7784
1536 896 1663 1023 4814 5814
1152 2048 1279 2175 4792 5792
640 256 767 383 3446 4446
0 896 127 1023 4107 5107
2176 384 2303 511 4452 5452
768 4096 895 4223 7221 8221
1920 1792 2047 1919 6206 7206
2048 256 2175 383 6797 7797
2048 4864 2175 4991 7326 8326
2816 2944 2943 3071 5063 6063
1408 5632 1535 5759 5173 6173
3072 1920 3199 2047 7363 8363
1536 4736 1663 4863 7333 8333
3456 256 3583 383 7010 8010
3584 3072 3711 3199 5150 6150
1920 1664 2047 1791 6339 7339
2688 4096 2815 4223 3472 4472
1152 4352 1279 4479 7993 8993
384 4224 511 4351 6433 7433
2304 4480 2431 4607 3474 4474
2560 3072 2687 3199 6320 7320
1408 1920 1535 2047 7746 8746
896 1792 1023 1919 7353 8353
256 3328 383 3455 6035 7035
1664 1920 1791 2047 4220 5220
1536 640 1663 767 4034 5034
3328 3328 3455 3455 4379 5379
640 1280 767 1407 7637 8637
256 3840 383 3967 5770 6770
1536 1280 1663 1407 4855 5855
3328 2688 3455 2815 6281 7281
3072 3200 3199 3327 7213 8213
3328 1792 3455 1919 8098 9098
512 5248 639 5375 6356 7356
2816 0 2943 127 5001 6001
1792 1408 1919 1535 6231 7231
2432 4096 2559 4223 7258 8258
256 2816 383 2943 4888 5888
2304 1792 2431 1919 4888 5888
1792 0 1919 127 6444 7444
512 2048 639 2175 6581 7581
512 3200 639 3327 6690 7690
1408 4096 1535 4223 5667 6667
3072 2816 3199 2943 7595 8595
640 768 767 895 7382 8382
2944 1664 3071 1791 4498 5498
512 2560 639 2687 5794 6794
0 1024 127 1151 7483 8483
1280 4480 1407 4607 6173 7173
1152 4096 1279 4223 5908 6908
1920 2304 2047 2431 4638 5638
2048 3968 2175 4095 4353 5353
1536 3840 1663 3967 7335 8335
1920 1408 2047 1535 3851 4851
3584 512 3711 639 4070 5070
2688 3584 2815 3711 3416 4416
3072 2304 3199 2431 6336 7336
3584 1792 3711 1919 6899 7899
128 2176 255 2303 4734 5734
768 896 895 1023 3966 4966
3072 1536 3199 1663 3615 4615
3072 3456 3199 3583 7645 8645
640 1920 767 2047 4860 5860
3840 1792 3967 1919 5394 6394
256 4096 383 4223 7682 8682
2304 1280 2431 1407 6490 7490
3456 640 3583 767 3485 4485
2944 4736 3071 4863 3853 4853
3200 128 3327 255 8007 9007
3072 4480 3199 4607 6823 7823
2560 3584 2687 3711 6926 7926
2944 3328 3071 3455 3500 4500
2560 1664 2687 1791 5374 6374
3072 640 3199 767 6275 7275
128 5376 255 5503 7724 8724
3456 1280 3583 1407 6437 7437
384 2432 511 2559 7402 8402
128 5504 255 5631 7199 8199
1408 4224 1535 4351 5780 6780
2176 3584 2303 3711 5435 6435
384 3584 511 3711 6789 7789
3328 1024 3455 1151 7047 8047
1280 3328 1407 3455 3470 4470
1792 1920 1919 2047 5984 6984
3200 3200 3327 3327 7527 8527
1024 256 1151 383 5990 6990
3328 3456 3455 3583 6029 7029
256 2688 383 2815 5723 6723
256 1024 383 1151 4749 5749
1536 3328 1663 3455 7393 8393
2944 128 3071 255 8139 9139
384 4736 511 4863 4993 5993
0 4608 127 4735 3950 4950
256 2432 383 2559 4859 5859
384 4992 511 5119 4068 5068
1664 3712 1791 3839 5313 6313
768 3456 895 3583 5030 6030
1152 3328 1279 3455 6003 7003
2176 2560 2303 2687 5795 6795
2048 1280 2175 1407 6719 7719
2560 1920 2687 2047 4687 5687
640 2304 767 2431 6403 7403
1408 3968 1535 4095 6848 7848
2944 3712 3071 3839 3742 4742
2816 2432 2943 2559 4538 5538
3072 2560 3199 2687 3485 4485
1152 2688 1279 2815 6808 7808
2432 4992 2559 5119 5621 6621
3712 2688 3839 2815 4365 5365
1920 384 2047 511 4448 5448
1152 5376 1279 5503 7686 8686
1920 5504 2047 5631 7783 8783
256 4480 383 4607 5176 6176
1536 768 1663 895 4837 5837
3712 2432 3839 2559 5628 6628
3840 3840 3967 3967 6384 7384
3840 640 3967 767 7456 8456
1920 2560 2047 2687 5338 6338
1152 4992 1279 5119 3968 4968
1152 4864 1279 4991 4065 5065
3072 768 3199 895 6412 7412
3456 768 3583 895 5788 6788
2304 3584 2431 3711 7509 8509
2944 5504 3071 5631 6991 7991
1792 5120 1919 5247 7277 8277
3072 4352 3199 4479 3437 4437
384 1280 511 1407 5986 6986
512 4224 639 4351 4167 5167
3712 128 3839 255 7891 8891
896 2816 1023 2943 3641 4641
2816 3456 2943 3583 7515 8515
3200 4224 3327 4351 4438 5438
2688 4608 2815 4735 3725 4725
1152 128 1279 255 8045 9045
640 1024 767 1151 4809 5809
1152 4480 1279 4607 4892 5892
1024 1408 1151 1535 5211 6211
512 1408 639 1535 3477 4477
2688 3968 2815 4095 7143 8143
2048 5248 2175 5375 6205 7205
3200 5632 3327 5759 6375 7375
384 640 511 767 3741 4741
256 896 383 1023 5849 6849
2048 1792 2175 1919 3411 4411
0 4992 127 5119 7028 8028
2944 2944 3071 3071 5158 6158
2176 4992 2303 5119 6424 7424
3584 2944 3711 3071 6344 7344
256 5376 383 5503 7125 8125
1920 3200 2047 3327 4073 5073
2432 3328 2559 3455 4090 5090
3712 2304 3839 2431 5398 6398
2944 2432 3071 2559 6491 7491
2560 5504 2687 5631 3459 4459
896 5504 1023 5631 6070 7070
0 4096 127 4223 7449 8449
1920 2176 2047 2303 5347 6347
3840 2944 3967 3071 3916 4916
128 896 255 1023 3476 4476
3584 384 3711 511 6919 7919
896 5120 1023 5247 6008 7008
1920 4736 2047 4863 4673 5673
2304 2688 2431 2815 7986 8986
384 5632 511 5759 6362 7362
640 640 767 767 6399 7399
1536 5376 1663 5503 6476 7476
2176 256 2303 383 4936 5936
2560 2560 2687 2687 3470 4470
768 1408 895 1535 6582 7582
2816 3712 2943 3839 5760 6760
1792 2304 1919 2431 8125 9125
2432 1792 2559 1919 6638 7638
640 2560 767 2687 7951 8951
384 256 511 383 5834 6834
2432 0 2559 127 6678 7678
768 2048 895 2175 6839 7839
1024 1920 1151 2047 7621 8621
2176 5248 2303 5375 6783 7783
896 3328 1023 3455 5043 6043
3200 4736 3327 4863 3659 4659
1280 2048 1407 2175 4538 5538
2688 2304 2815 2431 7583 8583
2944 2560 3071 2687 7507 8507
1024 2944 1151 3071 7658 8658
3456 4864 3583 4991 4724 5724
2944 0 3071 127 5437 6437
3584 4608 3711 4735 6967 7967
1920 4864 2047 4991 3752 4752
3328 5632 3455 5759 7804 8804
3456 2048 3583 2175 4124 5124
1408 5504 1535 5631 7300 8300
512 3456 639 3583 5672 6672
1408 3456 1535 3583 7247 8247
3840 4480 3967 4607 7146 8146
512 5120 639 5247 5715 6715
1920 512 2047 639 7327 8327
1024 768 1151 895 5482 6482
768 4352 895 4479 4332 5332
1408 384 1535 511 7426 8426
2176 896 2303 1023 5745 6745
2304 4864 2431 4991 6721 7721
2304 3072 2431 3199 7412 8412
0 0 127 127 4243 5243
896 2176 1023 2303 6532 7532
2816 5120 2943 5247 6927 7927
640 5376 767 5503 4602 5602
1024 1664 1151 1791 7052 8052
1152 0 1279 127 3461 4461
3840 4096 3967 4223 5066 6066
640 4352 767 4479 5776 6776
3328 512 3455 639 5570 6570
0 3584 127 3711 6233 7233
896 1664 1023 1791 5220 6220
384 2048 511 2175 4937 5937
512 512 639 639 7572 8572
1280 3712 1407 3839 6573 7573
1920 3072 2047 3199 7003 8003
2944 640 3071 767 3451 4451
0 2688 127 2815 6954 7954
1152 512 1279 639 6667 7667
1024 1536 1151 1663 4205 5205
3584 2048 3711 2175 6114 7114
1152 3072 1279 3199 6020 7020
1792 4224 1919 4351 5133 6133
3200 5376 3327 5503 6941 7941
1664 2560 1791 2687 5417 6417
3712 256 3839 383 4321 5321
1408 4608 1535 4735 6104 7104
3712 5248 3839 5375 6378 7378
1152 4736 1279 4863 5428 6428
2304 3456 2431 3583 3709 4709
1408 640 1535 767 6781 7781
2944 768 3071 895 6521 7521
0 3072 127 3199 6402 7402
2944 4352 3071 4479 6994 7994
2048 1408 2175 1535 5309 6309
1024 3328 1151 3455 7633 8633
256 1536 383 1663 5907 6907
2688 1024 2815 1151 7220 8220
1792 3456 1919 3583 4559 5559
384 1792 511 1919 5364 6364
2048 1920 2175 2047 4650 5650
1152 2816 1279 2943 4474 5474
1152 1536 1279 1663 7213 8213
3072 1152 3199 1279 6216 7216
2816 4480 2943 4607 3906 4906
0 1280 127 1407 7467 8467
3840 2432 3967 2559 6900 7900
2176 4096 2303 4223 3987 4987
3456 1664 3583 1791 8102 9102
128 1024 255 1151 7249 8249
640 384 767 511 6642 7642
1280 512 1407 639 7897 8897
3200 2816 3327 2943 5129 6129
3200 3072 3327 3199 5456 6456
2048 1664 2175 1791 6698 7698
896 4480 1023 4607 4227 5227
2560 2048 2687 2175 6406 7406
3200 2304 3327 2431 4662 5662
2304 4608 2431 4735 4287 5287
896 3200 1023 3327 5516 6516
1792 896 1919 1023 6821 7821
2176 4864 2303 4991 4749 5749
0 2944 127 3071 3897 4897
2176 768 2303 895 5083 6083
1152 3584 1279 3711 3603 4603
1920 0 2047 127 7656 8656
2944 4608 3071 4735 6397 7397
1920 5632 2047 5759 7960 8960
2816 2048 2943 2175 6736 7736
1408 1024 1535 1151 7586 8586
1792 512 1919 639 5185 6185
384 128 511 255 5067 6067
1792 2176 1919 2303 5741 6741
1664 4224 1791 4351 6079 7079
256 512 383 639 7912 8912
384 1920 511 2047 6276 7276
3200 3840 3327 3967 5407 6407
1664 4480 1791 4607 3725 4725
1664 4096 1791 4223 3944 4944
1536 2944 1663 3071 7190 8190
3072 2176 3199 2303 7603 8603
3840 3072 3967 3199 4267 5267
2304 2944 2431 3071 6948 7948
3840 3584 3967 3711 6413 7413
3840 0 3967 127 6353 7353
512 4992 639 5119 7327 8327
1664 2048 1791 2175 7270 8270
2304 1664 2431 1791 6440 7440
3584 1664 3711 1791 5671 6671
3200 4864 3327 4991 3417 4417
1792 640 1919 767 3816 4816
3584 4480 3711 4607 4352 5352
2560 256 2687 383 4795 5795
896 3456 1023 3583 6164 7164
2816 5248 2943 5375 7886 8886
1536 4480 1663 4607 6848 7848
3328 1408 3455 1535 5680 6680
384 5120 511 5247 6143 7143
3200 5504 3327 5631 6669 7669
3072 512 3199 639 6098 7098
256 1792 383 1919 7410 8410
2176 1536 2303 1663 5535 6535
3712 2048 3839 2175 4846 5846
1280 5504 1407 5631 5011 6011
2048 4224 2175 4351 5295 6295
2304 1152 2431 1279 6440 7440
1664 768 1791 895 4969 5969
0 768 127 895 7331 8331
2816 1792 2943 1919 6794 7794
768 2432 895 2559 5542 6542
2560 896 2687 1023 3434 4434
2816 3328 2943 3455 6257 7257
512 3968 639 4095 6439 7439
2048 5504 2175 5631 7011 8011
3712 4736 3839 4863 4530 5530
896 1408 1023 1535 6473 7473
2176 2816 2303 2943 8019 9019
2176 1152 2303 1279 3660 4660
128 1152 255 1279 4773 5773
128 4992 255 5119 5550 6550
1024 4992 1151 5119 5527 6527
768 1664 895 1791 7040 8040
1024 5632 1151 5759 3584 4584
2816 768 2943 895 4003 5003
384 1536 511 1663 5064 6064
1664 3328 1791 3455 8099 9099
2176 4480 2303 4607 7481 8481
1664 5376 1791 5503 4425 5425
2816 1280 2943 1407 7923 8923
2688 640 2815 767 7831 8831
1920 1920 2047 2047 4204 5204
1024 1024 1151 1151 7194 8194
0 3328 127 3455 7047 8047
2688 3840 2815 3967 5680 6680
2048 3328 2175 3455 5886 6886
640 4096 767 4223 4202 5202
1536 5632 1663 5759 3980 4980
2816 1024 2943 1151 7484 8484
2432 1536 2559 1663 5215 6215
128 5632 255 5759 7403 8403
2560 4096 2687 4223 4887 5887
2688 1536 2815 1663 5278 6278
640 5504 767 5631 5520 6520
3328 256 3455 383 5007 6007
1408 3200 1535 3327 5970 6970
2688 3072 2815 3199 3731 4731
3840 1024 3967 1151 8109 9109
512 384 639 511 5849 6849
256 2944 383 3071 4021 5021
256 1408 383 1535 6563 7563
0 1536 127 1663 8029 9029
2944 4224 3071 4351 7998 8998
1792 3072 1919 3199 5463 6463
1536 3712 1663 3839 5294 6294
3456 1920 3583 2047 3862 4862
1280 3840 1407 3967 4208 5208
3712 5376 3839 5503 7074 8074
0 5248 127 5375 5024 6024
3712 1920 3839 2047 5263 6263
1280 2176 1407 2303 6857 7857
1792 384 1919 511 4715 5715
384 5504 511 5631 7917 8917
640 4480 767 4607 7732 8732
2816 4864 2943 4991 5443 6443
384 384 511 511 5457 6457
1280 3968 1407 4095 5479 6479
2048 2048 2175 2175 6274 7274
384 2688 511 2815 7887 8887
256 256 383 383 4823 5823
3840 5504 3967 5631 8118 9118
2944 1152 3071 1279 7150 8150
3328 1152 3455 1279 3391 4391
1664 5248 1791 5375 7077 8077
1408 2432 1535 2559 6351 7351
128 4096 255 4223 6848 7848
1280 1024 1407 1151 4907 5907
0 1664 127 1791 6712 7712
1152 1024 1279 1151 3869 4869
2176 5632 2303 5759 7386 8386
1536 3072 1663 3199 4414 5414
3584 3968 3711 4095 7062 8062
2304 5248 2431 5375 4327 5327
3200 256 3327 383 6093 7093
2688 896 2815 1023 4385 5385
1536 2432 1663 2559 8071 9071
1920 4096 2047 4223 6584 7584
3840 5120 3967 5247 5223 6223
256 4864 383 4991 7005 8005
1536 2560 1663 2687 5289 6289
1664 1792 1791 1919 4167 5167
3200 896 3327 1023 7543 8543
1792 5248 1919 5375 3685 4685
768 5504 895 5631 3944 4944
2432 2176 2559 2303 7136 8136
2304 768 2431 895 5757 6757
2816 2560 2943 2687 6031 7031
2048 384 2175 511 6296 7296
128 128 255 255 5713 6713
2944 2304 3071 2431 7599 8599
1024 5376 1151 5503 4800 5800
3712 2560 3839 2687 5691 6691
896 5376 1023 5503 6610 7610
2688 5248 2815 5375 6642 7642
1408 4352 1535 4479 6450 7450
1152 1664 1279 1791 6642 7642
0 3840 127 3967 5350 6350
1408 1152 1535 1279 7986 8986
1792 1792 1919 1919 7035 8035
2816 2304 2943 2431 5849 6849
896 1536 1023 1663 4284 5284
2816 4736 2943 4863 5130 6130
768 3968 895 4095 4771 5771
2560 3712 2687 3839 7061 8061
1152 5120 1279 5247 7853 8853
3328 2816 3455 2943 7606 8606
1408 3712 1535 3839 4044 5044
3840 3328 3967 3455 8118 9118
2304 4096 2431 4223 6510 7510
2560 3968 2687 4095 7678 8678
2560 1408 2687 1535 5268 6268
1664 2176 1791 2303 7306 8306
2432 3840 2559 3967 4134 5134
2816 640 2943 767 7403 8403
3456 2176 3583 2303 4932 5932
3712 3200 3839 3327 7899 8899
3456 4480 3583 4607 5021 6021
3200 3712 3327 3839 4644 5644
2432 4864 2559 4991 7876 8876
1024 4096 1151 4223 7363 8363
1408 512 1535 639 4103 5103
512 3328 639 3455 4536 5536
2688 1792 2815 1919 6735 7735
2944 2048 3071 2175 7342 8342
512 1920 639 2047 4859 5859
2304 5632 2431 5759 5045 6045
1792 3968 1919 4095 7666 8666
1152 2432 1279 2559 6839 7839
128 3456 255 3583 6713 7713
1408 3584 1535 3711 3613 4613
2560 0 2687 127 6369 7369
2304 1024 2431 1151 4678 5678
768 384 895 511 5373 6373
896 4608 1023 4735 4821 5821
1536 2304 1663 2431 5421 6421
1408 1280 1535 1407 6907 7907
1152 2560 1279 2687 4287 5287
3328 128 3455 255 6094 7094
2688 1280 2815 1407 6885 7885
384 2304 511 2431 4479 5479
2816 3072 2943 3199 5633 6633
384 3072 511 3199 5834 6834
2688 3200 2815 3327 3645 4645
2048 4736 2175 4863 3448 4448
1536 0 1663 127 5098 6098
3328 5376 3455 5503 5206 6206
256 4992 383 5119 7976 8976
128 2560 255 2687 3800 4800
384 896 511 1023 6479 7479
3328 2432 3455 2559 4764 5764
256 4736 383 4863 7792 8792
2432 5248 2559 5375 7212 8212
1792 2816 1919 2943 7750 8750
2304 2176 2431 2303 3439 4439
2048 2816 2175 2943 3466 4466
0 4864 127 4991 4470 5470
2560 4480 2687 4607 6935 7935
256 2304 383 2431 4813 5813
1920 4608 2047 4735 7938 8938
2816 4352 2943 4479 5508 6508
1536 4992 1663 5119 5056 6056
3200 3584 3327 3711 7988 8988
2944 1024 3071 1151 3867 4867
896 4992 1023 5119 4110 5110
3840 3712 3967 3839 4669 5669
2560 5248 2687 5375 5917 6917
2432 2432 2559 2559 7646 8646
2560 2304 2687 2431 7406 8406
256 5504 383 5631 3872 4872
3712 4352 3839 4479 3443 4443
2048 2688 2175 2815 3745 4745
1664 640 1791 767 7955 8955
1152 5504 1279 5631 7728 8728
2688 2816 2815 2943 5841 6841
1536 4352 1663 4479 8032 9032
2688 4736 2815 4863 6507 7507
3584 256 3711 383 4728 5728
2944 5632 3071 5759 4920 5920
384 1152 511 1279 6936 7936
2432 3968 2559 4095 4889 5889
2048 2432 2175 2559 8134 9134
2176 1408 2303 1535 3640 4640
0 512 127 639 3961 4961
1664 256 1791 383 7744 8744
2048 768 2175 895 5529 6529
0 3456 127 3583 5877 6877
1536 3456 1663 3583 4074 5074
2688 5120 2815 5247 4324 5324
384 4352 511 4479 4372 5372
1920 1024 2047 1151 5693 6693
1408 256 1535 383 3513 4513
1920 5248 2047 5375 6057 7057
384 2560 511 2687 5541 6541
3456 3328 3583 3455 4010 5010
1408 4480 1535 4607 6796 7796
384 5248 511 5375 3891 4891
1664 4864 1791 4991 6556 7556
3584 2176 3711 2303 8123 9123
1792 3584 1919 3711 7927 8927
2432 1280 2559 1407 4109 5109
3072 3840 3199 3967 3426 4426
1664 1664 1791 1791 5353 6353
1792 2944 1919 3071 5745 6745
3200 640 3327 767 7783 8783
2560 3200 2687 3327 7823 8823
1024 384 1151 511 7458 8458
3456 3072 3583 3199 7971 8971
3712 3840 3839 3967 4412 5412
1024 5248 1151 5375 6059 7059
128 2304 255 2431 6767 7767
3584 2688 3711 2815 7751 8751
1536 3584 1663 3711 6053 7053
2560 768 2687 895 4088 5088
2560 4224 2687 4351 5393 6393
3840 5376 3967 5503 5658 6658
2560 3328 2687 3455 6247 7247
2560 5120 2687 5247 7899 8899
2816 3584 2943 3711 6361 7361
3840 2176 3967 2303 4252 5252
3456 4992 3583 5119 5952 6952
1280 4352 1407 4479 3915 4915
640 1408 767 1535 4395 5395
2816 1664 2943 1791 3869 4869
3200 1792 3327 1919 7906 8906
256 2560 383 2687 5034 6034
3584 2432 3711 2559 4346 5346
768 2816 895 2943 3658 4658
1920 5120 2047 5247 5271 6271
512 256 639 383 6150 7150
2944 4480 3071 4607 5266 6266
3456 1536 3583 1663 7831 8831
2816 512 2943 639 6206 7206
768 4992 895 5119 7248 8248
2176 3840 2303 3967 5436 6436
2688 1152 2815 1279 7670 8670
3840 1408 3967 1535 3984 4984
128 640 255 767 4755 5755
3584 1920 3711 2047 7502 8502
3072 4224 3199 4351 6846 7846
1280 1152 1407 1279 4495 5495
896 768 1023 895 7950 8950
512 3712 639 3839 6457 7457
1664 3584 1791 3711 7178 8178
3328 3712 3455 3839 5720 6720
640 2432 767 2559 3710 4710
1920 896 2047 1023 4696 5696
3328 2304 3455 2431 5648 6648
3456 5120 3583 5247 5290 6290
0 4352 127 4479 4738 5738
3072 1280 3199 1407 6529 7529
3072 4864 3199 4991 7872 8872
3840 1920 3967 2047 5282 6282
896 5632 1023 5759 7553 8553
0 5376 127 5503 5422 6422
640 896 767 1023 6870 7870
2048 4608 2175 4735 6268 7268
1664 2944 1791 3071 3450 4450
896 1024 1023 1151 7157 8157
3584 4736 3711 4863 3400 4400
3200 512 3327 639 6229 7229
3456 128 3583 255 4283 5283
2432 5632 2559 5759 7860 8860
2048 896 2175 1023 6116 7116
3584 4224 3711 4351 5212 6212
1920 3840 2047 3967 6977 7977
2560 512 2687 639 7468 8468
3072 0 3199 127 7646 8646
1408 3072 1535 3199 5413 6413
2176 3712 2303 3839 3882 4882
3712 3072 3839 3199 6352 7352
3328 896 3455 1023 6538 7538
128 3712 255 3839 5513 6513
3200 2944 3327 3071 4669 5669
0 1408 127 1535 5576 6576
640 2688 767 2815 7862 8862
512 4608 639 4735 6829 7829
3840 2816 3967 2943 3953 4953
896 2304 1023 2431 7191 8191
896 0 1023 127 3980 4980
3712 2816 3839 2943 5320 6320
3584 3456 3711 3583 5581 6581
640 3712 767 3839 5533 6533
3200 1152 3327 1279 7232 8232
3456 512 3583 639 6815 7815
1024 640 1151 767 7584 8584
256 4608 383 4735 5962 6962
2176 1792 2303 1919 4944 5944
2432 1152 2559 1279 4715 5715
2944 4096 3071 4223 6800 7800
3328 4736 3455 4863 6794 7794
2432 2944 2559 3071 7574 8574
3712 1408 3839 1535 4764 5764
1536 3968 1663 4095 6514 7514
3456 2816 3583 2943 7371 8371
2560 5376 2687 5503 3657 4657
1024 2432 1151 2559 7172 8172
2560 4608 2687 4735 6699 7699
2944 2176 3071 2303 7933 8933
256 3456 383 3583 4446 5446
3328 4608 3455 4735 7210 8210
128 512 255 639 6145 7145
768 2560 895 2687 4665 5665
2432 512 2559 639 4584 5584
2304 640 2431 767 4496 5496
512 128 639 255 6870 7870
2432 3712 2559 3839 6127 7127
896 4864 1023 4991 5006 6006
3456 5248 3583 5375 7452 8452
3584 2560 3711 2687 5179 6179
512 1792 639 1919 5615 6615
1152 1280 1279 1407 4632 5632
3584 3200 3711 3327 4441 5441
1792 4608 1919 4735 4829 5829
1536 5248 1663 5375 5545 6545
1024 2560 1151 2687 7885 8885
3584 640 3711 767 6095 7095
1024 3072 1151 3199 5188 6188
128 4480 255 4607 4689 5689
3456 3456 3583 3583 7439 8439
2560 2688 2687 2815 5669 6669
0 1920 127 2047 5164 6164
2560 384 2687 511 3925 4925
3200 2432 3327 2559 7062 8062
2048 128 2175 255 3538 4538
896 640 1023 767 7926 8926
1664 5632 1791 5759 4401 5401
3712 4992 3839 5119 4392 5392
768 2944 895 3071 6485 7485
2432 384 2559 511 4194 5194
1664 5504 1791 5631 7288 8288
128 5248 255 5375 7377 8377
384 3840 511 3967 6968 7968
1408 4992 1535 5119 3813 4813
1024 3200 1151 3327 5642 6642
768 2176 895 2303 5145 6145
2048 3584 2175 3711 4364 5364
1920 2816 2047 2943 3629 4629
512 4096 639 4223 6781 7781
2176 1280 2303 1407 3676 4676
1024 2304 1151 2431 5437 6437
896 896 1023 1023 6077 7077
3712 0 3839 127 6758 7758
1408 5376 1535 5503 3559 4559
2048 4352 2175 4479 7536 8536
1536 4224 1663 4351 5985 6985
3200 2048 3327 2175 8074 9074
2688 4224 2815 4351 5491 6491
896 2432 1023 2559 4854 5854
768 2304 895 2431 6444 7444
2688 512 2815 639 4790 5790
3200 2688 3327 2815 4205 5205
2304 2304 2431 2431 3469 4469
3456 3840 3583 3967 5345 6345
2688 256 2815 383 4948 5948
2432 128 2559 255 5457 6457
768 5376 895 5503 6952 7952
3456 1408 3583 1535 5978 6978
896 2560 1023 2687 6478 7478
1024 4352 1151 4479 5297 6297
768 640 895 767 6801 7801
1792 3200 1919 3327 5626 6626
2688 4480 2815 4607 6355 7355
2304 3840 2431 3967 7451 8451
2560 2816 2687 2943 7889 8889
2176 1024 2303 1151 3857 4857
1024 4736 1151 4863 4456 5456
1664 896 1791 1023 4113 5113
768 3584 895 3711 4116 5116
1536 512 1663 639 7866 8866
512 4352 639 4479 6239 7239
1664 4736 1791 4863 8003 9003
1920 2432 2047 2559 7625 8625
384 5376 511 5503 4858 5858
1280 2944 1407 3071 3423 4423
1920 768 2047 895 7021 8021
3328 1536 3455 1663 4524 5524
2560 4992 2687 5119 5178 6178
2560 3456 2687 3583 4372 5372
3328 1664 3455 1791 7828 8828
1280 4992 1407 5119 3482 4482
3840 1152 3967 1279 7612 8612
2176 3072 2303 3199 3893 4893
896 2944 1023 3071 3580 4580
1536 4608 1663 4735 6638 7638
3712 1024 3839 1151 5471 6471
2944 3840 3071 3967 7488 8488
2816 1152 2943 1279 5450 6450
640 2048 767 2175 8078 9078
2560 3840 2687 3967 7647 8647
3072 3712 3199 3839 4429 5429
3840 4352 3967 4479 6740 7740
2816 256 2943 383 5134 6134
2176 128 2303 255 7413 8413
640 2816 767 2943 7872 8872
3840 5248 3967 5375 4883 5883
3840 256 3967 383 7900 8900
2048 5376 2175 5503 4188 5188
3584 2816 3711 2943 7447 8447
1280 2688 1407 2815 5697 6697
128 3584 255 3711 5736 6736
2816 1408 2943 1535 5546 6546
1920 3584 2047 3711 7381 8381
1152 256 1279 383 5221 6221
1024 4608 1151 4735 4085 5085
2048 1152 2175 1279 4485 5485
1408 2176 1535 2303 4102 5102
3584 3584 3711 3711 5238 6238
1920 1280 2047 1407 6292 7292
0 1152 127 1279 6924 7924
2176 3200 2303 3327 4927 5927
2432 2816 2559 2943 3456 4456
2816 5376 2943 5503 3448 4448
3072 384 3199 511 7270 8270
0 2176 127 2303 5486 6486
2176 5504 2303 5631 6716 7716
