1000
1836 2848 1846 2858 4851 8851
3436 2508 3446 2518 4335 8335
3872 2910 3882 2920 4502 8502
2706 1551 2716 1561 3870 7870
321 485 331 495 4501 8501
1592 315 1602 325 3432 7432
458 2446 468 2456 4879 8879
5417 3187 5427 3197 3471 7471
2022 3206 2032 3216 4665 8665
4046 3295 4056 3305 3375 7375
3035 1613 3045 1623 4068 8068
4831 592 4841 602 4233 8233
5704 3037 5714 3047 3571 7571
1045 3319 1055 3329 4160 8160
1819 3150 1829 3160 3727 7727
3905 641 3915 651 4625 8625
3420 2683 3430 2693 3719 7719
2697 916 2707 926 4369 8369
3123 1641 3133 1651 3400 7400
4861 2910 4871 2920 3461 7461
1464 1451 1474 1461 3715 7715
3374 1363 3384 1373 3851 7851
4446 410 4456 420 3586 7586
4901 1231 4911 1241 4252 8252
3983 3725 3993 3735 4120 8120
2213 281 2223 291 3750 7750
2227 1259 2237 1269 4009 8009
4270 118 4280 128 4306 8306
3422 620 3432 630 4093 8093
2386 58 2396 68 4981 8981
400 1665 410 1675 5125 9125
1451 306 1461 316 4237 8237
4673 867 4683 877 4446 8446
2276 3118 2286 3128 4926 8926
2797 3006 2807 3016 4407 8407
2255 1867 2265 1877 3416 7416
91 2392 101 2402 4574 8574
1065 659 1075 669 5059 9059
4141 3848 4151 3858 4973 8973
5510 2427 5520 2437 4026 8026
5539 2070 5549 2080 3993 7993
5111 2011 5121 2021 3801 7801
3228 467 3238 477 4313 8313
3443 2087 3453 2097 4938 8938
4651 3824 4661 3834 3718 7718
2839 844 2849 854 4549 8549
5594 1772 5604 1782 3564 7564
4674 2921 4684 2931 4463 8463
624 1218 634 1228 4893 8893
4549 2293 4559 2303 4093 8093
3196 2690 3206 2700 4713 8713
2331 1483 2341 1493 4536 8536
1026 34 1036 44 5020 9020
47 1983 57 1993 3634 7634
2145 2955 2155 2965 4193 8193
3320 307 3330 317 3907 7907
3635 1541 3645 1551 3946 7946
3788 2310 3798 2320 4158 8158
1596 1970 1606 1980 4687 8687
483 1141 493 1151 4672 8672
2834 1497 2844 1507 3767 7767
5370 3087 5380 3097 3915 7915
3089 3079 3099 3089 5003 9003
4968 724 4978 734 4755 8755
1620 1519 1630 1529 3749 7749
3203 1339 3213 1349 4977 8977
3990 437 4000 447 4760 8760
2545 2819 2555 2829 4487 8487
5141 1163 5151 1173 4078 8078
4258 3307 4268 3317 5135 9135
3255 1320 3265 1330 3984 7984
3992 1263 4002 1273 4786 8786
3598 1156 3608 1166 3642 7642
1622 704 1632 714 5031 9031
3035 2757 3045 2767 4422 8422
2979 17 2989 27 3933 7933
2141 1311 2151 1321 3949 7949
285 2805 295 2815 3687 7687
2085 3430 2095 3440 3633 7633
3863 3641 3873 3651 4333 8333
657 1740 667 1750 4927 8927
5176 2796 5186 2806 4988 8988
106 3536 116 3546 3912 7912
1816 1619 1826 1629 3536 7536
842 3019 852 3029 4122 8122
859 1094 869 1104 3934 7934
3036 994 3046 1004 3506 7506
5176 1032 5186 1042 3415 7415
3085 2755 3095 2765 3657 7657
4192 1765 4202 1775 4757 8757
3147 1580 3157 1590 4478 8478
635 2935 645 2945 4986 8986
5704 935 5714 945 5055 9055
3952 2650 3962 2660 4735 8735
347 823 357 833 4434 8434
188 200 198 210 4716 8716
847 2122 857 2132 3650 7650
2014 3035 2024 3045 3603 7603
2552 2619 2562 2629 3922 7922
1151 2799 1161 2809 4523 8523
4218 514 4228 524 3632 7632
4877 313 4887 323 4609 8609
3440 3459 3450 3469 4355 8355
3506 748 3516 758 4117 8117
2394 3245 2404 3255 3788 7788
3140 2585 3150 2595 3627 7627
2892 3540 2902 3550 4987 8987
3169 289 3179 299 4119 8119
2727 391 2737 401 4084 8084
5180 909 5190 919 3377 7377
578 730 588 740 3938 7938
3391 1593 3401 1603 4764 8764
2832 691 2842 701 3933 7933
4838 796 4848 806 4735 8735
5393 1914 5403 1924 3797 7797
5340 696 5350 706 3825 7825
1236 3841 1246 3851 3615 7615
4100 370 4110 380 4279 8279
993 2525 1003 2535 4093 8093
5132 1088 5142 1098 3530 7530
4747 1815 4757 1825 3791 7791
2984 1532 2994 1542 3609 7609
4158 3176 4168 3186 3621 7621
162 2076 172 2086 3930 7930
778 2497 788 2507 4922 8922
522 2885 532 2895 5100 9100
1112 1826 1122 1836 4227 8227
3395 3058 3405 3068 3373 7373
3554 1633 3564 1643 4726 8726
1991 1784 2001 1794 3530 7530
3536 2320 3546 2330 3497 7497
746 3755 756 3765 5075 9075
27 3263 37 3273 4987 8987
1141 2688 1151 2698 4403 8403
5441 2016 5451 2026 5048 9048
1510 2878 1520 2888 4592 8592
468 3870 478 3880 4456 8456
907 1399 917 1409 4300 8300
2314 510 2324 520 5060 9060
3116 830 3126 840 3911 7911
509 3269 519 3279 4585 8585
3055 2952 3065 2962 4901 8901
4011 2323 4021 2333 4672 8672
379 460 389 470 4459 8459
2828 536 2838 546 4045 8045
2938 3701 2948 3711 3856 7856
218 292 228 302 3555 7555
1735 519 1745 529 4365 8365
1458 2375 1468 2385 4634 8634
2529 3630 2539 3640 5083 9083
2100 1381 2110 1391 4103 8103
2767 1435 2777 1445 4070 8070
3211 1333 3221 1343 3453 7453
3911 1874 3921 1884 3480 7480
5029 1143 5039 1153 3734 7734
3041 874 3051 884 3996 7996
4300 724 4310 734 4414 8414
1938 1757 1948 1767 4866 8866
5180 3039 5190 3049 3774 7774
3768 598 3778 608 5052 9052
3373 3439 3383 3449 4531 8531
1700 294 1710 304 4106 8106
5326 524 5336 534 4692 8692
1994 1024 2004 1034 4365 8365
2979 2105 2989 2115 4346 8346
3589 1792 3599 1802 3563 7563
5334 1349 5344 1359 4217 8217
2852 1507 2862 1517 4831 8831
2880 437 2890 447 3589 7589
5582 3491 5592 3501 4136 8136
261 1903 271 1913 4453 8453
4919 556 4929 566 4775 8775
817 25 827 35 4073 8073
2099 257 2109 267 4626 8626
2690 2474 2700 2484 3984 7984
3889 83 3899 93 4590 8590
653 3151 663 3161 4556 8556
2711 1613 2721 1623 4857 8857
3815 3970 3825 3980 3929 7929
5425 2238 5435 2248 4011 8011
4238 3275 4248 3285 4070 8070
3884 1244 3894 1254 5023 9023
1299 2421 1309 2431 4033 8033
5525 3299 5535 3309 3927 7927
829 235 839 245 4816 8816
1751 3118 1761 3128 3525 7525
5501 85 5511 95 3612 7612
2566 3835 2576 3845 4164 8164
716 1775 726 1785 5096 9096
2980 3311 2990 3321 4249 8249
5143 2674 5153 2684 4097 8097
1067 2540 1077 2550 4029 8029
1964 3966 1974 3976 3991 7991
5178 2722 5188 2732 3535 7535
1040 3823 1050 3833 4632 8632
2042 1392 2052 1402 4721 8721
111 449 121 459 4971 8971
4262 2343 4272 2353 3481 7481
4155 601 4165 611 3669 7669
2048 3641 2058 3651 4774 8774
1995 3833 2005 3843 5002 9002
2106 3843 2116 3853 4644 8644
5148 1089 5158 1099 5104 9104
278 3577 288 3587 3733 7733
4937 3582 4947 3592 3555 7555
4321 1203 4331 1213 4205 8205
169 2889 179 2899 3551 7551
2645 671 2655 681 4547 8547
2799 916 2809 926 4163 8163
144 1227 154 1237 3936 7936
4407 1464 4417 1474 4506 8506
1711 913 1721 923 4803 8803
3922 55 3932 65 3920 7920
4357 2073 4367 2083 5078 9078
2710 3137 2720 3147 3714 7714
3490 1868 3500 1878 4624 8624
4146 1384 4156 1394 4612 8612
668 2622 678 2632 3919 7919
5134 3811 5144 3821 5106 9106
2295 2737 2305 2747 3802 7802
3115 332 3125 342 4422 8422
2602 886 2612 896 5132 9132
3976 1332 3986 1342 3845 7845
4899 884 4909 894 4718 8718
4718 2262 4728 2272 3586 7586
2323 2923 2333 2933 4272 8272
1284 1880 1294 1890 3795 7795
3865 1961 3875 1971 3757 7757
4195 754 4205 764 3476 7476
597 2851 607 2861 4041 8041
951 2298 961 2308 3505 7505
1421 2165 1431 2175 3499 7499
1963 3917 1973 3927 3526 7526
5574 3040 5584 3050 4528 8528
3022 2346 3032 2356 3517 7517
2923 3805 2933 3815 5006 9006
5296 638 5306 648 3730 7730
4480 2952 4490 2962 3407 7407
3120 1824 3130 1834 4423 8423
1865 3775 1875 3785 4032 8032
2387 2050 2397 2060 4569 8569
5415 3719 5425 3729 4608 8608
2527 98 2537 108 3814 7814
5628 2454 5638 2464 4505 8505
1581 2500 1591 2510 5036 9036
458 1760 468 1770 4772 8772
2069 2102 2079 2112 4177 8177
2579 158 2589 168 3700 7700
4184 162 4194 172 4680 8680
2509 2699 2519 2709 3734 7734
1377 998 1387 1008 3851 7851
223 1758 233 1768 3711 7711
3180 1876 3190 1886 4096 8096
1032 306 1042 316 3711 7711
3888 3537 3898 3547 4091 8091
1124 1860 1134 1870 3682 7682
895 1424 905 1434 4176 8176
3863 883 3873 893 4416 8416
703 672 713 682 4787 8787
2969 3921 2979 3931 3625 7625
5427 1509 5437 1519 4349 8349
5349 2953 5359 2963 3554 7554
2005 2437 2015 2447 5093 9093
1039 1501 1049 1511 3628 7628
2193 3185 2203 3195 5019 9019
2660 3468 2670 3478 4897 8897
3210 2163 3220 2173 5083 9083
4839 1524 4849 1534 4958 8958
4667 1274 4677 1284 3769 7769
3664 98 3674 108 3545 7545
5223 1771 5233 1781 3970 7970
2221 2740 2231 2750 3682 7682
3753 1968 3763 1978 4105 8105
686 3546 696 3556 4706 8706
175 1946 185 1956 4848 8848
123 2895 133 2905 4616 8616
988 2548 998 2558 3641 7641
538 632 548 642 4498 8498
1351 2908 1361 2918 4166 8166
1781 3172 1791 3182 3954 7954
2186 1746 2196 1756 4225 8225
1792 2005 1802 2015 3691 7691
822 3331 832 3341 3669 7669
3986 1231 3996 1241 3906 7906
4956 1616 4966 1626 4140 8140
1166 2420 1176 2430 4903 8903
3874 747 3884 757 4925 8925
3842 400 3852 410 5011 9011
4935 1499 4945 1509 3647 7647
5703 2339 5713 2349 3831 7831
3286 3613 3296 3623 3443 7443
4639 2076 4649 2086 3463 7463
5601 2296 5611 2306 4863 8863
3875 2718 3885 2728 4247 8247
501 2468 511 2478 3641 7641
1352 2354 1362 2364 4694 8694
3257 239 3267 249 4602 8602
3596 1515 3606 1525 3495 7495
2905 3714 2915 3724 4544 8544
22 3356 32 3366 4003 8003
2291 1303 2301 1313 4608 8608
3272 177 3282 187 4396 8396
3035 3481 3045 3491 3680 7680
1655 2062 1665 2072 4962 8962
5025 1842 5035 1852 4457 8457
131 2392 141 2402 3644 7644
287 1000 297 1010 3766 7766
651 1830 661 1840 4304 8304
5440 1523 5450 1533 3637 7637
4343 609 4353 619 3726 7726
4973 2262 4983 2272 3385 7385
3685 3474 3695 3484 4448 8448
119 2260 129 2270 3695 7695
4609 1950 4619 1960 4173 8173
3648 1398 3658 1408 3856 7856
42 2222 52 2232 4304 8304
2939 2086 2949 2096 4677 8677
248 125 258 135 4573 8573
1643 2344 1653 2354 5027 9027
397 3875 407 3885 4361 8361
2213 1451 2223 1461 4991 8991
4547 301 4557 311 4428 8428
4056 1738 4066 1748 4535 8535
2038 2453 2048 2463 5034 9034
4520 2025 4530 2035 4242 8242
1870 1307 1880 1317 3407 7407
1273 2655 1283 2665 4644 8644
3834 1554 3844 1564 4855 8855
5167 3510 5177 3520 4350 8350
4499 264 4509 274 5095 9095
1229 778 1239 788 4370 8370
3479 3977 3489 3987 4390 8390
709 2821 719 2831 3435 7435
1785 3256 1795 3266 3581 7581
380 1739 390 1749 4839 8839
1520 113 1530 123 4756 8756
3184 6 3194 16 4583 8583
3510 2419 3520 2429 3926 7926
3149 1200 3159 1210 4507 8507
3238 3478 3248 3488 4221 8221
2290 1880 2300 1890 5003 9003
5278 2660 5288 2670 4496 8496
2075 2160 2085 2170 4568 8568
2311 3405 2321 3415 4751 8751
1083 1975 1093 1985 4080 8080
5720 3261 5730 3271 4994 8994
4602 740 4612 750 4703 8703
4349 2865 4359 2875 3909 7909
3058 3395 3068 3405 3814 7814
220 2297 230 2307 5097 9097
4214 1069 4224 1079 4605 8605
5593 1926 5603 1936 4751 8751
4601 2028 4611 2038 5009 9009
1614 1501 1624 1511 4774 8774
200 421 210 431 4128 8128
4879 2427 4889 2437 3942 7942
3707 1608 3717 1618 4251 8251
1639 1469 1649 1479 4561 8561
2507 3566 2517 3576 3796 7796
3498 3427 3508 3437 3912 7912
3280 2931 3290 2941 4866 8866
4610 478 4620 488 5095 9095
1457 2423 1467 2433 4829 8829
1890 2842 1900 2852 4132 8132
1865 3379 1875 3389 4004 8004
3912 1018 3922 1028 4333 8333
5249 3854 5259 3864 3755 7755
1702 3912 1712 3922 4462 8462
4140 1234 4150 1244 3471 7471
370 247 380 257 3686 7686
991 1203 1001 1213 4377 8377
933 2842 943 2852 3637 7637
4851 605 4861 615 3570 7570
5311 1495 5321 1505 4395 8395
4624 934 4634 944 4141 8141
5401 898 5411 908 4496 8496
171 2271 181 2281 3545 7545
4578 3417 4588 3427 4390 8390
1797 1596 1807 1606 5008 9008
2246 3432 2256 3442 5053 9053
2466 3239 2476 3249 4482 8482
2369 3702 2379 3712 3737 7737
3868 2756 3878 2766 4200 8200
3582 51 3592 61 4947 8947
3126 2695 3136 2705 3845 7845
548 3127 558 3137 4585 8585
729 1398 739 1408 4013 8013
3073 3106 3083 3116 3988 7988
1859 3353 1869 3363 4117 8117
4805 3328 4815 3338 3849 7849
2217 92 2227 102 3724 7724
2584 2179 2594 2189 3655 7655
3157 2087 3167 2097 4390 8390
1091 2237 1101 2247 4035 8035
1955 3096 1965 3106 4933 8933
1785 1675 1795 1685 4368 8368
189 605 199 615 5069 9069
4569 2127 4579 2137 4862 8862
2814 3785 2824 3795 4047 8047
2743 446 2753 456 4306 8306
2576 2716 2586 2726 3582 7582
3304 1440 3314 1450 4649 8649
30 3450 40 3460 4235 8235
3436 608 3446 618 3518 7518
1341 2391 1351 2401 4500 8500
5728 1750 5738 1760 4412 8412
825 3574 835 3584 3590 7590
2147 3768 2157 3778 3977 7977
2608 3371 2618 3381 5010 9010
1856 3980 1866 3990 4789 8789
4287 1045 4297 1055 4995 8995
84 2647 94 2657 4181 8181
5429 1280 5439 1290 3690 7690
4548 2926 4558 2936 4164 8164
1022 419 1032 429 4808 8808
1657 1296 1667 1306 5117 9117
4852 1466 4862 1476 3746 7746
3974 3940 3984 3950 4084 8084
1476 1465 1486 1475 4002 8002
1367 3763 1377 3773 4433 8433
4150 1426 4160 1436 5064 9064
2532 2528 2542 2538 4292 8292
626 2881 636 2891 4545 8545
1590 580 1600 590 4094 8094
4363 3468 4373 3478 3603 7603
5070 2668 5080 2678 3845 7845
3345 1470 3355 1480 4046 8046
5208 2093 5218 2103 4324 8324
1417 2672 1427 2682 4401 8401
615 2239 625 2249 4954 8954
3396 3617 3406 3627 4357 8357
4352 3156 4362 3166 3801 7801
958 2294 968 2304 3771 7771
2755 492 2765 502 4155 8155
5198 3200 5208 3210 4496 8496
116 1599 126 1609 4154 8154
2748 3044 2758 3054 4962 8962
3788 751 3798 761 4578 8578
3852 864 3862 874 3797 7797
3399 386 3409 396 5049 9049
4285 3298 4295 3308 4445 8445
663 1900 673 1910 3797 7797
599 3592 609 3602 4705 8705
1542 2525 1552 2535 4928 8928
4358 10 4368 20 4470 8470
5769 2072 5779 2082 4766 8766
5280 3639 5290 3649 4213 8213
4063 2187 4073 2197 3975 7975
3943 893 3953 903 4954 8954
4243 1984 4253 1994 3452 7452
4181 480 4191 490 4861 8861
4226 184 4236 194 3984 7984
2609 2862 2619 2872 3513 7513
5787 1798 5797 1808 3831 7831
3689 800 3699 810 4682 8682
2207 3337 2217 3347 4717 8717
2730 104 2740 114 3432 7432
621 2168 631 2178 4249 8249
1090 1262 1100 1272 4585 8585
5552 58 5562 68 3700 7700
811 796 821 806 4946 8946
1925 2339 1935 2349 4191 8191
3734 2238 3744 2248 4423 8423
745 411 755 421 4275 8275
3695 2954 3705 2964 3740 7740
289 3473 299 3483 4131 8131
3834 1190 3844 1200 4274 8274
1737 2378 1747 2388 4971 8971
1465 568 1475 578 4077 8077
1040 3843 1050 3853 4579 8579
1710 2995 1720 3005 4804 8804
1930 558 1940 568 3872 7872
212 2423 222 2433 4163 8163
2985 1825 2995 1835 4453 8453
3811 3664 3821 3674 3551 7551
4896 3198 4906 3208 4512 8512
2498 2497 2508 2507 4404 8404
3427 2825 3437 2835 4858 8858
2235 1 2245 11 3920 7920
4394 523 4404 533 4151 8151
2486 771 2496 781 4051 8051
4371 2838 4381 2848 4922 8922
2613 2156 2623 2166 5005 9005
5653 3964 5663 3974 4442 8442
1785 3691 1795 3701 3694 7694
2059 2138 2069 2148 4259 8259
5001 2642 5011 2652 4735 8735
5359 555 5369 565 3601 7601
1605 2797 1615 2807 5088 9088
2809 3501 2819 3511 3519 7519
712 1110 722 1120 3554 7554
1956 412 1966 422 3416 7416
4164 1369 4174 1379 4716 8716
1560 2230 1570 2240 4970 8970
2248 1027 2258 1037 3499 7499
4094 716 4104 726 5002 9002
1556 779 1566 789 5119 9119
4300 30 4310 40 4566 8566
249 846 259 856 4340 8340
4681 1418 4691 1428 3378 7378
2673 1600 2683 1610 3865 7865
1766 2008 1776 2018 4488 8488
211 3202 221 3212 4166 8166
5579 2850 5589 2860 4482 8482
3363 2777 3373 2787 4937 8937
4734 2658 4744 2668 3942 7942
5077 3312 5087 3322 4406 8406
4739 870 4749 880 4013 8013
3469 534 3479 544 4062 8062
2879 1543 2889 1553 3521 7521
3684 428 3694 438 3961 7961
4068 1953 4078 1963 4481 8481
4722 210 4732 220 3885 7885
277 3724 287 3734 3993 7993
4370 2109 4380 2119 4108 8108
670 2284 680 2294 4553 8553
5049 3159 5059 3169 4635 8635
2865 2622 2875 2632 3949 7949
1006 1229 1016 1239 4493 8493
3228 1777 3238 1787 4635 8635
679 3013 689 3023 3544 7544
1430 2056 1440 2066 4337 8337
79 1695 89 1705 5104 9104
2319 160 2329 170 3839 7839
1728 2057 1738 2067 4888 8888
4235 2046 4245 2056 3863 7863
4422 2457 4432 2467 3373 7373
5376 1694 5386 1704 3397 7397
4037 2162 4047 2172 4340 8340
2182 3946 2192 3956 4610 8610
2342 1244 2352 1254 3425 7425
1359 498 1369 508 4815 8815
4681 3718 4691 3728 4592 8592
855 2131 865 2141 4527 8527
1293 203 1303 213 4942 8942
1374 710 1384 720 4656 8656
3 1556 13 1566 3449 7449
104 3678 114 3688 4313 8313
4889 726 4899 736 4351 8351
5543 2068 5553 2078 5045 9045
4944 1265 4954 1275 4173 8173
945 1122 955 1132 3907 7907
4975 453 4985 463 3589 7589
4263 231 4273 241 4897 8897
4916 3416 4926 3426 4728 8728
3324 2521 3334 2531 4007 8007
3835 3059 3845 3069 4707 8707
5669 2584 5679 2594 4555 8555
29 1340 39 1350 4315 8315
3264 2935 3274 2945 5110 9110
1108 401 1118 411 4666 8666
3753 2357 3763 2367 4925 8925
966 1262 976 1272 4293 8293
4489 3655 4499 3665 4505 8505
677 2477 687 2487 4446 8446
771 3012 781 3022 4656 8656
5324 1701 5334 1711 4836 8836
2796 240 2806 250 4990 8990
714 1935 724 1945 4165 8165
2493 3345 2503 3355 4495 8495
804 3662 814 3672 4474 8474
5349 2515 5359 2525 4154 8154
2146 1254 2156 1264 4377 8377
3235 1983 3245 1993 4408 8408
5792 2842 5802 2852 4798 8798
977 3272 987 3282 3582 7582
1826 3983 1836 3993 4605 8605
2512 162 2522 172 3617 7617
988 3471 998 3481 3515 7515
2144 284 2154 294 4301 8301
3540 653 3550 663 4300 8300
4289 1850 4299 1860 5104 9104
5338 245 5348 255 4690 8690
3679 2659 3689 2669 5045 9045
3575 578 3585 588 5135 9135
4113 1409 4123 1419 3757 7757
4313 3683 4323 3693 4109 8109
4332 1713 4342 1723 4175 8175
4008 462 4018 472 5139 9139
4900 506 4910 516 3617 7617
4440 3167 4450 3177 4095 8095
57 1715 67 1725 5120 9120
713 3262 723 3272 4895 8895
14 1939 24 1949 4344 8344
3978 2165 3988 2175 3621 7621
5300 1662 5310 1672 4968 8968
4752 3442 4762 3452 4361 8361
1827 3603 1837 3613 4058 8058
5153 1620 5163 1630 4096 8096
1630 3421 1640 3431 4477 8477
5415 378 5425 388 3579 7579
1348 1758 1358 1768 3483 7483
610 2094 620 2104 4972 8972
5346 263 5356 273 4725 8725
4978 3002 4988 3012 3777 7777
5299 2032 5309 2042 3744 7744
2984 624 2994 634 4837 8837
5689 2763 5699 2773 4753 8753
4266 1479 4276 1489 4715 8715
5534 2620 5544 2630 4076 8076
3655 1718 3665 1728 3955 7955
18 3415 28 3425 5092 9092
2593 1581 2603 1591 5080 9080
1375 2066 1385 2076 5049 9049
1572 2776 1582 2786 4302 8302
3081 1060 3091 1070 3436 7436
3560 3171 3570 3181 4004 8004
5795 819 5805 829 3997 7997
3985 2084 3995 2094 3427 7427
4290 1062 4300 1072 3459 7459
3005 3862 3015 3872 4152 8152
5192 1680 5202 1690 3858 7858
4456 1835 4466 1845 5117 9117
1510 1985 1520 1995 4332 8332
47 929 57 939 5038 9038
2516 1596 2526 1606 4924 8924
1935 2508 1945 2518 4796 8796
3055 3115 3065 3125 3877 7877
5553 1417 5563 1427 4622 8622
2920 647 2930 657 3427 7427
466 236 476 246 4146 8146
3608 562 3618 572 3449 7449
3560 2622 3570 2632 4985 8985
3083 527 3093 537 5049 9049
3222 2523 3232 2533 4204 8204
1595 1253 1605 1263 4625 8625
5031 2741 5041 2751 4127 8127
549 3620 559 3630 4175 8175
3972 2662 3982 2672 4382 8382
3602 2960 3612 2970 3533 7533
4975 2381 4985 2391 5080 9080
3763 3405 3773 3415 4300 8300
5816 2317 5826 2327 3893 7893
3594 3075 3604 3085 3798 7798
4303 1379 4313 1389 4903 8903
3684 3 3694 13 4601 8601
4819 3237 4829 3247 4726 8726
3286 2279 3296 2289 4331 8331
2730 3553 2740 3563 3853 7853
3455 3539 3465 3549 4328 8328
1771 158 1781 168 5051 9051
2832 3641 2842 3651 5036 9036
5379 2932 5389 2942 3979 7979
2206 2243 2216 2253 4604 8604
654 419 664 429 5126 9126
2299 3143 2309 3153 4651 8651
147 3268 157 3278 3941 7941
5643 3300 5653 3310 3445 7445
2198 2365 2208 2375 3854 7854
4877 3494 4887 3504 3674 7674
1258 3342 1268 3352 3938 7938
4997 2145 5007 2155 4818 8818
2211 2081 2221 2091 4436 8436
138 1779 148 1789 4593 8593
4014 1005 4024 1015 4407 8407
1097 3894 1107 3904 4711 8711
965 2105 975 2115 4199 8199
666 3984 676 3994 4606 8606
2278 2793 2288 2803 4967 8967
2414 3570 2424 3580 3732 7732
374 532 384 542 4603 8603
1133 51 1143 61 3982 7982
2623 3154 2633 3164 3964 7964
527 185 537 195 5070 9070
590 3817 600 3827 4189 8189
2813 1840 2823 1850 3832 7832
3521 3855 3531 3865 3460 7460
1079 2740 1089 2750 3636 7636
4606 775 4616 785 4531 8531
3019 3126 3029 3136 4857 8857
1923 1361 1933 1371 3802 7802
940 2004 950 2014 4817 8817
2901 3944 2911 3954 3655 7655
902 2129 912 2139 4463 8463
1451 1181 1461 1191 3958 7958
902 754 912 764 4083 8083
1553 2 1563 12 3558 7558
1400 2193 1410 2203 4534 8534
256 2644 266 2654 3736 7736
319 3722 329 3732 4393 8393
2165 2553 2175 2563 4061 8061
3371 101 3381 111 3495 7495
953 126 963 136 4142 8142
4482 718 4492 728 3528 7528
2434 2893 2444 2903 4644 8644
4656 2052 4666 2062 4989 8989
582 1326 592 1336 4321 8321
688 2821 698 2831 4258 8258
5641 161 5651 171 3664 7664
226 132 236 142 4926 8926
49 3926 59 3936 4075 8075
5483 1717 5493 1727 4114 8114
170 3152 180 3162 4072 8072
3604 1789 3614 1799 4542 8542
3122 2655 3132 2665 3685 7685
2993 3963 3003 3973 4089 8089
1730 3562 1740 3572 4445 8445
5005 1317 5015 1327 5031 9031
83 3195 93 3205 5133 9133
4763 2754 4773 2764 4329 8329
3042 3970 3052 3980 5084 9084
4202 985 4212 995 4104 8104
3354 3024 3364 3034 4791 8791
3397 2056 3407 2066 4869 8869
3084 212 3094 222 3661 7661
3865 287 3875 297 4502 8502
4491 657 4501 667 4565 8565
685 3703 695 3713 4226 8226
1207 2873 1217 2883 3669 7669
483 3187 493 3197 4237 8237
2511 2001 2521 2011 4393 8393
3627 254 3637 264 4827 8827
5049 2888 5059 2898 4082 8082
4052 2810 4062 2820 3719 7719
4494 1590 4504 1600 4082 8082
5131 2884 5141 2894 3699 7699
486 1614 496 1624 3396 7396
651 1482 661 1492 4123 8123
2635 1320 2645 1330 3418 7418
4097 525 4107 535 4133 8133
3114 1606 3124 1616 4472 8472
3413 2885 3423 2895 4163 8163
968 2939 978 2949 4135 8135
3309 1691 3319 1701 5090 9090
4530 2544 4540 2554 3870 7870
3450 3401 3460 3411 5120 9120
5214 242 5224 252 3458 7458
1419 621 1429 631 3498 7498
5053 3478 5063 3488 4340 8340
235 1649 245 1659 3416 7416
5542 266 5552 276 3454 7454
2220 2536 2230 2546 3607 7607
2454 3075 2464 3085 4610 8610
5296 3295 5306 3305 3553 7553
4632 497 4642 507 4495 8495
1396 2876 1406 2886 4375 8375
3133 1974 3143 1984 4325 8325
520 2439 530 2449 3770 7770
2226 3985 2236 3995 3752 7752
3005 1501 3015 1511 3591 7591
5491 1404 5501 1414 4154 8154
534 1704 544 1714 3902 7902
2800 2655 2810 2665 4293 8293
1997 3154 2007 3164 4269 8269
3706 3635 3716 3645 3386 7386
2910 3310 2920 3320 5103 9103
440 1074 450 1084 3650 7650
460 2532 470 2542 4359 8359
5774 1183 5784 1193 4444 8444
5202 3191 5212 3201 4931 8931
692 1860 702 1870 4022 8022
3340 412 3350 422 4586 8586
2745 1732 2755 1742 3879 7879
3557 14 3567 24 3641 7641
5405 940 5415 950 4802 8802
1157 1450 1167 1460 4135 8135
5303 1804 5313 1814 3576 7576
1884 630 1894 640 4983 8983
5511 1778 5521 1788 4153 8153
63 744 73 754 4615 8615
2648 3167 2658 3177 3855 7855
3466 570 3476 580 4703 8703
434 3471 444 3481 4834 8834
1837 2971 1847 2981 4698 8698
1310 3981 1320 3991 4475 8475
3485 3005 3495 3015 3522 7522
5457 544 5467 554 3820 7820
4527 2561 4537 2571 4555 8555
4896 3515 4906 3525 4357 8357
5110 1023 5120 1033 3609 7609
194 2190 204 2200 4486 8486
5149 2817 5159 2827 5024 9024
5167 1468 5177 1478 3987 7987
2427 1562 2437 1572 4252 8252
1077 1498 1087 1508 3970 7970
520 3299 530 3309 4135 8135
3667 3906 3677 3916 3919 7919
5127 2780 5137 2790 3600 7600
1058 1690 1068 1700 4353 8353
1537 3433 1547 3443 3528 7528
3162 3982 3172 3992 3849 7849
5097 443 5107 453 4989 8989
548 1211 558 1221 3836 7836
3923 35 3933 45 3643 7643
2815 159 2825 169 3704 7704
1102 2523 1112 2533 4846 8846
1469 2209 1479 2219 4107 8107
1238 3398 1248 3408 3649 7649
2293 3581 2303 3591 4293 8293
2164 544 2174 554 5052 9052
4594 638 4604 648 3632 7632
2721 1424 2731 1434 4057 8057
5219 2710 5229 2720 4306 8306
3011 1599 3021 1609 4866 8866
1616 1062 1626 1072 3713 7713
2343 327 2353 337 3719 7719
696 2399 706 2409 5037 9037
5812 3831 5822 3841 3972 7972
423 2431 433 2441 4083 8083
5389 99 5399 109 3982 7982
345 2702 355 2712 3907 7907
828 3596 838 3606 4974 8974
2476 82 2486 92 4507 8507
322 3987 332 3997 3913 7913
2626 910 2636 920 3469 7469
4634 3559 4644 3569 4566 8566
2563 1646 2573 1656 4429 8429
80 3068 90 3078 4586 8586
162 246 172 256 3495 7495
3867 475 3877 485 4096 8096
4751 3198 4761 3208 3799 7799
2295 2037 2305 2047 4059 8059
3127 3042 3137 3052 3935 7935
1962 3433 1972 3443 3892 7892
574 3244 584 3254 3411 7411
3928 1873 3938 1883 3805 7805
5144 1843 5154 1853 3800 7800
3541 1373 3551 1383 4321 8321
4037 3860 4047 3870 3688 7688
3093 1765 3103 1775 3803 7803
4404 1999 4414 2009 3785 7785
5204 2823 5214 2833 4688 8688
3912 1671 3922 1681 4638 8638
3596 1253 3606 1263 4569 8569
1437 2404 1447 2414 3605 7605
4881 2196 4891 2206 3670 7670
307 2570 317 2580 4507 8507
74 322 84 332 5037 9037
5692 3273 5702 3283 4278 8278
2241 1118 2251 1128 3733 7733
941 1940 951 1950 4992 8992
5819 2071 5829 2081 3471 7471
209 1118 219 1128 5103 9103
1929 3152 1939 3162 4925 8925
5472 3417 5482 3427 4459 8459
5481 3586 5491 3596 3803 7803
759 88 769 98 4943 8943
1230 936 1240 946 4796 8796
4823 1218 4833 1228 4389 8389
2190 2794 2200 2804 4825 8825
4557 3763 4567 3773 3478 7478
1335 1717 1345 1727 5106 9106
2178 3536 2188 3546 4299 8299
702 2666 712 2676 4180 8180
4080 164 4090 174 3688 7688
5524 2502 5534 2512 4634 8634
982 1958 992 1968 4890 8890
1428 374 1438 384 4887 8887
2422 3967 2432 3977 4784 8784
19 1395 29 1405 4106 8106
992 1642 1002 1652 4078 8078
3916 2717 3926 2727 4509 8509
2332 2689 2342 2699 3783 7783
3833 2379 3843 2389 4332 8332
1882 3890 1892 3900 3629 7629
2219 3258 2229 3268 3866 7866
3272 1066 3282 1076 3571 7571
3818 1498 3828 1508 4069 8069
3311 2499 3321 2509 5070 9070
3763 3351 3773 3361 4316 8316
5263 1182 5273 1192 4543 8543
2922 1159 2932 1169 4999 8999
408 1363 418 1373 4808 8808
3761 535 3771 545 4909 8909
1097 3441 1107 3451 5089 9089
3720 3904 3730 3914 4854 8854
5449 3132 5459 3142 4637 8637
4891 1213 4901 1223 5031 9031
1127 2313 1137 2323 4112 8112
4811 430 4821 440 3687 7687
640 3201 650 3211 3630 7630
2683 802 2693 812 5025 9025
612 555 622 565 5092 9092
2436 2005 2446 2015 4946 8946
877 3827 887 3837 3627 7627
13 3047 23 3057 4990 8990
5370 2929 5380 2939 4201 8201
4117 3054 4127 3064 3757 7757
5663 1421 5673 1431 4988 8988
2297 1995 2307 2005 4373 8373
5701 3796 5711 3806 5021 9021
5205 483 5215 493 4475 8475
2574 379 2584 389 3686 7686
140 2182 150 2192 5022 9022
5416 1904 5426 1914 5115 9115
4943 3435 4953 3445 4036 8036
317 1287 327 1297 3446 7446
2794 519 2804 529 4523 8523
2378 1015 2388 1025 4241 8241
2381 2135 2391 2145 4485 8485
4415 1624 4425 1634 3640 7640
5761 666 5771 676 4648 8648
5661 2032 5671 2042 4621 8621
3901 3096 3911 3106 4205 8205
2091 3628 2101 3638 4148 8148
5630 3080 5640 3090 3420 7420
125 1365 135 1375 3693 7693
4836 1614 4846 1624 4464 8464
5012 2664 5022 2674 3854 7854
3931 2837 3941 2847 3584 7584
574 2563 584 2573 3969 7969
789 289 799 299 4664 8664
5732 808 5742 818 3599 7599
3729 684 3739 694 4451 8451
3049 1922 3059 1932 4465 8465
267 1981 277 1991 4688 8688
3377 3909 3387 3919 4368 8368
1787 2653 1797 2663 4334 8334
5445 1266 5455 1276 3995 7995
369 2785 379 2795 4364 8364
4199 2836 4209 2846 4487 8487
5143 1224 5153 1234 4432 8432
4106 47 4116 57 3534 7534
5812 2061 5822 2071 4855 8855
269 702 279 712 4739 8739
4555 253 4565 263 5117 9117
3970 1772 3980 1782 4885 8885
4662 1791 4672 1801 5098 9098
5123 1594 5133 1604 4160 8160
1900 3047 1910 3057 4897 8897
4734 303 4744 313 4886 8886
2698 2969 2708 2979 3605 7605
5233 3728 5243 3738 4892 8892
4187 2236 4197 2246 4085 8085
1310 3966 1320 3976 4580 8580
4524 1424 4534 1434 3616 7616
5647 69 5657 79 4966 8966
4803 501 4813 511 4438 8438
2527 345 2537 355 4894 8894
151 2263 161 2273 4256 8256
5288 1112 5298 1122 3530 7530
4697 1067 4707 1077 4477 8477
5000 1656 5010 1666 4667 8667
267 2071 277 2081 4515 8515
1586 3849 1596 3859 4123 8123
4648 3305 4658 3315 3794 7794
3267 1659 3277 1669 4846 8846
5121 443 5131 453 4924 8924
4017 696 4027 706 4013 8013
1098 1308 1108 1318 4694 8694
4714 309 4724 319 3631 7631
5251 535 5261 545 3521 7521
3552 835 3562 845 3843 7843
41 1255 51 1265 3783 7783
4212 1479 4222 1489 4034 8034
2519 3825 2529 3835 3403 7403
3199 563 3209 573 4427 8427
711 3061 721 3071 4480 8480
3398 2753 3408 2763 4309 8309
418 1232 428 1242 4892 8892
5335 3160 5345 3170 5007 9007
3239 2472 3249 2482 3610 7610
4811 524 4821 534 3495 7495
5150 2658 5160 2668 4602 8602
2614 750 2624 760 5085 9085
4344 1143 4354 1153 4198 8198
1052 2123 1062 2133 4141 8141
535 529 545 539 4741 8741
3294 92 3304 102 4505 8505
195 1157 205 1167 4957 8957
5202 1995 5212 2005 4235 8235
1808 3720 1818 3730 3663 7663
4222 2644 4232 2654 5139 9139
5781 2800 5791 2810 4838 8838
4603 1507 4613 1517 3719 7719
2273 235 2283 245 4490 8490
4969 677 4979 687 4037 8037
616 3729 626 3739 3834 7834
166 1853 176 1863 4643 8643
1185 3726 1195 3736 3570 7570
3240 1913 3250 1923 3706 7706
5216 712 5226 722 4520 8520
2230 660 2240 670 3603 7603
5816 215 5826 225 3987 7987
2204 2245 2214 2255 3525 7525
1435 1011 1445 1021 4835 8835
199 1189 209 1199 4411 8411
3224 114 3234 124 4102 8102
5391 84 5401 94 4411 8411
4266 3853 4276 3863 3531 7531
3948 3908 3958 3918 4939 8939
5470 180 5480 190 4963 8963
2562 3975 2572 3985 4633 8633
3713 2230 3723 2240 5053 9053
262 1595 272 1605 4102 8102
654 443 664 453 4286 8286
3403 1530 3413 1540 3872 7872
1578 2990 1588 3000 3630 7630
1545 1360 1555 1370 5117 9117
2298 2338 2308 2348 4951 8951
4031 713 4041 723 4907 8907
285 857 295 867 4079 8079
2379 123 2389 133 3738 7738
723 2769 733 2779 4861 8861
3249 1998 3259 2008 4399 8399
4427 170 4437 180 4658 8658
2850 2273 2860 2283 4987 8987
5016 240 5026 250 4283 8283
2030 3405 2040 3415 4966 8966
1419 35 1429 45 3979 7979
