1000
2148 2013 2198 2063 5807 7807
3764 3507 3814 3557 6715 8715
1057 3805 1107 3855 6980 8980
4081 2695 4131 2745 3914 5914
5058 3498 5108 3548 6058 8058
164 669 214 719 4786 6786
5778 1200 5828 1250 6915 8915
5674 194 5724 244 3400 5400
3337 185 3387 235 5286 7286
5488 2147 5538 2197 3809 5809
3224 2398 3274 2448 3399 5399
5113 3199 5163 3249 7083 9083
4797 2515 4847 2565 3462 5462
4738 2546 4788 2596 4373 6373
4567 1875 4617 1925 4136 6136
3704 3360 3754 3410 5039 7039
1591 183 1641 233 5496 7496
5075 3196 5125 3246 4472 6472
5121 3617 5171 3667 5241 7241
3016 979 3066 1029 5894 7894
961 3198 1011 3248 4581 6581
5629 3318 5679 3368 3958 5958
5761 3499 5811 3549 4204 6204
669 3900 719 3950 7032 9032
1512 753 1562 803 4808 6808
365 2711 415 2761 6667 8667
3778 3092 3828 3142 5680 7680
4067 1689 4117 1739 3523 5523
2683 602 2733 652 5489 7489
1879 1958 1929 2008 7109 9109
86 360 136 410 4544 6544
2589 1203 2639 1253 6095 8095
1569 93 1619 143 5896 7896
3876 265 3926 315 3787 5787
2008 1033 2058 1083 6175 8175
5487 1375 5537 1425 4442 6442
4224 1392 4274 1442 4193 6193
1342 1715 1392 1765 5205 7205
2516 3106 2566 3156 5834 7834
5292 1230 5342 1280 5898 7898
2249 1618 2299 1668 6258 8258
1075 2716 1125 2766 5271 7271
2421 3772 2471 3822 4551 6551
3965 1644 4015 1694 4614 6614
2000 3398 2050 3448 4366 6366
2421 3008 2471 3058 6668 8668
3141 3264 3191 3314 3978 5978
3096 3212 3146 3262 5958 7958
2899 2097 2949 2147 4500 6500
553 3536 603 3586 3570 5570
4866 37 4916 87 4019 6019
5216 2700 5266 2750 4960 6960
1441 2422 1491 2472 3635 5635
3768 2133 3818 2183 6742 8742
5746 2352 5796 2402 6637 8637
4425 3262 4475 3312 5178 7178
169 3056 219 3106 5663 7663
5684 875 5734 925 4959 6959
3202 1220 3252 1270 6987 8987
2522 1313 2572 1363 6327 8327
2871 2542 2921 2592 5044 7044
3008 1317 3058 1367 4311 6311
1058 2223 1108 2273 5180 7180
1728 1403 1778 1453 4310 6310
1775 3073 1825 3123 4215 6215
3207 3176 3257 3226 5602 7602
1258 275 1308 325 4523 6523
1960 1388 2010 1438 5571 7571
866 1467 916 1517 6810 8810
1817 3049 1867 3099 6934 8934
335 3412 385 3462 5125 7125
4458 225 4508 275 4270 6270
3681 3535 3731 3585 4173 6173
3562 1881 3612 1931 4765 6765
3601 3102 3651 3152 6865 8865
4472 3833 4522 3883 4355 6355
4132 2561 4182 2611 4301 6301
1742 1981 1792 2031 5637 7637
3052 1355 3102 1405 3413 5413
2517 2211 2567 2261 6718 8718
2016 751 2066 801 6119 8119
5090 3776 5140 3826 4360 6360
5371 3273 5421 3323 5125 7125
4302 3338 4352 3388 6582 8582
2997 3292 3047 3342 6662 8662
2737 398 2787 448 4860 6860
831 1300 881 1350 5081 7081
583 1154 633 1204 4175 6175
3215 264 3265 314 4154 6154
347 2665 397 2715 4441 6441
3428 2906 3478 2956 4648 6648
3749 1821 3799 1871 6448 8448
4318 727 4368 777 5763 7763
4867 2418 4917 2468 5651 7651
4469 2638 4519 2688 4129 6129
1762 1647 1812 1697 7060 9060
3092 1484 3142 1534 5791 7791
3924 2424 3974 2474 3570 5570
4893 765 4943 815 4694 6694
1074 3065 1124 3115 6737 8737
4538 3333 4588 3383 4050 6050
2713 460 2763 510 4254 6254
56 3713 106 3763 6152 8152
4713 3635 4763 3685 3432 5432
2873 2108 2923 2158 5025 7025
2601 2234 2651 2284 6888 8888
5232 2758 5282 2808 4563 6563
5126 3428 5176 3478 4424 6424
5354 1704 5404 1754 5390 7390
522 2894 572 2944 5830 7830
1592 738 1642 788 4901 6901
2137 3888 2187 3938 4100 6100
127 886 177 936 4416 6416
935 1200 985 1250 5931 7931
1745 1404 1795 1454 4318 6318
5554 3652 5604 3702 4541 6541
3518 440 3568 490 4744 6744
5395 970 5445 1020 6636 8636
187 2446 237 2496 5581 7581
2691 612 2741 662 4458 6458
346 1516 396 1566 3913 5913
3698 161 3748 211 3975 5975
2261 1750 2311 1800 5625 7625
352 3630 402 3680 3717 5717
2840 2559 2890 2609 6819 8819
1283 2315 1333 2365 3959 5959
4563 24 4613 74 4691 6691
1536 3935 1586 3985 3897 5897
3243 1237 3293 1287 4296 6296
2997 28 3047 78 6787 8787
545 2806 595 2856 3854 5854
424 480 474 530 5386 7386
4022 1414 4072 1464 6825 8825
4275 1419 4325 1469 5510 7510
107 2991 157 3041 3599 5599
3317 905 3367 955 6515 8515
1789 210 1839 260 6890 8890
3890 281 3940 331 5494 7494
3166 3408 3216 3458 4226 6226
2317 582 2367 632 4682 6682
3191 1460 3241 1510 3879 5879
263 2260 313 2310 3771 5771
134 107 184 157 5087 7087
277 2082 327 2132 5102 7102
2956 2051 3006 2101 6801 8801
1470 849 1520 899 3593 5593
2701 1560 2751 1610 5860 7860
3049 104 3099 154 6186 8186
2118 832 2168 882 5741 7741
95 2810 145 2860 5062 7062
4135 2130 4185 2180 3564 5564
3004 308 3054 358 5558 7558
399 887 449 937 4111 6111
1718 1667 1768 1717 3572 5572
1524 2326 1574 2376 4289 6289
2655 1473 2705 1523 6364 8364
5069 285 5119 335 6194 8194
1747 3306 1797 3356 5521 7521
3153 1480 3203 1530 4873 6873
3603 1133 3653 1183 5175 7175
2112 586 2162 636 4400 6400
1881 2646 1931 2696 5129 7129
2006 460 2056 510 3510 5510
3855 2207 3905 2257 5095 7095
2777 834 2827 884 4484 6484
687 2714 737 2764 4002 6002
904 1421 954 1471 6793 8793
753 3927 803 3977 5492 7492
2796 2613 2846 2663 5568 7568
3083 317 3133 367 4530 6530
5258 1572 5308 1622 3689 5689
929 2750 979 2800 5649 7649
5078 3298 5128 3348 7043 9043
1794 1048 1844 1098 4143 6143
1609 3739 1659 3789 6220 8220
4825 3813 4875 3863 3724 5724
2657 2121 2707 2171 4416 6416
2270 791 2320 841 5342 7342
5386 2171 5436 2221 5971 7971
3868 3144 3918 3194 4482 6482
5412 3137 5462 3187 5085 7085
2572 3143 2622 3193 3782 5782
4142 3470 4192 3520 6951 8951
4730 3869 4780 3919 4027 6027
4729 3192 4779 3242 6517 8517
5661 2629 5711 2679 6129 8129
3065 3651 3115 3701 5856 7856
3337 2594 3387 2644 4753 6753
1107 2193 1157 2243 7066 9066
3991 3930 4041 3980 6760 8760
4012 465 4062 515 3965 5965
3281 3670 3331 3720 5153 7153
1025 956 1075 1006 7063 9063
5042 117 5092 167 3969 5969
1814 2221 1864 2271 5134 7134
4373 200 4423 250 4133 6133
498 721 548 771 5788 7788
4001 683 4051 733 5983 7983
74 3446 124 3496 6840 8840
3094 339 3144 389 5114 7114
4563 2962 4613 3012 5732 7732
2621 466 2671 516 3993 5993
3988 3503 4038 3553 3850 5850
5297 3520 5347 3570 5627 7627
5207 425 5257 475 4233 6233
2672 2479 2722 2529 6286 8286
3845 503 3895 553 5025 7025
4265 569 4315 619 4840 6840
413 2900 463 2950 6452 8452
3465 1196 3515 1246 6598 8598
4381 2552 4431 2602 4715 6715
1455 2203 1505 2253 4614 6614
3051 2154 3101 2204 4610 6610
1729 1925 1779 1975 7033 9033
5355 1433 5405 1483 4579 6579
2614 3302 2664 3352 5009 7009
3630 1690 3680 1740 6888 8888
4351 248 4401 298 3914 5914
3650 1002 3700 1052 5007 7007
5772 2194 5822 2244 6326 8326
4453 2096 4503 2146 6239 8239
3705 1174 3755 1224 4919 6919
4155 3666 4205 3716 6242 8242
1038 1490 1088 1540 6787 8787
3859 2096 3909 2146 5055 7055
1525 371 1575 421 4483 6483
1063 3849 1113 3899 4583 6583
4781 829 4831 879 4003 6003
635 3278 685 3328 7028 9028
3417 3360 3467 3410 4149 6149
4639 274 4689 324 4645 6645
1747 2073 1797 2123 5437 7437
1826 3563 1876 3613 3377 5377
3072 916 3122 966 6905 8905
3665 1034 3715 1084 6972 8972
3021 390 3071 440 4439 6439
3812 896 3862 946 6414 8414
4092 3053 4142 3103 4917 6917
5472 2343 5522 2393 5186 7186
3902 1666 3952 1716 5283 7283
193 2788 243 2838 6340 8340
1862 3171 1912 3221 4259 6259
1437 1638 1487 1688 6147 8147
3779 3156 3829 3206 5705 7705
4827 1748 4877 1798 7020 9020
4145 2229 4195 2279 5434 7434
4347 3381 4397 3431 4681 6681
1945 3512 1995 3562 6606 8606
1290 1733 1340 1783 6310 8310
242 2996 292 3046 5428 7428
1918 1595 1968 1645 6917 8917
1845 3008 1895 3058 6106 8106
1074 3889 1124 3939 4966 6966
2434 3385 2484 3435 5947 7947
5635 2985 5685 3035 3675 5675
4282 267 4332 317 5278 7278
3037 2933 3087 2983 4328 6328
4292 3550 4342 3600 6231 8231
3055 1238 3105 1288 4079 6079
1288 3797 1338 3847 5300 7300
1082 2165 1132 2215 6903 8903
5749 3948 5799 3998 6815 8815
5455 3319 5505 3369 6681 8681
698 3840 748 3890 5255 7255
341 770 391 820 3977 5977
5396 801 5446 851 6871 8871
184 3185 234 3235 5370 7370
98 917 148 967 5036 7036
3439 1001 3489 1051 4897 6897
2772 692 2822 742 3845 5845
671 2224 721 2274 7137 9137
3120 485 3170 535 4764 6764
4864 2027 4914 2077 3479 5479
1549 18 1599 68 6057 8057
90 996 140 1046 5622 7622
852 2760 902 2810 5823 7823
862 3018 912 3068 7050 9050
4468 1770 4518 1820 6844 8844
705 1959 755 2009 4673 6673
2447 230 2497 280 3897 5897
1491 3530 1541 3580 6575 8575
2408 2171 2458 2221 6619 8619
3064 1404 3114 1454 5090 7090
4533 1738 4583 1788 5680 7680
2131 2607 2181 2657 3427 5427
1493 1906 1543 1956 4500 6500
5574 3855 5624 3905 4942 6942
1366 102 1416 152 6133 8133
3415 392 3465 442 5491 7491
540 2583 590 2633 7071 9071
1149 2569 1199 2619 4013 6013
4996 1946 5046 1996 5293 7293
458 713 508 763 6816 8816
1918 2756 1968 2806 6873 8873
1146 2308 1196 2358 6927 8927
1620 1275 1670 1325 4237 6237
1620 3273 1670 3323 3976 5976
1328 3015 1378 3065 4798 6798
844 2557 894 2607 4599 6599
3606 1193 3656 1243 7002 9002
2614 3567 2664 3617 6615 8615
1194 50 1244 100 3859 5859
5603 2411 5653 2461 5569 7569
3333 255 3383 305 4739 6739
396 2071 446 2121 6151 8151
20 3198 70 3248 4517 6517
5711 3013 5761 3063 6481 8481
2770 14 2820 64 4416 6416
1454 3874 1504 3924 5564 7564
1143 179 1193 229 5785 7785
4284 1013 4334 1063 3510 5510
786 2003 836 2053 6134 8134
1986 233 2036 283 3504 5504
692 2195 742 2245 6971 8971
3249 588 3299 638 3770 5770
2860 1970 2910 2020 3589 5589
2829 3727 2879 3777 5463 7463
4265 1813 4315 1863 5521 7521
4072 281 4122 331 4853 6853
1682 1766 1732 1816 3905 5905
291 2089 341 2139 4283 6283
1048 3248 1098 3298 7051 9051
503 2102 553 2152 4497 6497
441 1071 491 1121 5932 7932
127 1203 177 1253 3551 5551
2034 857 2084 907 5102 7102
663 738 713 788 5586 7586
2100 168 2150 218 5609 7609
3208 1594 3258 1644 7020 9020
4831 3622 4881 3672 5607 7607
2131 2924 2181 2974 5001 7001
4840 2500 4890 2550 6772 8772
5708 2400 5758 2450 5966 7966
1409 3898 1459 3948 4783 6783
4206 3297 4256 3347 6686 8686
2911 3239 2961 3289 6917 8917
2010 1833 2060 1883 6623 8623
95 2660 145 2710 3895 5895
1263 1215 1313 1265 6894 8894
2989 1372 3039 1422 6928 8928
3278 2174 3328 2224 6413 8413
3761 1819 3811 1869 5911 7911
5224 36 5274 86 6088 8088
3863 2716 3913 2766 3733 5733
370 2444 420 2494 6214 8214
1132 946 1182 996 6392 8392
4544 2437 4594 2487 4487 6487
528 2742 578 2792 4686 6686
4930 293 4980 343 3698 5698
1795 2703 1845 2753 4678 6678
5716 3268 5766 3318 4814 6814
5401 695 5451 745 5019 7019
5035 476 5085 526 3531 5531
658 1333 708 1383 5244 7244
1639 384 1689 434 5183 7183
2315 2216 2365 2266 3951 5951
3392 3166 3442 3216 7049 9049
5534 3402 5584 3452 5384 7384
5050 280 5100 330 4965 6965
5148 1589 5198 1639 3998 5998
3541 237 3591 287 6816 8816
2362 2530 2412 2580 5415 7415
3796 1929 3846 1979 3619 5619
4623 1971 4673 2021 4023 6023
3600 898 3650 948 4694 6694
4931 2575 4981 2625 5178 7178
4411 2340 4461 2390 3578 5578
4050 888 4100 938 6917 8917
1288 2017 1338 2067 4412 6412
3180 1853 3230 1903 7124 9124
1133 2337 1183 2387 3958 5958
1562 555 1612 605 3820 5820
3764 1708 3814 1758 5060 7060
4518 3020 4568 3070 5375 7375
1898 1548 1948 1598 5127 7127
737 874 787 924 3391 5391
2167 808 2217 858 4861 6861
3616 3217 3666 3267 3538 5538
5610 3511 5660 3561 4506 6506
172 845 222 895 6419 8419
678 2442 728 2492 4719 6719
1262 3668 1312 3718 6715 8715
208 698 258 748 6516 8516
2551 772 2601 822 4284 6284
3159 2411 3209 2461 3987 5987
5480 910 5530 960 3669 5669
2903 3006 2953 3056 6006 8006
628 3393 678 3443 5466 7466
1054 1522 1104 1572 4485 6485
5248 1625 5298 1675 4234 6234
3641 202 3691 252 6186 8186
2910 2580 2960 2630 5825 7825
2763 1679 2813 1729 3522 5522
3860 568 3910 618 5390 7390
2379 79 2429 129 4544 6544
1920 1110 1970 1160 6498 8498
297 1717 347 1767 3850 5850
3247 289 3297 339 6017 8017
1913 1095 1963 1145 3566 5566
3372 2201 3422 2251 5076 7076
2361 941 2411 991 5091 7091
4475 3603 4525 3653 4196 6196
2350 2272 2400 2322 4938 6938
2885 2606 2935 2656 5237 7237
3482 2538 3532 2588 3750 5750
248 232 298 282 3907 5907
5501 515 5551 565 6151 8151
1382 3626 1432 3676 6109 8109
3089 928 3139 978 6043 8043
3323 3265 3373 3315 3743 5743
2257 3581 2307 3631 5603 7603
3706 367 3756 417 5858 7858
3140 672 3190 722 4081 6081
769 1243 819 1293 3419 5419
4935 2854 4985 2904 6881 8881
4561 2257 4611 2307 3775 5775
664 932 714 982 3610 5610
5074 1885 5124 1935 5677 7677
3701 38 3751 88 6205 8205
5200 864 5250 914 6732 8732
3237 1470 3287 1520 4352 6352
2781 2057 2831 2107 3555 5555
2761 1254 2811 1304 3448 5448
1475 3555 1525 3605 5856 7856
2785 2193 2835 2243 5683 7683
5089 1200 5139 1250 3680 5680
53 547 103 597 3820 5820
5346 2521 5396 2571 6159 8159
5516 2891 5566 2941 6228 8228
2476 2752 2526 2802 4222 6222
5389 354 5439 404 3943 5943
2381 22 2431 72 7110 9110
5045 1407 5095 1457 5761 7761
1495 3399 1545 3449 6905 8905
408 3517 458 3567 6967 8967
3938 346 3988 396 4653 6653
5217 1453 5267 1503 6363 8363
5280 2833 5330 2883 3571 5571
1530 779 1580 829 6553 8553
5499 2983 5549 3033 6674 8674
1812 858 1862 908 4729 6729
2981 797 3031 847 4623 6623
1130 356 1180 406 3402 5402
3864 2449 3914 2499 5545 7545
369 1557 419 1607 5659 7659
4510 2778 4560 2828 3907 5907
3475 1035 3525 1085 6135 8135
3719 642 3769 692 3373 5373
1871 3485 1921 3535 5463 7463
2959 1131 3009 1181 6030 8030
5065 1207 5115 1257 5087 7087
2982 1803 3032 1853 5290 7290
817 454 867 504 5150 7150
6 1229 56 1279 6839 8839
696 350 746 400 5304 7304
4346 3391 4396 3441 4955 6955
5790 3652 5840 3702 4427 6427
3755 540 3805 590 5843 7843
2260 3911 2310 3961 6972 8972
2356 1419 2406 1469 6481 8481
728 3151 778 3201 5643 7643
1440 420 1490 470 6703 8703
5545 581 5595 631 6286 8286
2043 1660 2093 1710 4686 6686
1357 2536 1407 2586 5436 7436
3896 2775 3946 2825 5019 7019
2016 1586 2066 1636 6390 8390
5398 421 5448 471 5425 7425
1950 2115 2000 2165 6093 8093
3456 2927 3506 2977 4039 6039
5161 1890 5211 1940 4662 6662
432 2674 482 2724 3877 5877
3834 2126 3884 2176 6706 8706
450 602 500 652 5642 7642
3072 551 3122 601 7053 9053
4953 1825 5003 1875 3591 5591
347 436 397 486 3755 5755
331 3616 381 3666 4443 6443
4160 722 4210 772 3984 5984
798 3142 848 3192 4472 6472
3458 2967 3508 3017 5218 7218
1160 1404 1210 1454 3748 5748
1350 257 1400 307 4500 6500
3518 2793 3568 2843 3388 5388
1880 2340 1930 2390 5976 7976
269 3198 319 3248 4987 6987
4357 288 4407 338 5773 7773
1235 1213 1285 1263 3948 5948
3586 1424 3636 1474 5754 7754
3416 2020 3466 2070 5581 7581
3081 2713 3131 2763 4866 6866
1981 3841 2031 3891 3785 5785
1558 166 1608 216 4421 6421
4701 172 4751 222 3823 5823
3200 1567 3250 1617 7077 9077
221 2938 271 2988 3690 5690
2315 1971 2365 2021 4522 6522
3053 821 3103 871 5054 7054
717 3861 767 3911 3994 5994
3046 783 3096 833 5737 7737
1916 1849 1966 1899 5511 7511
5623 1616 5673 1666 4605 6605
3019 2188 3069 2238 5623 7623
2402 1171 2452 1221 4360 6360
2894 3119 2944 3169 6858 8858
450 681 500 731 5915 7915
1350 3015 1400 3065 5096 7096
3287 2656 3337 2706 3537 5537
2128 2650 2178 2700 5654 7654
5170 337 5220 387 6620 8620
2957 1673 3007 1723 4190 6190
2084 1723 2134 1773 3979 5979
5037 2459 5087 2509 4270 6270
3394 2433 3444 2483 6615 8615
3329 487 3379 537 3494 5494
1413 2912 1463 2962 3376 5376
569 3866 619 3916 4110 6110
3828 255 3878 305 4327 6327
5307 56 5357 106 6702 8702
1473 1312 1523 1362 4407 6407
1535 1522 1585 1572 5518 7518
2783 2263 2833 2313 5664 7664
79 612 129 662 5684 7684
774 2931 824 2981 6628 8628
5104 1489 5154 1539 5178 7178
2033 1805 2083 1855 7138 9138
2038 1728 2088 1778 5287 7287
4297 418 4347 468 4547 6547
2090 2077 2140 2127 7022 9022
1927 1526 1977 1576 3703 5703
1062 119 1112 169 6589 8589
4548 2517 4598 2567 6513 8513
637 2434 687 2484 3461 5461
3929 2059 3979 2109 4702 6702
1263 1994 1313 2044 6208 8208
2652 270 2702 320 3928 5928
1428 1518 1478 1568 4175 6175
3404 284 3454 334 7002 9002
1612 3744 1662 3794 5036 7036
2645 2125 2695 2175 6426 8426
91 3098 141 3148 5210 7210
1372 1003 1422 1053 5977 7977
2780 946 2830 996 5566 7566
2234 866 2284 916 3627 5627
3130 2628 3180 2678 6749 8749
3004 3336 3054 3386 5846 7846
617 246 667 296 5114 7114
4982 1175 5032 1225 6965 8965
5692 2997 5742 3047 4819 6819
2263 678 2313 728 4102 6102
632 52 682 102 6274 8274
3663 2071 3713 2121 3848 5848
5692 1097 5742 1147 4982 6982
1009 1693 1059 1743 4876 6876
1970 1133 2020 1183 6785 8785
769 1475 819 1525 4980 6980
3904 3 3954 53 5324 7324
3158 1828 3208 1878 5963 7963
1502 3417 1552 3467 4306 6306
5490 2327 5540 2377 6099 8099
5467 84 5517 134 4136 6136
3822 3572 3872 3622 7078 9078
2450 73 2500 123 3414 5414
1987 2735 2037 2785 6637 8637
571 2335 621 2385 6349 8349
2604 867 2654 917 6232 8232
482 845 532 895 6422 8422
4561 975 4611 1025 6050 8050
5337 402 5387 452 5401 7401
4422 2872 4472 2922 4044 6044
4462 2606 4512 2656 5457 7457
4220 2135 4270 2185 6038 8038
2416 2461 2466 2511 6296 8296
1828 11 1878 61 5082 7082
3365 171 3415 221 6421 8421
4366 481 4416 531 4056 6056
5180 3708 5230 3758 4656 6656
1962 2197 2012 2247 6193 8193
4156 1073 4206 1123 6821 8821
3220 2197 3270 2247 5892 7892
2742 1726 2792 1776 6655 8655
5166 850 5216 900 6148 8148
3900 3885 3950 3935 4849 6849
4635 644 4685 694 6888 8888
5728 721 5778 771 4136 6136
3358 162 3408 212 5873 7873
1430 1011 1480 1061 6169 8169
711 2701 761 2751 6979 8979
1707 3109 1757 3159 3779 5779
4592 564 4642 614 4619 6619
1948 2482 1998 2532 3440 5440
569 475 619 525 4776 6776
1625 1499 1675 1549 6470 8470
1773 1107 1823 1157 6891 8891
1675 2602 1725 2652 3865 5865
5038 3232 5088 3282 6235 8235
5538 3295 5588 3345 5554 7554
2331 824 2381 874 6548 8548
1788 2988 1838 3038 6877 8877
1646 2288 1696 2338 6476 8476
2345 1596 2395 1646 4344 6344
3885 2949 3935 2999 4665 6665
2040 12 2090 62 6337 8337
1880 2579 1930 2629 5169 7169
1254 3327 1304 3377 4547 6547
3526 1859 3576 1909 5848 7848
1480 2038 1530 2088 5987 7987
298 3054 348 3104 6251 8251
5077 3151 5127 3201 4019 6019
5256 2835 5306 2885 4415 6415
2728 3734 2778 3784 4941 6941
3371 3622 3421 3672 4689 6689
2098 2781 2148 2831 6859 8859
2809 576 2859 626 7066 9066
1693 2172 1743 2222 3807 5807
16 3201 66 3251 4963 6963
4273 3826 4323 3876 3825 5825
4311 537 4361 587 5287 7287
5306 3368 5356 3418 5420 7420
1847 195 1897 245 4632 6632
4317 2296 4367 2346 6266 8266
1755 869 1805 919 6624 8624
1848 3724 1898 3774 5438 7438
4895 3888 4945 3938 4134 6134
1087 3037 1137 3087 4137 6137
2354 3206 2404 3256 6363 8363
825 2537 875 2587 4044 6044
2039 944 2089 994 3554 5554
2535 2633 2585 2683 4302 6302
1449 2690 1499 2740 6025 8025
1754 2265 1804 2315 6387 8387
4467 3523 4517 3573 4265 6265
5030 942 5080 992 5146 7146
5481 1300 5531 1350 4457 6457
3238 410 3288 460 3997 5997
2692 463 2742 513 7038 9038
1577 3316 1627 3366 6847 8847
1374 3107 1424 3157 3944 5944
1054 1752 1104 1802 7074 9074
1230 2401 1280 2451 5578 7578
3179 3371 3229 3421 6365 8365
5163 3876 5213 3926 5140 7140
4764 3586 4814 3636 3644 5644
1426 1331 1476 1381 7039 9039
612 1071 662 1121 6039 8039
1362 1595 1412 1645 6945 8945
5018 447 5068 497 5485 7485
1619 2022 1669 2072 6305 8305
1265 1768 1315 1818 5878 7878
2146 3053 2196 3103 4159 6159
316 2122 366 2172 6601 8601
3231 702 3281 752 6464 8464
1062 3043 1112 3093 7003 9003
2777 1018 2827 1068 5266 7266
4826 1895 4876 1945 5363 7363
3833 1380 3883 1430 4713 6713
5288 1541 5338 1591 6309 8309
5554 963 5604 1013 7055 9055
2689 590 2739 640 3788 5788
1881 3625 1931 3675 6650 8650
1927 3718 1977 3768 5738 7738
3254 3702 3304 3752 3647 5647
1400 1442 1450 1492 3789 5789
1880 2402 1930 2452 5843 7843
1246 3929 1296 3979 3781 5781
1410 1346 1460 1396 5767 7767
5064 3587 5114 3637 4160 6160
5340 1545 5390 1595 4534 6534
4939 2280 4989 2330 3693 5693
3588 3024 3638 3074 5764 7764
2517 2226 2567 2276 3742 5742
3579 2690 3629 2740 6065 8065
1682 3772 1732 3822 3618 5618
4728 1155 4778 1205 4213 6213
3887 3504 3937 3554 6075 8075
1583 37 1633 87 6430 8430
1832 3633 1882 3683 6758 8758
1206 3455 1256 3505 5826 7826
1326 387 1376 437 4472 6472
802 717 852 767 5628 7628
3107 2409 3157 2459 4216 6216
114 254 164 304 5562 7562
2170 2285 2220 2335 5223 7223
3221 3076 3271 3126 5157 7157
3390 3076 3440 3126 3491 5491
3040 228 3090 278 6409 8409
3349 2678 3399 2728 5619 7619
5142 683 5192 733 4482 6482
5528 1969 5578 2019 5009 7009
2733 3176 2783 3226 5521 7521
3102 596 3152 646 5951 7951
118 761 168 811 6570 8570
5479 2853 5529 2903 5982 7982
5023 980 5073 1030 6701 8701
1957 1497 2007 1547 5333 7333
3318 3243 3368 3293 4809 6809
3398 3614 3448 3664 5429 7429
1470 2815 1520 2865 4212 6212
1547 684 1597 734 4419 6419
4104 641 4154 691 4276 6276
2957 619 3007 669 6599 8599
3277 3415 3327 3465 4222 6222
200 3248 250 3298 3607 5607
2525 3890 2575 3940 5003 7003
2071 3114 2121 3164 3810 5810
2727 3286 2777 3336 4827 6827
3421 492 3471 542 3576 5576
1521 2885 1571 2935 3444 5444
4026 360 4076 410 5213 7213
5142 2913 5192 2963 6215 8215
3019 1652 3069 1702 4939 6939
2090 2938 2140 2988 4326 6326
1142 3642 1192 3692 4893 6893
1020 1530 1070 1580 6398 8398
480 3060 530 3110 5606 7606
4723 2838 4773 2888 5985 7985
743 523 793 573 5552 7552
817 3314 867 3364 4461 6461
5623 3422 5673 3472 4244 6244
1989 2247 2039 2297 6541 8541
2905 2966 2955 3016 4289 6289
5681 2793 5731 2843 5512 7512
3317 783 3367 833 4620 6620
1293 3739 1343 3789 3802 5802
3305 1927 3355 1977 6811 8811
5518 2470 5568 2520 4302 6302
2805 1278 2855 1328 5253 7253
3029 1965 3079 2015 4605 6605
3196 2826 3246 2876 5297 7297
2198 25 2248 75 6281 8281
5466 2106 5516 2156 6790 8790
3049 1786 3099 1836 6282 8282
4015 2481 4065 2531 3937 5937
1446 2918 1496 2968 3759 5759
4985 3038 5035 3088 3612 5612
3795 1435 3845 1485 6031 8031
5066 1396 5116 1446 4934 6934
637 3412 687 3462 6391 8391
3613 1330 3663 1380 5033 7033
3782 30 3832 80 6048 8048
1824 1288 1874 1338 3492 5492
5222 3373 5272 3423 6473 8473
3156 185 3206 235 4637 6637
5697 3835 5747 3885 5373 7373
4937 2864 4987 2914 6266 8266
4493 900 4543 950 4108 6108
1970 3595 2020 3645 6957 8957
5229 3001 5279 3051 6109 8109
5315 3571 5365 3621 6000 8000
250 3069 300 3119 6255 8255
4088 3741 4138 3791 4177 6177
3689 84 3739 134 4455 6455
3407 2793 3457 2843 5884 7884
5231 229 5281 279 3847 5847
1528 3464 1578 3514 6736 8736
3204 3141 3254 3191 4589 6589
1057 592 1107 642 5875 7875
5494 1046 5544 1096 5361 7361
2171 2517 2221 2567 4282 6282
4540 3311 4590 3361 6659 8659
4544 2885 4594 2935 4097 6097
4994 3913 5044 3963 3784 5784
3150 3094 3200 3144 4861 6861
3027 3478 3077 3528 4550 6550
281 3462 331 3512 4910 6910
3033 2135 3083 2185 6184 8184
4825 363 4875 413 3492 5492
4930 3493 4980 3543 6360 8360
1333 2516 1383 2566 6499 8499
3438 2143 3488 2193 5573 7573
4771 2406 4821 2456 4584 6584
40 642 90 692 3655 5655
4722 2467 4772 2517 4215 6215
4599 1304 4649 1354 3760 5760
2714 3800 2764 3850 4294 6294
868 1535 918 1585 4943 6943
2227 2743 2277 2793 6866 8866
315 2548 365 2598 6113 8113
361 568 411 618 5420 7420
3217 3189 3267 3239 5745 7745
688 1058 738 1108 6203 8203
1325 1866 1375 1916 5926 7926
4355 1748 4405 1798 4327 6327
4740 2359 4790 2409 3919 5919
1919 3929 1969 3979 5600 7600
1886 2019 1936 2069 6871 8871
2054 3154 2104 3204 3508 5508
2152 3406 2202 3456 5978 7978
1883 3822 1933 3872 6636 8636
5230 2398 5280 2448 6816 8816
2013 1309 2063 1359 6039 8039
5704 58 5754 108 5030 7030
1272 1988 1322 2038 4625 6625
311 1155 361 1205 5893 7893
3195 1037 3245 1087 4992 6992
3087 575 3137 625 6809 8809
4347 1906 4397 1956 7042 9042
219 3686 269 3736 3715 5715
4561 2076 4611 2126 4011 6011
1334 2973 1384 3023 3519 5519
1093 619 1143 669 6537 8537
165 802 215 852 4646 6646
4381 214 4431 264 3994 5994
5555 1322 5605 1372 3752 5752
2495 341 2545 391 5984 7984
2378 1071 2428 1121 4497 6497
1610 1666 1660 1716 6305 8305
1091 3730 1141 3780 4021 6021
4272 1911 4322 1961 4154 6154
1260 727 1310 777 5409 7409
1063 2230 1113 2280 5968 7968
1716 3527 1766 3577 6990 8990
1407 2533 1457 2583 5589 7589
1838 998 1888 1048 4816 6816
630 142 680 192 6894 8894
5494 512 5544 562 6512 8512
4080 3560 4130 3610 5922 7922
5561 17 5611 67 6933 8933
3644 1192 3694 1242 6710 8710
211 3574 261 3624 4750 6750
494 521 544 571 4921 6921
5177 1815 5227 1865 6122 8122
2593 2992 2643 3042 6243 8243
5596 2091 5646 2141 4866 6866
1587 267 1637 317 6608 8608
4016 1370 4066 1420 5553 7553
4389 2594 4439 2644 6812 8812
4399 755 4449 805 6942 8942
5593 110 5643 160 4191 6191
5413 1597 5463 1647 5487 7487
2541 1424 2591 1474 5113 7113
5186 2454 5236 2504 6236 8236
606 2109 656 2159 6784 8784
2109 1171 2159 1221 5284 7284
3669 3207 3719 3257 4215 6215
1990 656 2040 706 4515 6515
3914 3062 3964 3112 5216 7216
798 2480 848 2530 3809 5809
3986 2073 4036 2123 6809 8809
2189 939 2239 989 5790 7790
5110 2048 5160 2098 4462 6462
905 3679 955 3729 3750 5750
218 889 268 939 5600 7600
1320 162 1370 212 4693 6693
2067 2496 2117 2546 6243 8243
4416 2944 4466 2994 6658 8658
5417 2588 5467 2638 6984 8984
4686 467 4736 517 4329 6329
667 3931 717 3981 6024 8024
2794 2320 2844 2370 4103 6103
2834 2021 2884 2071 3713 5713
2608 741 2658 791 6828 8828
3312 1972 3362 2022 6565 8565
4404 2510 4454 2560 4125 6125
3033 2740 3083 2790 4770 6770
788 3498 838 3548 4624 6624
4821 2205 4871 2255 5867 7867
3476 884 3526 934 4404 6404
5616 292 5666 342 5479 7479
5253 539 5303 589 4894 6894
682 2084 732 2134 6437 8437
235 2969 285 3019 4314 6314
3308 1129 3358 1179 3486 5486
4715 2623 4765 2673 3596 5596
3911 151 3961 201 4885 6885
4566 303 4616 353 4428 6428
1552 353 1602 403 5465 7465
109 2794 159 2844 6073 8073
5501 1067 5551 1117 7113 9113
4340 1764 4390 1814 6157 8157
3279 1875 3329 1925 6049 8049
312 1739 362 1789 4109 6109
3461 1655 3511 1705 6583 8583
4500 1374 4550 1424 4392 6392
285 1059 335 1109 4724 6724
3138 2636 3188 2686 4586 6586
3239 1149 3289 1199 6017 8017
2870 2568 2920 2618 4667 6667
4062 2839 4112 2889 3592 5592
1691 1374 1741 1424 5867 7867
5670 493 5720 543 4263 6263
4597 2218 4647 2268 7084 9084
2406 2201 2456 2251 6480 8480
5547 2983 5597 3033 6067 8067
1051 1985 1101 2035 6601 8601
4860 3085 4910 3135 5711 7711
4854 742 4904 792 3400 5400
63 1111 113 1161 5512 7512
4217 1126 4267 1176 5964 7964
5560 1079 5610 1129 6865 8865
2227 942 2277 992 4296 6296
5157 2229 5207 2279 6765 8765
1675 8 1725 58 4333 6333
880 3310 930 3360 4651 6651
1697 2905 1747 2955 5850 7850
5383 2326 5433 2376 6096 8096
3596 1878 3646 1928 6448 8448
541 1344 591 1394 5230 7230
3929 137 3979 187 5145 7145
4542 2137 4592 2187 4493 6493
2739 1775 2789 1825 6060 8060
4453 358 4503 408 7083 9083
1552 3576 1602 3626 4531 6531
634 3476 684 3526 3712 5712
3061 2569 3111 2619 5647 7647
2000 209 2050 259 4574 6574
590 3551 640 3601 5478 7478
5207 1323 5257 1373 3466 5466
4002 44 4052 94 3604 5604
2847 1415 2897 1465 6536 8536
4761 2859 4811 2909 5124 7124
3831 349 3881 399 6125 8125
2002 56 2052 106 5716 7716
3005 3611 3055 3661 5331 7331
3944 1576 3994 1626 3899 5899
1404 3838 1454 3888 6746 8746
3384 1062 3434 1112 7000 9000
19 1890 69 1940 6364 8364
300 2915 350 2965 5729 7729
3980 1879 4030 1929 5592 7592
2383 3245 2433 3295 5678 7678
3528 3435 3578 3485 3566 5566
5453 157 5503 207 6419 8419
4042 1890 4092 1940 5566 7566
3314 2905 3364 2955 6479 8479
501 1587 551 1637 5772 7772
4124 3643 4174 3693 4921 6921
406 3051 456 3101 4906 6906
1470 1153 1520 1203 4240 6240
4127 901 4177 951 6371 8371
10 479 60 529 5306 7306
3440 2233 3490 2283 3733 5733
1497 2001 1547 2051 3693 5693
199 2791 249 2841 6346 8346
4642 745 4692 795 4496 6496
516 1815 566 1865 4610 6610
2729 1121 2779 1171 4124 6124
3427 2783 3477 2833 5145 7145
3353 3604 3403 3654 6094 8094
3857 2490 3907 2540 5531 7531
3321 1425 3371 1475 4526 6526
3852 2130 3902 2180 3582 5582
4819 1003 4869 1053 5029 7029
1104 1483 1154 1533 6195 8195
178 3230 228 3280 6943 8943
1521 3868 1571 3918 4456 6456
3882 2147 3932 2197 3782 5782
3529 3649 3579 3699 4781 6781
1808 1224 1858 1274 7100 9100
2157 1739 2207 1789 3463 5463
1437 3122 1487 3172 3629 5629
2033 148 2083 198 4463 6463
355 3584 405 3634 6583 8583
1855 1734 1905 1784 5076 7076
4785 3823 4835 3873 4658 6658
877 333 927 383 4244 6244
887 753 937 803 4563 6563
1821 826 1871 876 3819 5819
5412 3601 5462 3651 5220 7220
221 1193 271 1243 5866 7866
1957 2405 2007 2455 3740 5740
3512 3764 3562 3814 4121 6121
3862 2985 3912 3035 5700 7700
3177 2069 3227 2119 7126 9126
1657 3238 1707 3288 5510 7510
1290 2717 1340 2767 4072 6072
3919 2890 3969 2940 4052 6052
5155 3740 5205 3790 4530 6530
1307 3530 1357 3580 3512 5512
193 2482 243 2532 5817 7817
5669 1948 5719 1998 6066 8066
1029 3922 1079 3972 3743 5743
3036 1494 3086 1544 4501 6501
4925 3570 4975 3620 6651 8651
684 3730 734 3780 3808 5808
2073 1255 2123 1305 4984 6984
3495 3393 3545 3443 6247 8247
4369 3822 4419 3872 5487 7487
5569 2807 5619 2857 6635 8635
4441 3818 4491 3868 3784 5784
4952 1261 5002 1311 6662 8662
4074 2210 4124 2260 5891 7891
2515 2292 2565 2342 6757 8757
3767 1140 3817 1190 4932 6932
5220 3303 5270 3353 5892 7892
4541 1318 4591 1368 3809 5809
2608 2284 2658 2334 6670 8670
4772 3002 4822 3052 6879 8879
1271 916 1321 966 6558 8558
3308 2442 3358 2492 5883 7883
5314 301 5364 351 3579 5579
801 1418 851 1468 4209 6209
4862 519 4912 569 4330 6330
2659 588 2709 638 6695 8695
3162 3695 3212 3745 5848 7848
909 656 959 706 5602 7602
2982 2092 3032 2142 4985 6985
4855 2990 4905 3040 4677 6677
1430 1433 1480 1483 5838 7838
5595 2089 5645 2139 5263 7263
