1000
1460 1116 1470 1126 8786 8886
1205 3017 1215 3027 5884 5984
1493 1834 1503 1844 5123 5223
1773 3474 1783 3484 5142 5242
410 1156 420 1166 6965 7065
3496 1102 3506 1112 5812 5912
5658 150 5668 160 7383 7483
3827 2837 3837 2847 5387 5487
4408 3395 4418 3405 8334 8434
1646 95 1656 105 3652 3752
2548 872 2558 882 7924 8024
2607 1148 2617 1158 4769 4869
4396 3584 4406 3594 3489 3589
3046 1857 3056 1867 5282 5382
210 1798 220 1808 5033 5133
4304 923 4314 933 5373 5473
995 1665 1005 1675 4030 4130
5432 810 5442 820 8835 8935
5021 1623 5031 1633 6457 6557
4481 2831 4491 2841 8845 8945
1693 2233 1703 2243 4729 4829
3657 420 3667 430 5576 5676
39 3378 49 3388 7909 8009
5451 119 5461 129 6699 6799
472 2473 482 2483 4795 4895
3903 2883 3913 2893 4493 4593
3829 2212 3839 2222 6075 6175
5472 1146 5482 1156 8811 8911
5786 2230 5796 2240 3900 4000
1331 1755 1341 1765 8711 8811
4232 823 4242 833 5554 5654
2135 551 2145 561 7095 7195
2078 1579 2088 1589 6089 6189
1250 1749 1260 1759 8376 8476
3577 544 3587 554 7551 7651
5166 736 5176 746 7208 7308
3682 1049 3692 1059 5698 5798
4785 3247 4795 3257 7035 7135
4318 573 4328 583 7566 7666
860 2025 870 2035 6585 6685
5568 1332 5578 1342 5953 6053
3496 1743 3506 1753 8644 8744
2462 3642 2472 3652 7877 7977
3182 2631 3192 2641 3772 3872
719 568 729 578 3909 4009
4796 3242 4806 3252 5862 5962
2224 455 2234 465 7543 7643
5037 2616 5047 2626 6452 6552
5478 1790 5488 1800 7124 7224
584 3593 594 3603 3817 3917
4349 496 4359 506 5165 5265
4652 1100 4662 1110 6856 6956
5150 3450 5160 3460 5428 5528
53 564 63 574 5419 5519
2170 543 2180 553 3560 3660
2464 1108 2474 1118 3783 3883
4216 1913 4226 1923 8792 8892
3895 2030 3905 2040 9023 9123
4823 229 4833 239 5177 5277
1123 3494 1133 3504 8192 8292
1488 2457 1498 2467 6402 6502
639 1933 649 1943 3570 3670
4390 2473 4400 2483 5001 5101
1008 3280 1018 3290 7743 7843
3404 1349 3414 1359 8624 8724
1342 363 1352 373 6155 6255
3669 1911 3679 1921 5754 5854
2405 3049 2415 3059 5659 5759
184 658 194 668 3866 3966
3476 1679 3486 1689 4569 4669
3007 1768 3017 1778 6895 6995
2818 1496 2828 1506 7757 7857
5782 2606 5792 2616 6759 6859
4851 757 4861 767 4319 4419
3207 1809 3217 1819 8086 8186
3098 725 3108 735 7262 7362
5642 749 5652 759 5918 6018
5079 1571 5089 1581 8225 8325
617 1818 627 1828 7506 7606
5716 3279 5726 3289 7516 7616
2844 3179 2854 3189 4611 4711
4334 3629 4344 3639 7834 7934
4703 124 4713 134 7754 7854
1743 1719 1753 1729 8007 8107
716 2610 726 2620 6553 6653
2262 964 2272 974 7670 7770
2394 265 2404 275 7681 7781
3799 3277 3809 3287 7919 8019
240 2436 250 2446 8367 8467
841 3575 851 3585 5161 5261
273 2206 283 2216 6283 6383
2175 24 2185 34 5935 6035
2885 1339 2895 1349 7478 7578
3113 2255 3123 2265 8451 8551
3245 2063 3255 2073 5979 6079
5156 2112 5166 2122 4384 4484
3736 3615 3746 3625 4872 4972
2653 1266 2663 1276 7317 7417
4314 2955 4324 2965 8339 8439
4601 1359 4611 1369 5923 6023
1159 534 1169 544 5357 5457
676 1485 686 1495 6076 6176
138 105 148 115 4290 4390
5327 612 5337 622 5895 5995
1451 1388 1461 1398 3661 3761
3379 2626 3389 2636 7974 8074
4075 1062 4085 1072 7297 7397
3352 2287 3362 2297 4177 4277
457 2266 467 2276 5049 5149
1839 2819 1849 2829 8379 8479
5232 2469 5242 2479 6974 7074
5498 406 5508 416 5234 5334
1141 2636 1151 2646 7623 7723
544 539 554 549 7185 7285
1771 2201 1781 2211 4467 4567
1235 1489 1245 1499 8321 8421
3350 1744 3360 1754 7619 7719
377 2467 387 2477 8250 8350
1948 2945 1958 2955 3426 3526
4621 3237 4631 3247 5392 5492
4937 3690 4947 3700 6179 6279
3167 3370 3177 3380 8699 8799
1488 3066 1498 3076 4180 4280
634 975 644 985 5556 5656
5248 2494 5258 2504 4991 5091
5383 2555 5393 2565 6673 6773
1895 1656 1905 1666 7525 7625
2200 3413 2210 3423 4961 5061
968 346 978 356 8596 8696
2515 1015 2525 1025 7971 8071
5611 1175 5621 1185 5638 5738
4963 2211 4973 2221 5163 5263
5548 2379 5558 2389 3583 3683
1051 2637 1061 2647 3396 3496
1103 3596 1113 3606 7126 7226
2852 2653 2862 2663 5307 5407
3846 59 3856 69 8209 8309
2331 866 2341 876 4333 4433
5337 993 5347 1003 7402 7502
1661 1094 1671 1104 7757 7857
2651 1609 2661 1619 4737 4837
4030 255 4040 265 5107 5207
3313 1429 3323 1439 5060 5160
3171 3777 3181 3787 4759 4859
2619 1469 2629 1479 6439 6539
2807 3075 2817 3085 8687 8787
3441 3716 3451 3726 3536 3636
1417 2760 1427 2770 6571 6671
5095 2674 5105 2684 8825 8925
2610 34 2620 44 8773 8873
2263 2068 2273 2078 4348 4448
5312 2108 5322 2118 5607 5707
1111 1147 1121 1157 6539 6639
660 2251 670 2261 7955 8055
2441 28 2451 38 3861 3961
2193 962 2203 972 7216 7316
3147 1242 3157 1252 8404 8504
5048 910 5058 920 4981 5081
4265 2616 4275 2626 8297 8397
3295 1101 3305 1111 4060 4160
3126 609 3136 619 5049 5149
2915 3928 2925 3938 3773 3873
265 2061 275 2071 3606 3706
2254 2228 2264 2238 8847 8947
422 1461 432 1471 5676 5776
3232 2594 3242 2604 3516 3616
1874 2675 1884 2685 4303 4403
2346 2614 2356 2624 7208 7308
2676 49 2686 59 5013 5113
2371 3193 2381 3203 5840 5940
941 1166 951 1176 4315 4415
4717 3560 4727 3570 5895 5995
2388 271 2398 281 4138 4238
4627 2326 4637 2336 6401 6501
2942 3141 2952 3151 6824 6924
5784 196 5794 206 5966 6066
2147 2169 2157 2179 7565 7665
4984 805 4994 815 7695 7795
370 2855 380 2865 3889 3989
759 2248 769 2258 8848 8948
5081 1395 5091 1405 5300 5400
1788 3979 1798 3989 7140 7240
2022 2511 2032 2521 3686 3786
4744 2982 4754 2992 6936 7036
4783 2038 4793 2048 4466 4566
4580 2935 4590 2945 4015 4115
2027 2645 2037 2655 3760 3860
271 2409 281 2419 8734 8834
679 2376 689 2386 5119 5219
1063 3548 1073 3558 5092 5192
1040 2273 1050 2283 3671 3771
3734 3150 3744 3160 6625 6725
400 512 410 522 6177 6277
4493 3639 4503 3649 8231 8331
5077 2786 5087 2796 6927 7027
1952 1028 1962 1038 7728 7828
503 3338 513 3348 5112 5212
452 3645 462 3655 4099 4199
5674 573 5684 583 6017 6117
3504 3767 3514 3777 5261 5361
3673 457 3683 467 7458 7558
4970 1405 4980 1415 7885 7985
451 3802 461 3812 3397 3497
4166 3929 4176 3939 3590 3690
4779 3349 4789 3359 5825 5925
5232 2826 5242 2836 3797 3897
5477 943 5487 953 5771 5871
3360 3097 3370 3107 7762 7862
185 2112 195 2122 8426 8526
3683 3219 3693 3229 4192 4292
5102 1537 5112 1547 6206 6306
3069 2452 3079 2462 6641 6741
3676 347 3686 357 5176 5276
2490 962 2500 972 6216 6316
2728 1673 2738 1683 5148 5248
1189 1380 1199 1390 8736 8836
304 3781 314 3791 6286 6386
4251 2776 4261 2786 5438 5538
3168 2389 3178 2399 5884 5984
5716 3381 5726 3391 3705 3805
2826 2934 2836 2944 7871 7971
3519 181 3529 191 7343 7443
5699 1411 5709 1421 5377 5477
5464 1619 5474 1629 7937 8037
1476 1217 1486 1227 6967 7067
2492 2228 2502 2238 3514 3614
4633 925 4643 935 7603 7703
2572 1411 2582 1421 5550 5650
4121 1812 4131 1822 3750 3850
1140 3466 1150 3476 4851 4951
5117 1394 5127 1404 6654 6754
3761 1659 3771 1669 3487 3587
2041 2438 2051 2448 5535 5635
4088 402 4098 412 8735 8835
257 1857 267 1867 7638 7738
3308 3021 3318 3031 6277 6377
2509 3492 2519 3502 3500 3600
5489 3452 5499 3462 8956 9056
1795 2006 1805 2016 4359 4459
1122 1266 1132 1276 3593 3693
3475 2076 3485 2086 7480 7580
2294 3595 2304 3605 7517 7617
2176 1908 2186 1918 8554 8654
968 1353 978 1363 8307 8407
1159 2893 1169 2903 3952 4052
5477 3447 5487 3457 6095 6195
1300 2782 1310 2792 8763 8863
593 3915 603 3925 5114 5214
5457 1642 5467 1652 4463 4563
1567 2343 1577 2353 3655 3755
472 3030 482 3040 4604 4704
694 271 704 281 8651 8751
4225 2229 4235 2239 5921 6021
4478 2332 4488 2342 4089 4189
5390 3814 5400 3824 6142 6242
4133 3901 4143 3911 7497 7597
1050 68 1060 78 8299 8399
2924 1985 2934 1995 7110 7210
666 2318 676 2328 6109 6209
3606 503 3616 513 7257 7357
3373 768 3383 778 7944 8044
2935 2981 2945 2991 5784 5884
2371 1583 2381 1593 6564 6664
5253 626 5263 636 4269 4369
1855 511 1865 521 5844 5944
4096 2332 4106 2342 4218 4318
3623 1129 3633 1139 6386 6486
794 2771 804 2781 4301 4401
4779 2728 4789 2738 3546 3646
2030 2243 2040 2253 5111 5211
1030 3346 1040 3356 5128 5228
5254 3358 5264 3368 3618 3718
3184 3497 3194 3507 4727 4827
2827 1681 2837 1691 3882 3982
3000 877 3010 887 6018 6118
1182 3979 1192 3989 7628 7728
2851 1697 2861 1707 5767 5867
5004 806 5014 816 5829 5929
4554 1229 4564 1239 5466 5566
2657 2232 2667 2242 7352 7452
5182 2167 5192 2177 6100 6200
2468 1687 2478 1697 4525 4625
1041 2679 1051 2689 7907 8007
823 1765 833 1775 7459 7559
4764 516 4774 526 5478 5578
139 367 149 377 6317 6417
4894 1993 4904 2003 4343 4443
436 2322 446 2332 4484 4584
1351 1726 1361 1736 8900 9000
322 145 332 155 6482 6582
4635 2075 4645 2085 5205 5305
2323 3528 2333 3538 7133 7233
5830 268 5840 278 5851 5951
36 1097 46 1107 7711 7811
3385 2650 3395 2660 3853 3953
238 1447 248 1457 8089 8189
4203 1435 4213 1445 4259 4359
1410 1365 1420 1375 8295 8395
2166 782 2176 792 5702 5802
1115 3265 1125 3275 6412 6512
2440 1462 2450 1472 3987 4087
5018 1946 5028 1956 4274 4374
3972 2470 3982 2480 7520 7620
2486 1779 2496 1789 3742 3842
3388 1553 3398 1563 7951 8051
5375 1056 5385 1066 5785 5885
120 3504 130 3514 5592 5692
2136 2612 2146 2622 7258 7358
4142 801 4152 811 5992 6092
3333 3291 3343 3301 5471 5571
1744 1954 1754 1964 4005 4105
3030 571 3040 581 4325 4425
1676 3208 1686 3218 7585 7685
2403 2183 2413 2193 8564 8664
204 877 214 887 4100 4200
5674 1420 5684 1430 5130 5230
5138 2564 5148 2574 4842 4942
5642 1550 5652 1560 4208 4308
3320 700 3330 710 8430 8530
5355 3354 5365 3364 5103 5203
407 1676 417 1686 7095 7195
2621 3345 2631 3355 6483 6583
509 3908 519 3918 7029 7129
2051 2870 2061 2880 8705 8805
5133 3707 5143 3717 4513 4613
3007 2700 3017 2710 6272 6372
1742 2911 1752 2921 6435 6535
1861 3398 1871 3408 8399 8499
4774 1535 4784 1545 4820 4920
364 2097 374 2107 6209 6309
5710 3594 5720 3604 7427 7527
3608 3497 3618 3507 5003 5103
2757 3753 2767 3763 8018 8118
3448 464 3458 474 6774 6874
187 1014 197 1024 7312 7412
42 2965 52 2975 6033 6133
2556 3382 2566 3392 7861 7961
5700 3392 5710 3402 8419 8519
5779 3231 5789 3241 5925 6025
4783 3699 4793 3709 4580 4680
2365 3335 2375 3345 4905 5005
5480 100 5490 110 6605 6705
285 2549 295 2559 7475 7575
5329 1154 5339 1164 7639 7739
1841 474 1851 484 8203 8303
1688 625 1698 635 8314 8414
4713 650 4723 660 8804 8904
90 1498 100 1508 7982 8082
1443 2344 1453 2354 8267 8367
5639 3125 5649 3135 6539 6639
1164 3968 1174 3978 7039 7139
3143 180 3153 190 6894 6994
1008 711 1018 721 6056 6156
2628 1488 2638 1498 5673 5773
542 3004 552 3014 3832 3932
1412 984 1422 994 8924 9024
2415 3733 2425 3743 6842 6942
3142 2189 3152 2199 6321 6421
1773 2978 1783 2988 8300 8400
932 3645 942 3655 4469 4569
4663 3909 4673 3919 9006 9106
1185 996 1195 1006 4870 4970
1465 3159 1475 3169 6612 6712
4580 3028 4590 3038 5961 6061
3847 1831 3857 1841 7902 8002
1603 1433 1613 1443 8196 8296
1570 3187 1580 3197 6347 6447
4155 2492 4165 2502 5914 6014
1866 1978 1876 1988 4698 4798
5691 1648 5701 1658 6831 6931
5072 447 5082 457 7855 7955
223 1711 233 1721 5215 5315
2455 786 2465 796 7815 7915
1921 985 1931 995 8420 8520
2420 321 2430 331 8790 8890
5171 32 5181 42 8088 8188
4503 1594 4513 1604 7168 7268
2978 53 2988 63 4215 4315
4365 2512 4375 2522 7000 7100
5805 957 5815 967 3412 3512
5579 889 5589 899 3868 3968
547 1524 557 1534 4788 4888
5516 1426 5526 1436 7185 7285
1850 1308 1860 1318 8077 8177
159 281 169 291 5676 5776
363 1350 373 1360 6113 6213
195 3121 205 3131 5183 5283
3598 2961 3608 2971 6357 6457
2054 3059 2064 3069 5338 5438
3165 26 3175 36 6124 6224
2034 3111 2044 3121 8235 8335
1172 3487 1182 3497 3459 3559
3915 2915 3925 2925 4632 4732
1596 3789 1606 3799 6817 6917
946 1157 956 1167 3777 3877
1510 839 1520 849 4781 4881
4891 1893 4901 1903 7407 7507
998 2752 1008 2762 8962 9062
3496 302 3506 312 5390 5490
2589 2126 2599 2136 6198 6298
1819 1891 1829 1901 5087 5187
4106 1658 4116 1668 8122 8222
1692 762 1702 772 4229 4329
2863 2365 2873 2375 5102 5202
1559 2700 1569 2710 8541 8641
200 2086 210 2096 7697 7797
5485 557 5495 567 4127 4227
5048 2934 5058 2944 4790 4890
4925 3666 4935 3676 4860 4960
2120 511 2130 521 5458 5558
3968 3172 3978 3182 5045 5145
4386 1416 4396 1426 7280 7380
241 3135 251 3145 7909 8009
2260 1011 2270 1021 6659 6759
4932 2719 4942 2729 8236 8336
435 3788 445 3798 3606 3706
794 1577 804 1587 4340 4440
1903 820 1913 830 8162 8262
3680 489 3690 499 6720 6820
2348 1266 2358 1276 6070 6170
4753 1563 4763 1573 6457 6557
3417 3728 3427 3738 7075 7175
1041 3267 1051 3277 6434 6534
1542 717 1552 727 8953 9053
2835 2245 2845 2255 5162 5262
3716 2640 3726 2650 4296 4396
1393 364 1403 374 6184 6284
759 1303 769 1313 6686 6786
2810 1839 2820 1849 5724 5824
3062 2276 3072 2286 3736 3836
4103 3976 4113 3986 8291 8391
1921 3226 1931 3236 8185 8285
2152 3298 2162 3308 4082 4182
2808 201 2818 211 8177 8277
4600 291 4610 301 4266 4366
1107 3891 1117 3901 5697 5797
2040 1115 2050 1125 7038 7138
3372 501 3382 511 6536 6636
20 2606 30 2616 8120 8220
2740 2352 2750 2362 6681 6781
1989 1013 1999 1023 8394 8494
3264 3376 3274 3386 5176 5276
3592 2111 3602 2121 8185 8285
4743 1118 4753 1128 6532 6632
3146 3022 3156 3032 3507 3607
3733 1796 3743 1806 8062 8162
4788 3607 4798 3617 8167 8267
1275 1287 1285 1297 8879 8979
4607 3637 4617 3647 5232 5332
3124 789 3134 799 7824 7924
703 1991 713 2001 8018 8118
568 2439 578 2449 6389 6489
5514 3483 5524 3493 3483 3583
1241 2024 1251 2034 8683 8783
4632 2768 4642 2778 5823 5923
1029 1594 1039 1604 5525 5625
3660 3517 3670 3527 7134 7234
4407 158 4417 168 5284 5384
5558 3179 5568 3189 8961 9061
413 1682 423 1692 7600 7700
5224 1936 5234 1946 4725 4825
2921 1547 2931 1557 5258 5358
4938 3743 4948 3753 8343 8443
1764 2225 1774 2235 9022 9122
2038 2037 2048 2047 3924 4024
229 3470 239 3480 7791 7891
1745 2435 1755 2445 3432 3532
2173 45 2183 55 7432 7532
1207 2408 1217 2418 5951 6051
2546 1770 2556 1780 7826 7926
4628 2861 4638 2871 4100 4200
5763 1940 5773 1950 3886 3986
4913 770 4923 780 4900 5000
1991 3076 2001 3086 6286 6386
1739 3609 1749 3619 7117 7217
1474 1399 1484 1409 5949 6049
627 3848 637 3858 4964 5064
3987 2590 3997 2600 8959 9059
1166 2141 1176 2151 6435 6535
452 533 462 543 8081 8181
4969 2547 4979 2557 5433 5533
5289 3805 5299 3815 6298 6398
4130 2757 4140 2767 6445 6545
2705 1271 2715 1281 3479 3579
4406 2985 4416 2995 5219 5319
52 310 62 320 7521 7621
3863 2820 3873 2830 5290 5390
4159 2061 4169 2071 3869 3969
5346 3796 5356 3806 5172 5272
1321 845 1331 855 3450 3550
5688 496 5698 506 4514 4614
2498 2307 2508 2317 5628 5728
2032 3835 2042 3845 7099 7199
5549 841 5559 851 5722 5822
1000 1155 1010 1165 8728 8828
5764 446 5774 456 7842 7942
4730 2184 4740 2194 6554 6654
1170 3200 1180 3210 9014 9114
3090 1162 3100 1172 3858 3958
3715 92 3725 102 6582 6682
1910 146 1920 156 8725 8825
3833 3422 3843 3432 4417 4517
1434 2265 1444 2275 3932 4032
5459 3049 5469 3059 4710 4810
404 107 414 117 3997 4097
3352 3416 3362 3426 7119 7219
4115 24 4125 34 5316 5416
4850 998 4860 1008 7430 7530
2183 948 2193 958 6133 6233
4640 2014 4650 2024 3558 3658
1012 2353 1022 2363 8506 8606
2099 521 2109 531 7610 7710
5208 323 5218 333 6959 7059
4336 3754 4346 3764 6466 6566
4339 2489 4349 2499 3730 3830
3792 3503 3802 3513 7850 7950
2125 2354 2135 2364 4388 4488
5353 247 5363 257 4093 4193
3821 3235 3831 3245 5883 5983
2875 2378 2885 2388 3382 3482
157 2514 167 2524 4847 4947
2884 2523 2894 2533 4823 4923
1891 3951 1901 3961 8076 8176
2891 2649 2901 2659 4488 4588
5602 1837 5612 1847 7747 7847
5194 291 5204 301 7785 7885
1600 3301 1610 3311 4984 5084
1079 3454 1089 3464 6615 6715
1122 1574 1132 1584 4475 4575
2667 2814 2677 2824 8809 8909
1449 3277 1459 3287 5821 5921
5207 2345 5217 2355 4026 4126
3963 1827 3973 1837 4470 4570
2830 3988 2840 3998 7713 7813
5116 755 5126 765 3756 3856
1716 982 1726 992 6144 6244
1190 3329 1200 3339 8867 8967
3974 3831 3984 3841 4111 4211
3256 1108 3266 1118 5694 5794
4899 1713 4909 1723 8200 8300
5561 2056 5571 2066 7727 7827
2576 2113 2586 2123 7831 7931
3251 2404 3261 2414 8662 8762
1133 876 1143 886 4050 4150
2709 2897 2719 2907 4339 4439
2187 2975 2197 2985 5800 5900
3358 2236 3368 2246 5662 5762
2517 1420 2527 1430 4942 5042
2866 2388 2876 2398 7523 7623
3924 2007 3934 2017 4579 4679
2735 279 2745 289 7460 7560
1609 3708 1619 3718 7883 7983
1277 468 1287 478 7302 7402
5161 2492 5171 2502 6333 6433
4488 2070 4498 2080 4513 4613
2711 3417 2721 3427 7799 7899
1344 2070 1354 2080 3597 3697
3517 2944 3527 2954 3931 4031
797 3888 807 3898 8883 8983
1668 2485 1678 2495 5712 5812
1436 787 1446 797 3943 4043
3079 3684 3089 3694 7608 7708
2295 3925 2305 3935 6024 6124
3045 3338 3055 3348 5030 5130
179 2771 189 2781 7388 7488
4643 1364 4653 1374 7815 7915
4340 3329 4350 3339 6574 6674
4141 2398 4151 2408 3494 3594
660 1639 670 1649 4982 5082
2361 2161 2371 2171 3605 3705
952 3300 962 3310 5770 5870
5676 1508 5686 1518 4497 4597
5294 2125 5304 2135 4246 4346
908 1950 918 1960 6220 6320
1631 1860 1641 1870 7008 7108
2192 1612 2202 1622 3491 3591
2627 191 2637 201 7856 7956
4142 1446 4152 1456 8546 8646
1894 1194 1904 1204 8713 8813
3959 3437 3969 3447 5260 5360
4750 3815 4760 3825 6646 6746
2699 1843 2709 1853 7200 7300
3719 3606 3729 3616 7347 7447
2633 828 2643 838 5349 5449
922 1606 932 1616 5749 5849
4605 790 4615 800 4019 4119
4730 2650 4740 2660 4589 4689
2642 1274 2652 1284 3595 3695
1858 1221 1868 1231 7266 7366
1024 773 1034 783 5689 5789
5489 1654 5499 1664 8452 8552
5027 660 5037 670 7300 7400
2716 3088 2726 3098 5541 5641
2382 3268 2392 3278 4249 4349
1238 3775 1248 3785 6662 6762
3143 3390 3153 3400 5461 5561
1079 1100 1089 1110 5090 5190
4595 2611 4605 2621 6242 6342
2491 1576 2501 1586 7462 7562
4937 2012 4947 2022 6271 6371
2632 2088 2642 2098 8572 8672
210 2729 220 2739 5428 5528
3345 3066 3355 3076 6793 6893
3520 3609 3530 3619 6294 6394
1643 3932 1653 3942 4271 4371
5175 3518 5185 3528 4361 4461
2497 1604 2507 1614 5106 5206
5747 3984 5757 3994 8480 8580
3724 2510 3734 2520 4233 4333
3532 3981 3542 3991 7463 7563
1770 3853 1780 3863 6214 6314
4718 1186 4728 1196 6270 6370
5564 2577 5574 2587 4861 4961
3725 2889 3735 2899 4385 4485
1834 2186 1844 2196 4311 4411
814 2837 824 2847 5437 5537
3118 2494 3128 2504 7483 7583
3343 2192 3353 2202 5997 6097
452 2443 462 2453 6872 6972
3663 477 3673 487 5827 5927
2337 2672 2347 2682 5178 5278
5645 325 5655 335 8428 8528
1121 3690 1131 3700 8819 8919
5293 2270 5303 2280 3782 3882
4581 2559 4591 2569 8692 8792
221 1966 231 1976 8254 8354
1189 653 1199 663 6138 6238
2733 572 2743 582 4064 4164
5147 1105 5157 1115 8063 8163
1410 690 1420 700 3639 3739
139 3716 149 3726 8190 8290
3968 1911 3978 1921 6751 6851
1443 1997 1453 2007 6118 6218
5422 3049 5432 3059 4044 4144
4083 3921 4093 3931 3453 3553
2749 2940 2759 2950 6825 6925
4445 486 4455 496 3811 3911
3685 2915 3695 2925 3397 3497
2538 3091 2548 3101 5022 5122
2575 1910 2585 1920 5459 5559
5179 3354 5189 3364 8802 8902
457 153 467 163 4046 4146
4790 3852 4800 3862 3848 3948
418 1066 428 1076 7191 7291
4259 287 4269 297 7839 7939
4955 1326 4965 1336 6733 6833
1169 1414 1179 1424 3430 3530
5531 2282 5541 2292 3623 3723
3891 2132 3901 2142 6778 6878
382 1030 392 1040 5708 5808
2346 3443 2356 3453 5380 5480
4139 71 4149 81 3511 3611
5575 72 5585 82 5159 5259
1945 1531 1955 1541 7594 7694
2222 351 2232 361 8068 8168
3005 705 3015 715 3724 3824
4516 569 4526 579 3533 3633
2112 3823 2122 3833 4594 4694
2208 3822 2218 3832 5091 5191
4120 2521 4130 2531 8138 8238
4955 611 4965 621 8333 8433
1173 1808 1183 1818 6407 6507
422 1655 432 1665 7320 7420
5674 3765 5684 3775 4061 4161
4860 3203 4870 3213 7061 7161
4213 1515 4223 1525 6646 6746
4332 3254 4342 3264 6268 6368
1680 924 1690 934 7949 8049
2093 1433 2103 1443 4466 4566
3808 3117 3818 3127 4718 4818
2040 3896 2050 3906 3545 3645
1346 1519 1356 1529 3869 3969
2183 3358 2193 3368 7945 8045
3510 1292 3520 1302 9001 9101
3595 379 3605 389 4260 4360
4545 143 4555 153 6368 6468
3955 2673 3965 2683 4839 4939
4525 2252 4535 2262 6982 7082
3803 1926 3813 1936 7380 7480
2001 2300 2011 2310 5352 5452
3181 3555 3191 3565 8904 9004
5387 2001 5397 2011 8707 8807
3247 1702 3257 1712 4901 5001
185 1114 195 1124 8103 8203
3979 1007 3989 1017 8039 8139
886 118 896 128 5316 5416
1894 767 1904 777 7538 7638
5066 3522 5076 3532 3527 3627
3003 234 3013 244 5846 5946
3124 330 3134 340 6456 6556
3716 3954 3726 3964 4455 4555
225 2121 235 2131 6386 6486
1182 3858 1192 3868 3947 4047
1180 1224 1190 1234 5826 5926
3741 1213 3751 1223 7973 8073
5743 1423 5753 1433 7482 7582
1889 992 1899 1002 6046 6146
1720 1560 1730 1570 6564 6664
5386 1675 5396 1685 3856 3956
2697 392 2707 402 4686 4786
5443 828 5453 838 6312 6412
4004 2889 4014 2899 7328 7428
1254 3340 1264 3350 4143 4243
5208 2310 5218 2320 4491 4591
5563 329 5573 339 6754 6854
3764 153 3774 163 6151 6251
676 3541 686 3551 8841 8941
1782 1192 1792 1202 4952 5052
2098 964 2108 974 7855 7955
1123 792 1133 802 3622 3722
860 599 870 609 3993 4093
808 1564 818 1574 6323 6423
2054 83 2064 93 7121 7221
2012 1086 2022 1096 8567 8667
4549 1697 4559 1707 4985 5085
5662 2922 5672 2932 4203 4303
405 2504 415 2514 8166 8266
2334 2824 2344 2834 5615 5715
4854 3412 4864 3422 3955 4055
4515 511 4525 521 4081 4181
761 2434 771 2444 6569 6669
3140 2776 3150 2786 6835 6935
3894 2043 3904 2053 7893 7993
4206 3330 4216 3340 7812 7912
5256 2258 5266 2268 3376 3476
652 890 662 900 4858 4958
4119 3027 4129 3037 6611 6711
55 3293 65 3303 7220 7320
1218 873 1228 883 4211 4311
5636 1431 5646 1441 3738 3838
40 607 50 617 6188 6288
1537 3982 1547 3992 5672 5772
318 1710 328 1720 5220 5320
3467 1122 3477 1132 8113 8213
4530 2151 4540 2161 7294 7394
1090 3512 1100 3522 6145 6245
590 2981 600 2991 9027 9127
26 109 36 119 8492 8592
4862 79 4872 89 3612 3712
3381 1477 3391 1487 8630 8730
2539 3481 2549 3491 4281 4381
1045 3552 1055 3562 4104 4204
5537 3253 5547 3263 7892 7992
4258 2668 4268 2678 7128 7228
5050 2120 5060 2130 3848 3948
4481 79 4491 89 4406 4506
2382 2695 2392 2705 6474 6574
4989 2114 4999 2124 8249 8349
4503 1159 4513 1169 6308 6408
2100 3242 2110 3252 5323 5423
143 131 153 141 3496 3596
5225 627 5235 637 4025 4125
2993 2752 3003 2762 4706 4806
1021 568 1031 578 5972 6072
3515 3773 3525 3783 5015 5115
4069 1889 4079 1899 5001 5101
1184 1411 1194 1421 7416 7516
4810 3752 4820 3762 4164 4264
3341 1847 3351 1857 6342 6442
1675 2173 1685 2183 7542 7642
5448 3785 5458 3795 4042 4142
3039 3299 3049 3309 5909 6009
1193 2320 1203 2330 5686 5786
2381 2558 2391 2568 5223 5323
2086 1144 2096 1154 3592 3692
4840 3457 4850 3467 7878 7978
71 3413 81 3423 3846 3946
1559 3230 1569 3240 8492 8592
5651 642 5661 652 7419 7519
3396 2094 3406 2104 3379 3479
1855 2697 1865 2707 6371 6471
3569 3554 3579 3564 5967 6067
3750 1849 3760 1859 8569 8669
1484 3213 1494 3223 7360 7460
3180 3183 3190 3193 7677 7777
74 650 84 660 5908 6008
4629 2914 4639 2924 7177 7277
3264 697 3274 707 6409 6509
968 3332 978 3342 6903 7003
92 768 102 778 4997 5097
4889 1090 4899 1100 5152 5252
5367 1200 5377 1210 6565 6665
5224 962 5234 972 4221 4321
3149 3130 3159 3140 5125 5225
165 1903 175 1913 7788 7888
5616 2669 5626 2679 8187 8287
1778 949 1788 959 5443 5543
3646 533 3656 543 7689 7789
2219 418 2229 428 7542 7642
838 2451 848 2461 7971 8071
4859 3201 4869 3211 5900 6000
4387 936 4397 946 3579 3679
3992 3708 4002 3718 5127 5227
2715 2715 2725 2725 8770 8870
5088 1279 5098 1289 5023 5123
3066 3772 3076 3782 8605 8705
3639 63 3649 73 7016 7116
2576 784 2586 794 6401 6501
1437 3562 1447 3572 3702 3802
42 292 52 302 8637 8737
5466 3429 5476 3439 4207 4307
2072 1320 2082 1330 6332 6432
5091 746 5101 756 6269 6369
2309 1943 2319 1953 5128 5228
5345 3370 5355 3380 6898 6998
5093 2606 5103 2616 6129 6229
100 3529 110 3539 8517 8617
2354 3449 2364 3459 4951 5051
5609 3913 5619 3923 4138 4238
4380 1036 4390 1046 7102 7202
3061 428 3071 438 8220 8320
2240 3942 2250 3952 5183 5283
5133 42 5143 52 8436 8536
1622 50 1632 60 7491 7591
4368 727 4378 737 4102 4202
5553 1599 5563 1609 8356 8456
2812 3722 2822 3732 3972 4072
74 914 84 924 5942 6042
2514 76 2524 86 8825 8925
2842 3240 2852 3250 5454 5554
3424 2499 3434 2509 6100 6200
5439 3430 5449 3440 5112 5212
5294 3831 5304 3841 3629 3729
1148 189 1158 199 8145 8245
5229 2440 5239 2450 5474 5574
5131 3881 5141 3891 4517 4617
1769 1916 1779 1926 4840 4940
4614 2976 4624 2986 5998 6098
4580 715 4590 725 5354 5454
4634 3448 4644 3458 6397 6497
1137 346 1147 356 5566 5666
3235 3583 3245 3593 6856 6956
1339 3358 1349 3368 7559 7659
5749 1180 5759 1190 4905 5005
3431 3833 3441 3843 7900 8000
5563 1101 5573 1111 8732 8832
1273 3572 1283 3582 6072 6172
4474 2041 4484 2051 5064 5164
1557 718 1567 728 7290 7390
3962 2755 3972 2765 6918 7018
2255 1206 2265 1216 8609 8709
1649 491 1659 501 6525 6625
3762 2174 3772 2184 6567 6667
4218 3922 4228 3932 4044 4144
4638 1794 4648 1804 8744 8844
2937 3735 2947 3745 7552 7652
989 1749 999 1759 7962 8062
5286 2786 5296 2796 8066 8166
2088 3771 2098 3781 4767 4867
5572 788 5582 798 5099 5199
4767 1069 4777 1079 5475 5575
946 745 956 755 4537 4637
1699 869 1709 879 8114 8214
4339 3659 4349 3669 4197 4297
2032 559 2042 569 8900 9000
7 1992 17 2002 5738 5838
4924 1479 4934 1489 4687 4787
3211 2552 3221 2562 8796 8896
1010 205 1020 215 7774 7874
5054 3135 5064 3145 6765 6865
333 440 343 450 4706 4806
3325 448 3335 458 6301 6401
4075 375 4085 385 8437 8537
1771 3578 1781 3588 8054 8154
1541 880 1551 890 4176 4276
1607 1717 1617 1727 5423 5523
1079 1587 1089 1597 7397 7497
1230 3298 1240 3308 8710 8810
2855 3286 2865 3296 5388 5488
1057 1508 1067 1518 7017 7117
5631 718 5641 728 7388 7488
5017 3737 5027 3747 3559 3659
4546 697 4556 707 6864 6964
2148 3368 2158 3378 5071 5171
2041 3701 2051 3711 6102 6202
882 1111 892 1121 8082 8182
5288 3326 5298 3336 8594 8694
907 120 917 130 3399 3499
384 3877 394 3887 6022 6122
3656 2404 3666 2414 8101 8201
4634 479 4644 489 5696 5796
103 785 113 795 5000 5100
2670 77 2680 87 8759 8859
222 2452 232 2462 7869 7969
5080 360 5090 370 7246 7346
1785 1578 1795 1588 4240 4340
3534 2495 3544 2505 5307 5407
3590 3826 3600 3836 5166 5266
5164 2519 5174 2529 6082 6182
1284 3621 1294 3631 5859 5959
2837 3050 2847 3060 6313 6413
2172 482 2182 492 4690 4790
465 1120 475 1130 5501 5601
1789 585 1799 595 4053 4153
4237 2455 4247 2465 5031 5131
2897 1243 2907 1253 5150 5250
1528 2657 1538 2667 4882 4982
4888 1916 4898 1926 4165 4265
396 704 406 714 5829 5929
2569 3159 2579 3169 7151 7251
4481 3569 4491 3579 6760 6860
1632 275 1642 285 7092 7192
4869 243 4879 253 8336 8436
1245 2556 1255 2566 4227 4327
2420 222 2430 232 6223 6323
302 935 312 945 8877 8977
76 3428 86 3438 5564 5664
2727 3045 2737 3055 7174 7274
3333 1522 3343 1532 3979 4079
125 358 135 368 4297 4397
2592 2720 2602 2730 8771 8871
1555 1957 1565 1967 8388 8488
797 3608 807 3618 6358 6458
5139 1383 5149 1393 8068 8168
990 3338 1000 3348 8260 8360
1413 1853 1423 1863 8300 8400
1739 119 1749 129 5896 5996
5502 3008 5512 3018 6145 6245
4631 3988 4641 3998 6753 6853
2139 824 2149 834 4763 4863
5140 3504 5150 3514 8332 8432
4811 3107 4821 3117 4976 5076
4852 3341 4862 3351 7351 7451
4199 2951 4209 2961 7831 7931
341 906 351 916 8677 8777
3345 2891 3355 2901 5880 5980
4447 2167 4457 2177 6889 6989
3024 629 3034 639 7546 7646
3964 1806 3974 1816 6137 6237
3985 799 3995 809 3539 3639
3503 4 3513 14 5114 5214
2699 3752 2709 3762 4493 4593
1676 1197 1686 1207 5396 5496
1000 564 1010 574 7119 7219
1917 2796 1927 2806 4850 4950
4696 3361 4706 3371 8690 8790
130 1580 140 1590 8717 8817
1484 881 1494 891 8706 8806
1976 1170 1986 1180 6790 6890
2788 740 2798 750 3577 3677
4044 3177 4054 3187 5664 5764
4036 3221 4046 3231 4603 4703
639 451 649 461 7921 8021
4162 2467 4172 2477 8847 8947
99 293 109 303 6409 6509
5406 1258 5416 1268 8658 8758
3381 848 3391 858 7603 7703
3744 796 3754 806 8931 9031
4016 1732 4026 1742 8165 8265
2997 2041 3007 2051 4600 4700
676 1784 686 1794 5297 5397
2193 2850 2203 2860 5460 5560
4377 3594 4387 3604 8273 8373
418 3365 428 3375 6379 6479
4027 1123 4037 1133 4238 4338
202 1767 212 1777 6227 6327
5479 1819 5489 1829 6026 6126
982 3447 992 3457 4646 4746
5077 2526 5087 2536 6261 6361
4234 1625 4244 1635 7968 8068
289 2396 299 2406 4268 4368
2575 1613 2585 1623 5732 5832
2130 3881 2140 3891 4653 4753
2159 2413 2169 2423 7797 7897
1511 1766 1521 1776 4414 4514
2103 2359 2113 2369 8902 9002
649 2800 659 2810 5483 5583
5262 1440 5272 1450 5173 5273
3613 13 3623 23 6058 6158
1359 452 1369 462 4959 5059
5589 2733 5599 2743 8680 8780
82 2052 92 2062 8828 8928
4838 3244 4848 3254 3475 3575
854 2769 864 2779 8508 8608
1801 717 1811 727 8307 8407
5629 1372 5639 1382 5912 6012
2402 2001 2412 2011 8188 8288
5012 1077 5022 1087 8031 8131
5541 2622 5551 2632 6912 7012
2174 2765 2184 2775 8044 8144
1589 1170 1599 1180 6989 7089
4461 3612 4471 3622 8833 8933
2852 206 2862 216 4327 4427
5441 3290 5451 3300 5622 5722
363 1879 373 1889 4388 4488
5457 326 5467 336 7161 7261
3432 1159 3442 1169 7039 7139
1298 1445 1308 1455 8258 8358
2187 2252 2197 2262 4843 4943
1043 3731 1053 3741 5353 5453
4253 1901 4263 1911 6209 6309
442 2386 452 2396 8306 8406
5378 2810 5388 2820 8338 8438
16 684 26 694 3497 3597
3388 800 3398 810 3879 3979
3812 170 3822 180 6438 6538
2771 3531 2781 3541 5368 5468
3064 1709 3074 1719 8450 8550
1972 3364 1982 3374 7727 7827
957 2904 967 2914 5886 5986
