1000
4009 745 4209 945 4472 8472
810 2096 1010 2296 4558 8558
1212 2603 1412 2803 3793 7793
1453 2421 1653 2621 5096 9096
795 1873 995 2073 4480 8480
4896 846 5096 1046 4211 8211
2735 737 2935 937 3742 7742
3725 3437 3925 3637 4909 8909
2411 457 2611 657 3797 7797
4168 1287 4368 1487 4524 8524
5293 3039 5493 3239 5048 9048
3835 643 4035 843 4317 8317
1538 3039 1738 3239 3818 7818
2910 173 3110 373 4886 8886
4502 2487 4702 2687 3926 7926
3360 1246 3560 1446 3744 7744
5420 1228 5620 1428 4698 8698
140 1510 340 1710 3826 7826
4909 3086 5109 3286 4021 8021
3907 733 4107 933 4742 8742
544 1262 744 1462 3982 7982
2443 3491 2643 3691 3789 7789
4920 3491 5120 3691 3418 7418
5228 1632 5428 1832 5038 9038
1827 3556 2027 3756 4612 8612
3571 145 3771 345 4028 8028
1822 332 2022 532 3789 7789
1293 65 1493 265 3932 7932
189 2362 389 2562 3394 7394
906 2249 1106 2449 3999 7999
1753 3717 1953 3917 4443 8443
1098 648 1298 848 5035 9035
5239 469 5439 669 3426 7426
4108 1243 4308 1443 4554 8554
4723 60 4923 260 4837 8837
2161 1855 2361 2055 3616 7616
1394 3674 1594 3874 3499 7499
5083 2452 5283 2652 4068 8068
5593 96 5793 296 3510 7510
5337 125 5537 325 3833 7833
2841 27 3041 227 4609 8609
3322 570 3522 770 3976 7976
5052 2397 5252 2597 3860 7860
3698 2478 3898 2678 3917 7917
2248 2516 2448 2716 4685 8685
5127 1198 5327 1398 5136 9136
4337 1301 4537 1501 3876 7876
5300 1784 5500 1984 4978 8978
2437 2626 2637 2826 3591 7591
583 102 783 302 4881 8881
3568 3287 3768 3487 3934 7934
578 2832 778 3032 4296 8296
5492 2968 5692 3168 4616 8616
436 1907 636 2107 3964 7964
1998 2019 2198 2219 4193 8193
647 2321 847 2521 3798 7798
5518 1427 5718 1627 4414 8414
1511 2732 1711 2932 3899 7899
1125 3239 1325 3439 3607 7607
4397 769 4597 969 3747 7747
1179 1373 1379 1573 4948 8948
4280 1166 4480 1366 4931 8931
3514 2328 3714 2528 3591 7591
4198 3058 4398 3258 3732 7732
4495 3067 4695 3267 4767 8767
3639 1678 3839 1878 3834 7834
3639 7 3839 207 3738 7738
325 2467 525 2667 4794 8794
4344 3169 4544 3369 4163 8163
4291 2209 4491 2409 4730 8730
5427 1244 5627 1444 4211 8211
4952 1831 5152 2031 4031 8031
547 739 747 939 3817 7817
2830 1898 3030 2098 4060 8060
4217 182 4417 382 4701 8701
1315 3441 1515 3641 5098 9098
4740 3738 4940 3938 4645 8645
1983 106 2183 306 3845 7845
3832 1931 4032 2131 4307 8307
1519 3498 1719 3698 4667 8667
1116 1108 1316 1308 3690 7690
474 1849 674 2049 3707 7707
247 2483 447 2683 4062 8062
135 3707 335 3907 3440 7440
574 3629 774 3829 4995 8995
3563 1996 3763 2196 4429 8429
3955 3401 4155 3601 4728 8728
1779 929 1979 1129 4375 8375
4036 1114 4236 1314 3900 7900
493 1863 693 2063 4515 8515
1263 936 1463 1136 3851 7851
1809 1976 2009 2176 4648 8648
618 1609 818 1809 4743 8743
1280 634 1480 834 3751 7751
2202 3638 2402 3838 3802 7802
2237 17 2437 217 3733 7733
5101 2852 5301 3052 4007 8007
2999 2279 3199 2479 3408 7408
2050 3034 2250 3234 4151 8151
729 3748 929 3948 3677 7677
3402 2829 3602 3029 5114 9114
4138 3052 4338 3252 4973 8973
2249 916 2449 1116 3914 7914
3771 223 3971 423 4152 8152
405 2870 605 3070 3817 7817
1932 1438 2132 1638 3448 7448
3952 899 4152 1099 3793 7793
5640 3460 5840 3660 3568 7568
3186 3158 3386 3358 4224 8224
422 1923 622 2123 4137 8137
4432 984 4632 1184 4605 8605
5050 2980 5250 3180 4967 8967
2674 629 2874 829 3979 7979
3117 1744 3317 1944 5077 9077
1024 162 1224 362 4794 8794
2460 2574 2660 2774 4754 8754
5271 1842 5471 2042 4433 8433
2205 630 2405 830 4210 8210
607 2135 807 2335 3508 7508
4513 2933 4713 3133 3646 7646
3059 3354 3259 3554 4978 8978
3149 3597 3349 3797 4633 8633
950 1835 1150 2035 4679 8679
2721 3480 2921 3680 3929 7929
3875 3095 4075 3295 4532 8532
1123 2786 1323 2986 4358 8358
2117 3364 2317 3564 3771 7771
750 818 950 1018 3407 7407
23 2759 223 2959 5071 9071
1910 819 2110 1019 4423 8423
1423 1807 1623 2007 3539 7539
1964 3222 2164 3422 4349 8349
2107 3576 2307 3776 4916 8916
3872 724 4072 924 4805 8805
5467 3282 5667 3482 4986 8986
1580 2717 1780 2917 4926 8926
5424 1999 5624 2199 3911 7911
3954 496 4154 696 4134 8134
2734 3198 2934 3398 4999 8999
5027 3393 5227 3593 4010 8010
5461 1471 5661 1671 4492 8492
2829 3011 3029 3211 4141 8141
2181 2598 2381 2798 4742 8742
399 1653 599 1853 5132 9132
675 2661 875 2861 4459 8459
3882 1243 4082 1443 4146 8146
1274 1504 1474 1704 4786 8786
3612 3757 3812 3957 3902 7902
1971 289 2171 489 5082 9082
2370 2370 2570 2570 4134 8134
3834 1530 4034 1730 3892 7892
3705 1122 3905 1322 4381 8381
4981 205 5181 405 5095 9095
3047 2883 3247 3083 4782 8782
623 495 823 695 4001 8001
1434 2207 1634 2407 4099 8099
1037 2464 1237 2664 5086 9086
1473 3101 1673 3301 4989 8989
3418 2665 3618 2865 4449 8449
1329 115 1529 315 4562 8562
2606 1602 2806 1802 4610 8610
3107 2862 3307 3062 4763 8763
4646 3318 4846 3518 4417 8417
3763 2005 3963 2205 4138 8138
4180 386 4380 586 3779 7779
158 2536 358 2736 4955 8955
4483 1300 4683 1500 4705 8705
16 3218 216 3418 4734 8734
1916 1975 2116 2175 3850 7850
1713 1509 1913 1709 3868 7868
4206 673 4406 873 4636 8636
3725 2469 3925 2669 4528 8528
2949 776 3149 976 4315 8315
3983 3524 4183 3724 3785 7785
1661 223 1861 423 4700 8700
2147 1877 2347 2077 3819 7819
3682 1386 3882 1586 3688 7688
1900 1787 2100 1987 3951 7951
336 1505 536 1705 4350 8350
963 89 1163 289 4827 8827
508 3712 708 3912 3585 7585
2731 2501 2931 2701 3705 7705
5619 639 5819 839 3825 7825
2948 2134 3148 2334 3712 7712
3330 2265 3530 2465 4966 8966
1671 1529 1871 1729 4679 8679
5047 2923 5247 3123 4556 8556
3137 3581 3337 3781 4543 8543
3130 2803 3330 3003 4491 8491
2729 983 2929 1183 4686 8686
3109 3568 3309 3768 4737 8737
1389 758 1589 958 3929 7929
599 3017 799 3217 3840 7840
5309 3791 5509 3991 3747 7747
2437 2815 2637 3015 4418 8418
1651 476 1851 676 3701 7701
3186 840 3386 1040 4948 8948
167 1408 367 1608 3395 7395
3817 3128 4017 3328 4736 8736
4846 1903 5046 2103 5120 9120
4892 773 5092 973 3463 7463
2443 2682 2643 2882 4568 8568
1301 227 1501 427 5078 9078
4263 3318 4463 3518 4353 8353
3956 1805 4156 2005 4391 8391
2116 3514 2316 3714 4146 8146
663 2720 863 2920 4859 8859
3355 809 3555 1009 4100 8100
735 362 935 562 3426 7426
4345 3621 4545 3821 4796 8796
3866 805 4066 1005 4359 8359
5448 958 5648 1158 4099 8099
387 510 587 710 3558 7558
19 101 219 301 4170 8170
1576 1864 1776 2064 4506 8506
2671 1994 2871 2194 3602 7602
4974 2020 5174 2220 4535 8535
2176 325 2376 525 4161 8161
2979 2762 3179 2962 3652 7652
4871 2260 5071 2460 5107 9107
4942 3605 5142 3805 3556 7556
507 2023 707 2223 4089 8089
4313 2074 4513 2274 3728 7728
37 1443 237 1643 4709 8709
4118 914 4318 1114 4059 8059
2146 1770 2346 1970 4407 8407
1261 3748 1461 3948 3710 7710
4649 827 4849 1027 4336 8336
1196 2808 1396 3008 4541 8541
131 3686 331 3886 4898 8898
889 825 1089 1025 4596 8596
2493 1069 2693 1269 4706 8706
1896 1030 2096 1230 4656 8656
247 2465 447 2665 4384 8384
1811 1092 2011 1292 4082 8082
4825 1776 5025 1976 4769 8769
125 2701 325 2901 3870 7870
5219 514 5419 714 4642 8642
824 1358 1024 1558 4090 8090
4598 1794 4798 1994 4412 8412
3964 3172 4164 3372 5078 9078
2559 2498 2759 2698 4702 8702
268 2261 468 2461 3827 7827
3041 2233 3241 2433 4595 8595
5182 3253 5382 3453 4454 8454
2550 2645 2750 2845 4353 8353
3457 134 3657 334 4710 8710
1596 1541 1796 1741 4128 8128
4707 3389 4907 3589 3397 7397
4489 2371 4689 2571 3778 7778
95 746 295 946 3468 7468
2108 3650 2308 3850 4421 8421
5319 173 5519 373 4006 8006
2835 3053 3035 3253 5138 9138
259 798 459 998 4828 8828
1708 2718 1908 2918 3764 7764
3537 1448 3737 1648 4939 8939
1366 3800 1566 4000 4175 8175
5486 1468 5686 1668 4395 8395
169 321 369 521 4813 8813
2318 245 2518 445 4582 8582
1692 534 1892 734 4928 8928
557 1520 757 1720 3648 7648
961 1961 1161 2161 3798 7798
3074 1262 3274 1462 3830 7830
2992 3577 3192 3777 4455 8455
5615 3079 5815 3279 4512 8512
5275 2471 5475 2671 4500 8500
1552 3058 1752 3258 3920 7920
834 3137 1034 3337 3680 7680
2155 3024 2355 3224 3843 7843
3686 2829 3886 3029 4534 8534
2269 2782 2469 2982 3547 7547
3890 2873 4090 3073 4875 8875
232 3065 432 3265 3644 7644
2119 1280 2319 1480 4477 8477
590 3225 790 3425 5004 9004
4897 3703 5097 3903 3817 7817
5278 3515 5478 3715 3630 7630
646 719 846 919 4469 8469
1209 3018 1409 3218 4181 8181
1419 2817 1619 3017 4632 8632
3158 3766 3358 3966 4313 8313
539 708 739 908 4836 8836
2115 2026 2315 2226 4244 8244
2351 2449 2551 2649 3390 7390
2956 894 3156 1094 4251 8251
1750 1870 1950 2070 4251 8251
5590 46 5790 246 4009 8009
3189 2222 3389 2422 4736 8736
131 2647 331 2847 3545 7545
4525 1566 4725 1766 4998 8998
914 3316 1114 3516 4741 8741
1213 1074 1413 1274 3843 7843
666 604 866 804 4686 8686
2272 3168 2472 3368 4982 8982
3533 3210 3733 3410 3444 7444
4119 3071 4319 3271 4563 8563
3894 1420 4094 1620 4348 8348
4180 2846 4380 3046 5119 9119
248 2885 448 3085 4624 8624
5457 2291 5657 2491 4127 8127
855 2361 1055 2561 4187 8187
68 1339 268 1539 4003 8003
1194 2096 1394 2296 4288 8288
4465 97 4665 297 3545 7545
719 1954 919 2154 4838 8838
1752 3291 1952 3491 4491 8491
1180 1739 1380 1939 3743 7743
4204 813 4404 1013 4809 8809
189 3503 389 3703 3481 7481
1550 2216 1750 2416 4897 8897
4065 2038 4265 2238 4409 8409
5177 665 5377 865 3750 7750
5348 2606 5548 2806 3593 7593
1204 2285 1404 2485 4811 8811
510 3684 710 3884 4865 8865
581 3155 781 3355 4820 8820
3242 3309 3442 3509 3602 7602
2575 1922 2775 2122 4783 8783
1844 1216 2044 1416 3444 7444
1104 1568 1304 1768 4274 8274
4806 2275 5006 2475 4573 8573
2657 2851 2857 3051 4733 8733
1360 2101 1560 2301 3644 7644
1581 2160 1781 2360 3599 7599
5517 866 5717 1066 4254 8254
5343 689 5543 889 4099 8099
5253 899 5453 1099 4326 8326
3426 647 3626 847 5123 9123
3965 2779 4165 2979 3907 7907
1325 309 1525 509 4680 8680
1041 3129 1241 3329 3680 7680
3890 3729 4090 3929 4659 8659
4301 2709 4501 2909 4524 8524
3390 634 3590 834 4379 8379
5624 1404 5824 1604 3421 7421
364 2432 564 2632 5072 9072
569 938 769 1138 3377 7377
1929 3202 2129 3402 4993 8993
2855 1696 3055 1896 3493 7493
3613 3725 3813 3925 5083 9083
112 3163 312 3363 4402 8402
1829 517 2029 717 3466 7466
2737 1785 2937 1985 4236 8236
2541 1971 2741 2171 4561 8561
2295 1089 2495 1289 3926 7926
2585 1294 2785 1494 4802 8802
3840 2731 4040 2931 3519 7519
3662 316 3862 516 3846 7846
4625 2834 4825 3034 4637 8637
2856 100 3056 300 4985 8985
4950 2814 5150 3014 4213 8213
4505 3379 4705 3579 4314 8314
4104 3116 4304 3316 4091 8091
5105 3387 5305 3587 4003 8003
3374 1019 3574 1219 4093 8093
4352 3743 4552 3943 3662 7662
2100 843 2300 1043 3437 7437
1872 83 2072 283 3583 7583
1452 3641 1652 3841 3896 7896
4653 3633 4853 3833 4308 8308
1596 1159 1796 1359 3382 7382
4450 87 4650 287 4174 8174
260 1138 460 1338 3644 7644
4609 1689 4809 1889 3735 7735
3887 842 4087 1042 3875 7875
3720 795 3920 995 5092 9092
4396 177 4596 377 4570 8570
843 2198 1043 2398 4271 8271
555 1719 755 1919 4050 8050
823 2707 1023 2907 4027 8027
5107 2815 5307 3015 5125 9125
2239 2936 2439 3136 4837 8837
5329 3589 5529 3789 4237 8237
191 487 391 687 3398 7398
498 1672 698 1872 4303 8303
2903 2164 3103 2364 4947 8947
4351 985 4551 1185 4991 8991
3041 2399 3241 2599 4770 8770
2484 1388 2684 1588 3970 7970
1740 2319 1940 2519 4646 8646
3588 2283 3788 2483 4085 8085
1698 2562 1898 2762 4107 8107
498 1996 698 2196 3887 7887
4092 2170 4292 2370 5122 9122
512 2671 712 2871 4907 8907
4489 1509 4689 1709 4942 8942
3301 3166 3501 3366 3937 7937
4689 145 4889 345 3727 7727
4885 1661 5085 1861 4523 8523
5189 2224 5389 2424 4290 8290
4764 2458 4964 2658 4945 8945
5056 459 5256 659 4729 8729
4797 3178 4997 3378 4633 8633
4400 350 4600 550 3952 7952
2757 2798 2957 2998 4028 8028
3679 1492 3879 1692 4576 8576
5323 3298 5523 3498 3777 7777
726 53 926 253 4788 8788
2014 2295 2214 2495 3992 7992
4025 3404 4225 3604 4024 8024
2018 2286 2218 2486 4751 8751
948 1755 1148 1955 4388 8388
3054 2478 3254 2678 4589 8589
2459 1973 2659 2173 3473 7473
4768 727 4968 927 4792 8792
4837 1943 5037 2143 4173 8173
5569 1715 5769 1915 4959 8959
34 3298 234 3498 3652 7652
2403 750 2603 950 3419 7419
3955 3062 4155 3262 4068 8068
560 3419 760 3619 5107 9107
1524 1097 1724 1297 3711 7711
2904 926 3104 1126 5133 9133
5198 2634 5398 2834 3791 7791
1064 3058 1264 3258 4787 8787
2449 1861 2649 2061 4537 8537
2408 1291 2608 1491 4612 8612
4241 3777 4441 3977 3811 7811
1356 329 1556 529 3466 7466
4279 1743 4479 1943 4731 8731
1125 2641 1325 2841 4986 8986
2451 3211 2651 3411 5014 9014
1803 111 2003 311 4405 8405
3978 1851 4178 2051 3630 7630
2170 1180 2370 1380 4247 8247
4777 156 4977 356 4354 8354
4045 273 4245 473 3387 7387
5372 1028 5572 1228 4499 8499
3767 1735 3967 1935 3988 7988
1245 1628 1445 1828 4057 8057
1679 1101 1879 1301 3776 7776
1523 2442 1723 2642 3736 7736
1572 3603 1772 3803 3974 7974
5034 3263 5234 3463 4128 8128
2858 1123 3058 1323 4298 8298
5529 3244 5729 3444 4138 8138
885 165 1085 365 3659 7659
61 465 261 665 4448 8448
3090 2110 3290 2310 3437 7437
1019 1312 1219 1512 4210 8210
3520 3401 3720 3601 4906 8906
5283 3457 5483 3657 3723 7723
2419 1046 2619 1246 3747 7747
3246 2425 3446 2625 4971 8971
1756 1097 1956 1297 4465 8465
4501 1649 4701 1849 3645 7645
2726 3674 2926 3874 3676 7676
4404 860 4604 1060 4218 8218
2341 785 2541 985 3942 7942
3686 3780 3886 3980 3921 7921
1210 1715 1410 1915 3934 7934
1830 1033 2030 1233 3640 7640
2129 2675 2329 2875 4868 8868
3986 683 4186 883 4325 8325
99 708 299 908 4830 8830
3843 1660 4043 1860 3907 7907
2997 1427 3197 1627 4121 8121
1682 1812 1882 2012 4885 8885
5118 43 5318 243 3789 7789
225 3187 425 3387 4989 8989
5097 1470 5297 1670 4654 8654
4489 2856 4689 3056 4355 8355
5413 3716 5613 3916 3479 7479
3802 2322 4002 2522 4398 8398
4765 3467 4965 3667 3728 7728
5368 3735 5568 3935 3978 7978
5499 1038 5699 1238 5125 9125
328 873 528 1073 4896 8896
1120 2966 1320 3166 3391 7391
5326 2564 5526 2764 4401 8401
2607 2511 2807 2711 4249 8249
2124 137 2324 337 4659 8659
3443 2701 3643 2901 4212 8212
3267 3646 3467 3846 5055 9055
4841 1597 5041 1797 3667 7667
4130 713 4330 913 4494 8494
145 2643 345 2843 4459 8459
1102 3460 1302 3660 4845 8845
47 3285 247 3485 4543 8543
5038 632 5238 832 4498 8498
2686 1553 2886 1753 5073 9073
5560 1690 5760 1890 3482 7482
3980 1339 4180 1539 4321 8321
150 3174 350 3374 3969 7969
3698 276 3898 476 3380 7380
3441 956 3641 1156 4991 8991
3070 3073 3270 3273 4031 8031
17 3514 217 3714 4789 8789
1529 2560 1729 2760 3658 7658
1442 3316 1642 3516 4596 8596
5546 3638 5746 3838 3914 7914
2092 455 2292 655 3872 7872
1058 426 1258 626 4663 8663
2215 2727 2415 2927 4627 8627
3726 2817 3926 3017 4791 8791
4713 3424 4913 3624 3931 7931
4677 2951 4877 3151 4235 8235
3551 1697 3751 1897 4108 8108
1663 535 1863 735 5073 9073
5624 2431 5824 2631 4405 8405
3912 2348 4112 2548 4297 8297
4776 2057 4976 2257 3673 7673
4699 1697 4899 1897 4986 8986
1257 2438 1457 2638 4560 8560
3432 1854 3632 2054 5059 9059
4709 3073 4909 3273 5008 9008
3577 3008 3777 3208 4741 8741
104 2032 304 2232 4553 8553
957 1336 1157 1536 4151 8151
543 403 743 603 4705 8705
3824 2928 4024 3128 3993 7993
2279 3601 2479 3801 4507 8507
1394 3373 1594 3573 4589 8589
5073 3584 5273 3784 3609 7609
2183 1337 2383 1537 3933 7933
1987 708 2187 908 3989 7989
2362 385 2562 585 4419 8419
509 3441 709 3641 4303 8303
2161 1988 2361 2188 4079 8079
3054 3178 3254 3378 3432 7432
4631 2727 4831 2927 4378 8378
1080 2742 1280 2942 4900 8900
59 1407 259 1607 4708 8708
2701 2212 2901 2412 3513 7513
5429 2552 5629 2752 4152 8152
763 1444 963 1644 3905 7905
4546 41 4746 241 4123 8123
4609 1296 4809 1496 3900 7900
4427 2366 4627 2566 4953 8953
21 2256 221 2456 3676 7676
2582 2657 2782 2857 3850 7850
4662 2118 4862 2318 4634 8634
5474 2695 5674 2895 3769 7769
3999 15 4199 215 3848 7848
1418 317 1618 517 5084 9084
1241 123 1441 323 4834 8834
2383 3298 2583 3498 4737 8737
2932 2188 3132 2388 4581 8581
2841 1886 3041 2086 3591 7591
2915 1458 3115 1658 3714 7714
3774 1308 3974 1508 3536 7536
3524 563 3724 763 3679 7679
4369 553 4569 753 4489 8489
2138 2382 2338 2582 4624 8624
1753 501 1953 701 5113 9113
5473 3111 5673 3311 4936 8936
3850 3318 4050 3518 4711 8711
4889 3039 5089 3239 3718 7718
3382 382 3582 582 3866 7866
1489 2669 1689 2869 4095 8095
2113 935 2313 1135 4466 8466
4396 2448 4596 2648 4406 8406
3551 3140 3751 3340 3487 7487
5352 1356 5552 1556 4212 8212
1144 2372 1344 2572 4954 8954
1843 1137 2043 1337 4725 8725
2649 2896 2849 3096 4061 8061
2390 90 2590 290 3899 7899
5524 3147 5724 3347 3792 7792
5348 3031 5548 3231 3740 7740
1731 3529 1931 3729 3860 7860
2897 3497 3097 3697 4819 8819
2150 514 2350 714 4342 8342
4964 1815 5164 2015 3805 7805
4056 2874 4256 3074 3498 7498
769 2477 969 2677 4531 8531
1908 9 2108 209 4829 8829
4215 1038 4415 1238 3990 7990
4983 1681 5183 1881 3410 7410
1335 3085 1535 3285 4101 8101
1752 1377 1952 1577 3846 7846
4367 926 4567 1126 4579 8579
1346 766 1546 966 4048 8048
2699 709 2899 909 3373 7373
4923 869 5123 1069 4784 8784
3980 1746 4180 1946 4717 8717
5341 381 5541 581 4737 8737
1652 92 1852 292 4417 8417
3139 1649 3339 1849 5080 9080
2054 3164 2254 3364 4663 8663
5375 1974 5575 2174 4679 8679
3933 545 4133 745 3665 7665
1973 2856 2173 3056 4612 8612
3197 2175 3397 2375 3910 7910
1448 598 1648 798 3565 7565
3587 2819 3787 3019 3392 7392
23 842 223 1042 3767 7767
4840 2897 5040 3097 3798 7798
3277 1470 3477 1670 4992 8992
933 3511 1133 3711 5022 9022
3080 2177 3280 2377 3655 7655
93 3269 293 3469 3938 7938
509 411 709 611 3783 7783
762 3251 962 3451 3555 7555
175 3732 375 3932 4481 8481
2806 3197 3006 3397 4127 8127
3705 2645 3905 2845 4632 8632
4630 1295 4830 1495 4707 8707
4230 3246 4430 3446 4368 8368
1771 308 1971 508 3467 7467
4230 106 4430 306 4689 8689
2001 1009 2201 1209 3993 7993
5091 2412 5291 2612 3566 7566
3564 1280 3764 1480 5063 9063
120 1385 320 1585 3970 7970
5247 3595 5447 3795 3656 7656
361 3585 561 3785 3698 7698
2010 1737 2210 1937 3694 7694
487 413 687 613 3898 7898
4726 2055 4926 2255 4251 8251
5271 693 5471 893 4276 8276
1933 2104 2133 2304 4490 8490
4209 23 4409 223 4398 8398
2792 1108 2992 1308 4261 8261
725 3732 925 3932 4807 8807
5099 893 5299 1093 4460 8460
2500 2271 2700 2471 4033 8033
4235 1108 4435 1308 5087 9087
3786 301 3986 501 4513 8513
4506 1319 4706 1519 3743 7743
1611 865 1811 1065 4804 8804
3671 1854 3871 2054 4255 8255
5213 1484 5413 1684 3640 7640
953 1698 1153 1898 3373 7373
3012 1946 3212 2146 4802 8802
207 627 407 827 4521 8521
985 1730 1185 1930 4265 8265
3335 1039 3535 1239 3713 7713
604 2909 804 3109 4991 8991
2587 716 2787 916 4769 8769
5416 837 5616 1037 4121 8121
1962 1110 2162 1310 4364 8364
5432 1805 5632 2005 4539 8539
3919 3 4119 203 4841 8841
911 45 1111 245 3426 7426
2246 1787 2446 1987 4617 8617
1736 2012 1936 2212 4371 8371
5385 2776 5585 2976 4784 8784
3845 1276 4045 1476 4598 8598
3167 196 3367 396 4340 8340
2514 3121 2714 3321 4889 8889
1440 873 1640 1073 4590 8590
1726 3158 1926 3358 3773 7773
2093 129 2293 329 3463 7463
5256 494 5456 694 4552 8552
507 1916 707 2116 4938 8938
4303 3757 4503 3957 4918 8918
2145 3747 2345 3947 3385 7385
3759 1465 3959 1665 4013 8013
1800 1013 2000 1213 3426 7426
699 1439 899 1639 3954 7954
1915 1340 2115 1540 5074 9074
3479 2568 3679 2768 3528 7528
4963 538 5163 738 4706 8706
1602 2280 1802 2480 4467 8467
1975 607 2175 807 5033 9033
724 3009 924 3209 4018 8018
4324 553 4524 753 4271 8271
4827 401 5027 601 4365 8365
2913 2401 3113 2601 4944 8944
1019 2729 1219 2929 4054 8054
4559 2222 4759 2422 4027 8027
4215 1992 4415 2192 3484 7484
5266 3104 5466 3304 4384 8384
274 1760 474 1960 4658 8658
1508 1808 1708 2008 4363 8363
5422 493 5622 693 4930 8930
2546 2099 2746 2299 4614 8614
3755 1061 3955 1261 4036 8036
1535 2457 1735 2657 4424 8424
4771 2681 4971 2881 4187 8187
4619 1053 4819 1253 4843 8843
2445 1509 2645 1709 4073 8073
50 3406 250 3606 4236 8236
5016 802 5216 1002 4446 8446
112 263 312 463 5094 9094
2768 695 2968 895 3417 7417
211 2795 411 2995 3522 7522
228 3499 428 3699 3843 7843
937 2742 1137 2942 4042 8042
4138 798 4338 998 3572 7572
4737 1376 4937 1576 4598 8598
4649 1277 4849 1477 3704 7704
1638 799 1838 999 3606 7606
589 481 789 681 5037 9037
3106 332 3306 532 4575 8575
5523 2492 5723 2692 4862 8862
2848 837 3048 1037 4776 8776
4893 2783 5093 2983 4425 8425
5355 1129 5555 1329 3826 7826
1432 3608 1632 3808 4739 8739
5271 15 5471 215 4309 8309
4586 3237 4786 3437 3983 7983
3440 61 3640 261 5041 9041
1457 2724 1657 2924 4956 8956
4400 54 4600 254 4039 8039
2573 2990 2773 3190 4447 8447
1245 2155 1445 2355 4991 8991
3039 3449 3239 3649 3565 7565
276 1863 476 2063 4370 8370
132 3654 332 3854 4132 8132
1737 1631 1937 1831 3665 7665
4069 2181 4269 2381 3652 7652
3781 1480 3981 1680 4794 8794
999 2196 1199 2396 4419 8419
662 3600 862 3800 3602 7602
2960 1416 3160 1616 5045 9045
4868 140 5068 340 3487 7487
1031 1036 1231 1236 4572 8572
2807 793 3007 993 5049 9049
4 622 204 822 4984 8984
2325 2852 2525 3052 4392 8392
3072 2789 3272 2989 3896 7896
1330 1709 1530 1909 4621 8621
4226 3475 4426 3675 3451 7451
1067 3236 1267 3436 4612 8612
602 584 802 784 4189 8189
2636 283 2836 483 4463 8463
4300 2431 4500 2631 3490 7490
4999 2210 5199 2410 4091 8091
4295 2279 4495 2479 4954 8954
3620 177 3820 377 4885 8885
2605 3521 2805 3721 4824 8824
194 1875 394 2075 4591 8591
5470 2163 5670 2363 5065 9065
2813 1778 3013 1978 5086 9086
2342 773 2542 973 3739 7739
913 2139 1113 2339 4660 8660
5259 1221 5459 1421 3373 7373
1496 678 1696 878 3795 7795
1259 3163 1459 3363 4971 8971
4528 929 4728 1129 4311 8311
1833 938 2033 1138 4668 8668
2809 39 3009 239 3765 7765
5596 2775 5796 2975 4001 8001
5401 2209 5601 2409 4657 8657
2962 3471 3162 3671 4985 8985
1164 1908 1364 2108 4100 8100
4798 1461 4998 1661 4865 8865
3613 3167 3813 3367 4943 8943
342 1747 542 1947 3453 7453
705 95 905 295 4568 8568
1234 324 1434 524 3397 7397
5078 2161 5278 2361 4795 8795
2285 2776 2485 2976 4892 8892
2493 1842 2693 2042 4561 8561
1281 1066 1481 1266 4251 8251
4740 292 4940 492 3989 7989
4072 3605 4272 3805 4869 8869
3729 2033 3929 2233 3470 7470
2919 3119 3119 3319 5030 9030
219 9 419 209 4243 8243
4815 3545 5015 3745 3413 7413
2465 2043 2665 2243 4973 8973
4417 2712 4617 2912 5021 9021
5012 113 5212 313 4275 8275
1270 1356 1470 1556 4637 8637
1175 1882 1375 2082 4705 8705
5639 1560 5839 1760 4000 8000
2922 3143 3122 3343 3502 7502
87 1976 287 2176 4426 8426
4033 2015 4233 2215 5023 9023
2289 388 2489 588 4462 8462
2254 2573 2454 2773 4042 8042
1172 3330 1372 3530 5135 9135
4486 843 4686 1043 4832 8832
676 1912 876 2112 4608 8608
3910 877 4110 1077 4306 8306
4070 1177 4270 1377 3679 7679
161 2004 361 2204 4406 8406
1362 1192 1562 1392 3545 7545
2449 3551 2649 3751 3925 7925
3899 1574 4099 1774 4183 8183
1459 919 1659 1119 4345 8345
130 2215 330 2415 5044 9044
2121 1428 2321 1628 4264 8264
4285 2672 4485 2872 4172 8172
2186 3210 2386 3410 3879 7879
639 2597 839 2797 4192 8192
3564 2905 3764 3105 3860 7860
3334 3160 3534 3360 4753 8753
2942 3419 3142 3619 3410 7410
2457 1422 2657 1622 4241 8241
975 3775 1175 3975 4542 8542
1039 1119 1239 1319 3541 7541
1348 1498 1548 1698 4471 8471
1198 1226 1398 1426 3907 7907
1859 919 2059 1119 5072 9072
4355 2460 4555 2660 4971 8971
3195 3608 3395 3808 5023 9023
1224 3706 1424 3906 4568 8568
4020 190 4220 390 4663 8663
4408 2676 4608 2876 4398 8398
4527 149 4727 349 4075 8075
990 515 1190 715 3387 7387
534 3303 734 3503 4285 8285
1929 1015 2129 1215 3715 7715
209 1635 409 1835 4869 8869
4927 3769 5127 3969 3376 7376
3078 2525 3278 2725 4060 8060
541 1438 741 1638 3440 7440
4166 3230 4366 3430 3648 7648
5120 2319 5320 2519 3468 7468
1663 1073 1863 1273 4504 8504
741 1148 941 1348 3401 7401
2410 1752 2610 1952 4581 8581
3225 2781 3425 2981 4419 8419
1679 836 1879 1036 3718 7718
5523 2930 5723 3130 4941 8941
4190 1786 4390 1986 3415 7415
1168 1842 1368 2042 5125 9125
5281 926 5481 1126 4376 8376
2624 1719 2824 1919 4746 8746
1219 310 1419 510 3567 7567
1966 474 2166 674 3967 7967
262 322 462 522 4347 8347
3172 560 3372 760 4828 8828
461 3206 661 3406 3387 7387
5270 1577 5470 1777 4472 8472
4956 1195 5156 1395 3586 7586
2789 337 2989 537 4941 8941
5483 438 5683 638 3822 7822
135 3221 335 3421 4874 8874
2359 1488 2559 1688 4981 8981
5478 2992 5678 3192 4057 8057
4688 646 4888 846 3700 7700
448 816 648 1016 3431 7431
480 2985 680 3185 4196 8196
4841 449 5041 649 5122 9122
1613 3047 1813 3247 3465 7465
5079 3433 5279 3633 3454 7454
4498 2306 4698 2506 4366 8366
3961 3635 4161 3835 4709 8709
2947 1398 3147 1598 3790 7790
3043 470 3243 670 4511 8511
4915 1999 5115 2199 5132 9132
5331 135 5531 335 3514 7514
1799 2991 1999 3191 4242 8242
1640 2271 1840 2471 4125 8125
4660 2435 4860 2635 4734 8734
3766 730 3966 930 4531 8531
51 3538 251 3738 5083 9083
4361 1176 4561 1376 4044 8044
2399 3702 2599 3902 4558 8558
1024 1556 1224 1756 4075 8075
2050 2074 2250 2274 4355 8355
99 2517 299 2717 4420 8420
3984 2706 4184 2906 4934 8934
2733 3579 2933 3779 5124 9124
1767 1380 1967 1580 3530 7530
175 367 375 567 4697 8697
972 3147 1172 3347 4097 8097
3774 286 3974 486 4928 8928
3073 2608 3273 2808 3387 7387
1306 1729 1506 1929 3831 7831
3875 3704 4075 3904 4385 8385
4109 45 4309 245 4588 8588
2380 2234 2580 2434 4313 8313
4810 1852 5010 2052 3781 7781
4958 879 5158 1079 3766 7766
4361 2363 4561 2563 3571 7571
2381 3666 2581 3866 5048 9048
3593 3292 3793 3492 3885 7885
599 1075 799 1275 4959 8959
1913 3747 2113 3947 4359 8359
4937 1905 5137 2105 4205 8205
3304 2089 3504 2289 4488 8488
2269 1425 2469 1625 4560 8560
3632 3645 3832 3845 4502 8502
3391 2677 3591 2877 4277 8277
491 958 691 1158 4271 8271
4337 3017 4537 3217 4852 8852
3472 2522 3672 2722 3405 7405
2408 2180 2608 2380 5119 9119
3392 1891 3592 2091 5084 9084
1884 943 2084 1143 4794 8794
5423 1408 5623 1608 3652 7652
2903 3535 3103 3735 4476 8476
3872 2427 4072 2627 4500 8500
5424 924 5624 1124 3709 7709
3608 2677 3808 2877 4031 8031
4164 3513 4364 3713 3440 7440
2425 2777 2625 2977 4244 8244
2163 2287 2363 2487 4651 8651
660 3120 860 3320 4676 8676
4863 2467 5063 2667 3988 7988
1724 2499 1924 2699 4580 8580
917 2524 1117 2724 4922 8922
4747 1714 4947 1914 3582 7582
1176 3451 1376 3651 3531 7531
653 2544 853 2744 4373 8373
1898 1356 2098 1556 4728 8728
1652 2023 1852 2223 4503 8503
3355 235 3555 435 4213 8213
1966 128 2166 328 3677 7677
5039 1650 5239 1850 4861 8861
438 2903 638 3103 3480 7480
2672 2177 2872 2377 4980 8980
2653 157 2853 357 4451 8451
4089 488 4289 688 4004 8004
4578 1309 4778 1509 3754 7754
4688 514 4888 714 4601 8601
2887 383 3087 583 4489 8489
2799 3438 2999 3638 4429 8429
1115 1248 1315 1448 3611 7611
1152 245 1352 445 4539 8539
4793 2163 4993 2363 4493 8493
464 809 664 1009 4545 8545
2350 3519 2550 3719 5010 9010
2964 2848 3164 3048 3666 7666
2167 2782 2367 2982 3412 7412
3337 2938 3537 3138 4116 8116
5151 1548 5351 1748 5056 9056
4241 2130 4441 2330 4360 8360
2845 898 3045 1098 3493 7493
1473 235 1673 435 3762 7762
4988 3347 5188 3547 4992 8992
3681 2121 3881 2321 4855 8855
4185 3623 4385 3823 4902 8902
5608 2757 5808 2957 3762 7762
3332 1442 3532 1642 4946 8946
3804 3753 4004 3953 4523 8523
3129 1176 3329 1376 4455 8455
2884 1804 3084 2004 4479 8479
859 3602 1059 3802 4271 8271
4508 2160 4708 2360 4324 8324
2024 1396 2224 1596 4361 8361
4899 414 5099 614 4490 8490
4675 2922 4875 3122 3760 7760
3853 3005 4053 3205 5022 9022
881 1152 1081 1352 3601 7601
337 203 537 403 4397 8397
1194 672 1394 872 4311 8311
697 2944 897 3144 3484 7484
1570 2115 1770 2315 3952 7952
5004 1704 5204 1904 3396 7396
794 1217 994 1417 4752 8752
5015 2817 5215 3017 4813 8813
1057 3512 1257 3712 3964 7964
2627 2281 2827 2481 4634 8634
1256 1972 1456 2172 4746 8746
4752 1566 4952 1766 4154 8154
5170 1732 5370 1932 3790 7790
1946 217 2146 417 4548 8548
4960 2952 5160 3152 3693 7693
5625 964 5825 1164 5072 9072
5566 2089 5766 2289 3769 7769
3903 3605 4103 3805 4152 8152
4316 2300 4516 2500 4167 8167
5426 1059 5626 1259 4554 8554
1483 2639 1683 2839 3935 7935
1460 3150 1660 3350 3885 7885
3368 274 3568 474 3975 7975
4619 520 4819 720 4310 8310
2610 360 2810 560 3440 7440
3687 1125 3887 1325 4032 8032
1002 2707 1202 2907 4481 8481
2218 1169 2418 1369 3821 7821
954 3789 1154 3989 4335 8335
1883 3617 2083 3817 3666 7666
2991 596 3191 796 4443 8443
5233 2741 5433 2941 5127 9127
3231 2653 3431 2853 3393 7393
3744 1004 3944 1204 3532 7532
1751 739 1951 939 5055 9055
4463 1703 4663 1903 4817 8817
5528 1798 5728 1998 3821 7821
98 710 298 910 4427 8427
4471 2788 4671 2988 3748 7748
2629 1672 2829 1872 4146 8146
2916 3443 3116 3643 4324 8324
871 201 1071 401 3888 7888
1094 1116 1294 1316 3808 7808
3266 1848 3466 2048 3525 7525
3617 3354 3817 3554 3426 7426
1390 245 1590 445 4810 8810
2135 1088 2335 1288 4864 8864
211 1901 411 2101 4173 8173
4936 2488 5136 2688 4497 8497
3853 2879 4053 3079 3884 7884
2238 1863 2438 2063 4684 8684
1724 3610 1924 3810 4714 8714
3469 3668 3669 3868 4489 8489
5350 42 5550 242 4799 8799
554 2384 754 2584 3837 7837
3049 392 3249 592 4419 8419
5087 3584 5287 3784 4459 8459
2031 2472 2231 2672 4278 8278
1739 549 1939 749 4511 8511
5089 2343 5289 2543 4168 8168
2684 859 2884 1059 4520 8520
3078 3503 3278 3703 4872 8872
224 2406 424 2606 3627 7627
2994 221 3194 421 5138 9138
3850 221 4050 421 3467 7467
4543 2408 4743 2608 3836 7836
3820 3153 4020 3353 5132 9132
1415 1983 1615 2183 4267 8267
