1395
3328 4352 3455 4479 7872 7972
3328 2560 3455 2687 7791 7891
1920 3328 2047 3455 4507 4607
128 3072 255 3199 8055 8155
2944 3072 3071 3199 3432 3532
1280 2304 1407 2431 8270 8370
1920 3968 2047 4095 7366 7466
3200 768 3327 895 7432 7532
384 3712 511 3839 6094 6194
3328 3200 3455 3327 6515 6615
3328 5504 3455 5631 5951 6051
2816 4992 2943 5119 6016 6116
1024 128 1151 255 3437 3537
0 256 127 383 7826 7926
3200 5248 3327 5375 4576 4676
2176 3456 2303 3583 6392 6492
3072 1408 3199 1535 4100 4200
3328 3072 3455 3199 7510 7610
1792 1664 1919 1791 8325 8425
2048 0 2175 127 3886 3986
1664 512 1791 639 3728 3828
2304 2048 2431 2175 3518 3618
1152 1920 1279 2047 4900 5000
1536 4864 1663 4991 4611 4711
3328 1920 3455 2047 4493 4593
512 1536 639 1663 6286 6386
1536 1408 1663 1535 6174 6274
2304 5376 2431 5503 5111 5211
2688 3328 2815 3455 7117 7217
2560 2944 2687 3071 6727 6827
896 4736 1023 4863 4093 4193
2560 1536 2687 1663 5949 6049
1536 384 1663 511 5478 5578
1664 0 1791 127 5229 5329
3840 4224 3967 4351 4964 5064
256 3072 383 3199 7119 7219
1792 1152 1919 1279 6039 6139
3584 1152 3711 1279 8959 9059
512 2688 639 2815 7092 7192
768 1280 895 1407 8762 8862
128 2688 255 2815 6435 6535
1792 5376 1919 5503 4003 4103
2816 2688 2943 2815 7318 7418
2688 768 2815 895 8081 8181
2432 3072 2559 3199 4369 4469
3328 640 3455 767 4434 4534
256 2048 383 2175 5433 5533
2176 4224 2303 4351 5098 5198
2432 3456 2559 3583 8574 8674
768 0 895 127 6298 6398
3584 1024 3711 1151 7194 7294
3712 768 3839 895 4842 4942
2048 3840 2175 3967 6445 6545
0 5504 127 5631 8723 8823
1024 3968 1151 4095 7663 7763
512 2816 639 2943 3479 3579
3840 4608 3967 4735 7549 7649
256 1920 383 2047 4797 4897
2560 1280 2687 1407 5219 5319
896 384 1023 511 5626 5726
1024 3456 1151 3583 8153 8253
1024 3712 1151 3839 7521 7621
384 768 511 895 8204 8304
1152 384 1279 511 6172 6272
1280 4608 1407 4735 5290 5390
2048 2560 2175 2687 5708 5808
1920 5376 2047 5503 5831 5931
0 4224 127 4351 3869 3969
1536 2176 1663 2303 7208 7308
1920 3456 2047 3583 3883 3983
0 3200 127 3327 5172 5272
2176 2048 2303 2175 6183 6283
1920 4480 2047 4607 4515 4615
2688 2560 2815 2687 3450 3550
128 4736 255 4863 5224 5324
1152 3712 1279 3839 5513 5613
1536 256 1663 383 4514 4614
1920 4224 2047 4351 8866 8966
640 3840 767 3967 8821 8921
3712 1152 3839 1279 5628 5728
3328 2944 3455 3071 6124 6224
3584 1536 3711 1663 8555 8655
3456 896 3583 1023 7099 7199
0 2432 127 2559 5109 5209
2688 2176 2815 2303 4149 4249
0 5632 127 5759 5722 5822
1920 2944 2047 3071 5217 5317
256 5248 383 5375 8327 8427
2432 2304 2559 2431 8728 8828
3200 3456 3327 3583 8646 8746
640 1664 767 1791 4913 5013
640 4992 767 5119 7842 7942
3712 4864 3839 4991 8707 8807
2944 3200 3071 3327 5657 5757
384 2816 511 2943 6554 6654
1536 1920 1663 2047 4958 5058
2048 3712 2175 3839 3905 4005
2560 4864 2687 4991 9014 9114
3456 0 3583 127 5456 5556
2560 1024 2687 1151 7742 7842
1408 5248 1535 5375 3858 3958
1664 4352 1791 4479 7257 7357
512 0 639 127 4885 4985
2816 4224 2943 4351 6582 6682
896 3072 1023 3199 8917 9017
1280 5376 1407 5503 8318 8418
1024 4480 1151 4607 8725 8825
1280 5248 1407 5375 4391 4491
1792 1024 1919 1151 8144 8244
2304 3712 2431 3839 4417 4517
2944 512 3071 639 6648 6748
128 384 255 511 6808 6908
128 2048 255 2175 3932 4032
1408 1408 1535 1535 6287 6387
512 1280 639 1407 8547 8647
128 2816 255 2943 4710 4810
3328 3840 3455 3967 4550 4650
1920 1536 2047 1663 4724 4824
3200 3328 3327 3455 3997 4097
3072 2048 3199 2175 4238 4338
1920 2688 2047 2815 5910 6010
3712 5504 3839 5631 7119 7219
3456 4608 3583 4735 4620 4720
2176 4352 2303 4479 5578 5678
1536 2688 1663 2815 5316 5416
3584 5504 3711 5631 7803 7903
2816 4608 2943 4735 7165 7265
1664 3456 1791 3583 7430 7530
1152 1792 1279 1919 3689 3789
3200 0 3327 127 5161 5261
3072 256 3199 383 6133 6233
2176 2176 2303 2303 4176 4276
3584 1280 3711 1407 4959 5059
1408 128 1535 255 3558 3658
512 896 639 1023 7387 7487
3456 3200 3583 3327 4836 4936
2816 1536 2943 1663 8506 8606
3840 5632 3967 5759 8652 8752
3456 1152 3583 1279 7436 7536
3328 768 3455 895 7610 7710
2176 0 2303 127 4029 4129
1280 896 1407 1023 6624 6724
1920 1152 2047 1279 6959 7059
2176 512 2303 639 4590 4690
3712 3968 3839 4095 3871 3971
1280 5632 1407 5759 6466 6566
2688 384 2815 511 7509 7609
3328 3968 3455 4095 6630 6730
2048 1536 2175 1663 3730 3830
3072 1664 3199 1791 4046 4146
3840 3456 3967 3583 3409 3509
2944 1792 3071 1919 7850 7950
640 5248 767 5375 7794 7894
1408 4736 1535 4863 4658 4758
512 3840 639 3967 4388 4488
384 3328 511 3455 5650 5750
2944 384 3071 511 5002 5102
2304 1536 2431 1663 4093 4193
3840 3968 3967 4095 4041 4141
128 4224 255 4351 5320 5420
128 5120 255 5247 5883 5983
384 0 511 127 8383 8483
1792 128 1919 255 6125 6225
896 5248 1023 5375 3382 3482
3712 5120 3839 5247 4481 4581
2048 3200 2175 3327 6052 6152
768 768 895 895 4847 4947
2176 640 2303 767 3947 4047
1152 1152 1279 1279 7245 7345
2688 3456 2815 3583 4823 4923
0 2816 127 2943 4098 4198
0 3712 127 3839 7903 8003
2560 2432 2687 2559 8076 8176
2432 1664 2559 1791 7686 7786
640 3200 767 3327 5034 5134
3072 896 3199 1023 4488 4588
3584 5632 3711 5759 6692 6792
1536 1664 1663 1791 5083 5183
3072 3072 3199 3199 7747 7847
1024 2816 1151 2943 8631 8731
2816 3200 2943 3327 5759 5859
3584 1408 3711 1535 7785 7885
896 3968 1023 4095 7441 7541
2048 4096 2175 4223 4513 4613
512 4736 639 4863 4984 5084
3712 4096 3839 4223 8458 8558
256 3968 383 4095 8373 8473
2688 0 2815 127 6615 6715
768 1024 895 1151 5091 5191
768 256 895 383 4954 5054
1792 4352 1919 4479 4475 4575
1280 1664 1407 1791 3515 3615
2688 128 2815 255 5877 5977
1152 3456 1279 3583 8809 8909
2432 5376 2559 5503 3526 3626
512 3584 639 3711 6987 7087
128 3200 255 3327 5821 5921
1920 3712 2047 3839 6583 6683
1792 4480 1919 4607 7564 7664
2176 1664 2303 1791 4026 4126
2560 128 2687 255 8035 8135
3840 4864 3967 4991 4202 4302
128 1920 255 2047 4470 4570
2688 2944 2815 3071 7072 7172
1152 3200 1279 3327 4428 4528
2304 896 2431 1023 7713 7813
2048 2304 2175 2431 8189 8289
1280 1920 1407 2047 7749 7849
2304 2432 2431 2559 3756 3856
3712 4608 3839 4735 8476 8576
1408 3840 1535 3967 8920 9020
3328 4096 3455 4223 6144 6244
1280 1408 1407 1535 7222 7322
768 1152 895 1279 7322 7422
3072 1024 3199 1151 8867 8967
1280 3584 1407 3711 4746 4846
1024 5504 1151 5631 8320 8420
128 0 255 127 4111 4211
3072 1792 3199 1919 3901 4001
3456 3968 3583 4095 4372 4472
1024 4224 1151 4351 5694 5794
2432 2688 2559 2815 5005 5105
2688 5504 2815 5631 4516 4616
128 4864 255 4991 8200 8300
384 3200 511 3327 4774 4874
512 2304 639 2431 6251 6351
256 1664 383 1791 7727 7827
1664 1024 1791 1151 8804 8904
128 3968 255 4095 3794 3894
1664 2688 1791 2815 7831 7931
1408 896 1535 1023 3791 3891
768 2688 895 2815 8459 8559
512 4480 639 4607 8662 8762
2688 1408 2815 1535 6470 6570
2432 896 2559 1023 6491 6591
1792 4736 1919 4863 4050 4150
1792 2688 1919 2815 6723 6823
1280 3456 1407 3583 5640 5740
512 5376 639 5503 4339 4439
2048 5632 2175 5759 7108 7208
1280 128 1407 255 5076 5176
3712 5632 3839 5759 5800 5900
2944 2688 3071 2815 5793 5893
1280 1792 1407 1919 4838 4938
1408 2048 1535 2175 5662 5762
128 256 255 383 7200 7300
896 4096 1023 4223 7793 7893
3072 5504 3199 5631 4942 5042
384 1664 511 1791 7940 8040
3456 3584 3583 3711 8323 8423
3840 2304 3967 2431 7523 7623
2432 5120 2559 5247 4594 4694
2048 4992 2175 5119 4288 4388
2432 256 2559 383 4579 4679
3328 2176 3455 2303 5334 5434
3328 4480 3455 4607 5691 5791
0 4480 127 4607 7460 7560
1408 1536 1535 1663 5601 5701
128 1664 255 1791 5456 5556
3584 3328 3711 3455 7883 7983
1664 3840 1791 3967 4393 4493
256 128 383 255 7456 7556
3200 4352 3327 4479 7302 7402
896 1920 1023 2047 4015 4115
3840 384 3967 511 6466 6566
1920 256 2047 383 6333 6433
256 5632 383 5759 6275 6375
3456 5504 3583 5631 4149 4249
2688 1664 2815 1791 4513 4613
3456 4352 3583 4479 8823 8923
3712 3712 3839 3839 3797 3897
256 640 383 767 7799 7899
1024 1280 1151 1407 7163 7263
2944 1536 3071 1663 6219 6319
3456 2560 3583 2687 3597 3697
3584 4864 3711 4991 3785 3885
2944 3584 3071 3711 4379 4479
768 4736 895 4863 3931 4031
640 1792 767 1919 6937 7037
640 4224 767 4351 4859 4959
2944 2816 3071 2943 8883 8983
128 1408 255 1535 5420 5520
3584 4992 3711 5119 7662 7762
2560 4736 2687 4863 5712 5812
896 256 1023 383 8209 8309
3328 0 3455 127 3956 4056
2176 4736 2303 4863 3943 4043
3584 2304 3711 2431 6629 6729
128 2944 255 3071 6187 6287
3200 4096 3327 4223 7608 7708
128 768 255 895 7052 7152
256 2176 383 2303 8789 8889
2560 2176 2687 2303 6024 6124
896 4224 1023 4351 6895 6995
3072 5632 3199 5759 5344 5444
2048 3456 2175 3583 5030 5130
2944 3968 3071 4095 4188 4288
2432 1408 2559 1535 8248 8348
2688 4992 2815 5119 7388 7488
512 1152 639 1279 5331 5431
3456 5376 3583 5503 3943 4043
1408 2688 1535 2815 7815 7915
1664 1408 1791 1535 4090 4190
2432 2560 2559 2687 7735 7835
1792 2048 1919 2175 6574 6674
3456 1024 3583 1151 5896 5996
384 2176 511 2303 4061 4161
384 4864 511 4991 3494 3594
1152 4224 1279 4351 8036 8136
3584 5248 3711 5375 7627 7727
3584 5120 3711 5247 4982 5082
1408 2304 1535 2431 7880 7980
1664 128 1791 255 5587 5687
1792 3328 1919 3455 3605 3705
2304 4736 2431 4863 6132 6232
1536 128 1663 255 4756 4856
3712 3456 3839 3583 5770 5870
768 3712 895 3839 6704 6804
1408 2560 1535 2687 3925 4025
3584 768 3711 895 4497 4597
768 4224 895 4351 5273 5373
384 512 511 639 7607 7707
1280 384 1407 511 4246 4346
3712 2176 3839 2303 3837 3937
0 2560 127 2687 7042 7142
2688 5632 2815 5759 6220 6320
3712 1664 3839 1791 7077 7177
2816 5504 2943 5631 3770 3870
768 1920 895 2047 7008 7108
1024 2688 1151 2815 5425 5525
2048 2176 2175 2303 5730 5830
640 2944 767 3071 3491 3591
3584 4096 3711 4223 4200 4300
1664 3072 1791 3199 8029 8129
512 2944 639 3071 7856 7956
1152 768 1279 895 7404 7504
2176 2944 2303 3071 6466 6566
1024 3584 1151 3711 8546 8646
3840 896 3967 1023 3438 3538
1792 1536 1919 1663 7042 7142
640 512 767 639 8713 8813
2048 5120 2175 5247 5049 5149
1024 1152 1151 1279 7462 7562
1664 1152 1791 1279 5260 5360
3200 1280 3327 1407 6863 6963
3200 4480 3327 4607 4554 4654
3584 3840 3711 3967 6646 6746
2304 5120 2431 5247 3594 3694
2816 384 2943 511 7888 7988
256 0 383 127 7200 7300
2816 3840 2943 3967 6300 6400
3712 3584 3839 3711 5701 5801
1152 3840 1279 3967 7347 7447
768 3328 895 3455 7176 7276
768 1536 895 1663 6167 6267
3072 3328 3199 3455 5349 5449
3712 3328 3839 3455 5936 6036
0 5120 127 5247 4204 4304
1920 4992 2047 5119 5749 5849
2432 4608 2559 4735 3904 4004
0 2304 127 2431 7839 7939
2304 5504 2431 5631 4019 4119
3584 3712 3711 3839 4025 4125
3456 384 3583 511 8668 8768
1792 4992 1919 5119 4589 4689
1664 3200 1791 3327 4421 4521
512 2432 639 2559 8612 8712
3456 2944 3583 3071 3595 3695
768 3840 895 3967 5507 5607
2304 128 2431 255 8679 8779
896 1152 1023 1279 7266 7366
1920 640 2047 767 5180 5280
512 1024 639 1151 6269 6369
2048 2944 2175 3071 5689 5789
896 3712 1023 3839 7069 7169
3328 5248 3455 5375 4092 4192
2304 4992 2431 5119 8452 8552
1408 2944 1535 3071 6255 6355
1920 2048 2047 2175 5895 5995
2432 640 2559 767 7300 7400
2176 1920 2303 2047 5996 6096
3712 640 3839 767 8825 8925
3840 2048 3967 2175 5541 5641
3200 1536 3327 1663 4303 4403
2432 2048 2559 2175 8541 8641
768 5120 895 5247 4249 4349
1408 0 1535 127 7862 7962
384 4608 511 4735 5437 5537
3584 4352 3711 4479 6662 6762
640 3072 767 3199 6151 6251
1536 5120 1663 5247 7550 7650
0 2048 127 2175 5461 5561
1280 2560 1407 2687 8379 8479
1664 2304 1791 2431 4115 4215
2432 4224 2559 4351 5090 5190
2432 4480 2559 4607 3928 4028
640 3456 767 3583 6745 6845
2560 640 2687 767 6242 6342
2176 4608 2303 4735 5732 5832
1024 2176 1151 2303 8881 8981
128 1792 255 1919 7462 7562
2816 4096 2943 4223 5539 5639
128 1280 255 1407 6601 6701
2432 4736 2559 4863 6271 6371
1280 3072 1407 3199 3768 3868
2944 256 3071 383 6211 6311
2816 128 2943 255 8572 8672
2432 3200 2559 3327 8849 8949
640 1536 767 1663 3426 3526
3328 384 3455 511 5428 5528
1792 1280 1919 1407 8690 8790
3584 896 3711 1023 6051 6151
1664 384 1791 511 6793 6893
2944 4864 3071 4991 5191 5291
2048 640 2175 767 8564 8664
896 2688 1023 2815 6294 6394
896 3584 1023 3711 6069 6169
1152 896 1279 1023 7386 7486
1408 2816 1535 2943 4271 4371
1536 1792 1663 1919 3692 3792
128 1536 255 1663 4497 4597
3840 4736 3967 4863 4361 4461
3456 3712 3583 3839 5782 5882
3200 1024 3327 1151 3836 3936
1280 4096 1407 4223 5106 5206
3072 4608 3199 4735 3412 3512
640 3968 767 4095 5974 6074
256 768 383 895 8480 8580
3328 1280 3455 1407 7864 7964
3712 1280 3839 1407 4246 4346
384 3456 511 3583 4233 4333
1408 5120 1535 5247 6286 6386
768 3072 895 3199 6414 6514
3840 3200 3967 3327 7463 7563
1536 1536 1663 1663 5097 5197
3712 896 3839 1023 6811 6911
3840 4992 3967 5119 6214 6314
512 1664 639 1791 4629 4729
1280 4224 1407 4351 6621 6721
1536 5504 1663 5631 6270 6370
2048 3072 2175 3199 8266 8366
128 2432 255 2559 7851 7951
1280 5120 1407 5247 4861 4961
1408 768 1535 895 6019 6119
1152 2176 1279 2303 4002 4102
2176 5376 2303 5503 4385 4485
2304 3200 2431 3327 4853 4953
896 1280 1023 1407 6701 6801
1664 4608 1791 4735 4311 4411
2688 2688 2815 2815 7333 7433
1408 1792 1535 1919 8602 8702
1664 4992 1791 5119 5437 5537
3456 2304 3583 2431 8324 8424
2304 512 2431 639 5344 5444
1024 2048 1151 2175 7483 7583
2560 1152 2687 1279 4390 4490
2688 4352 2815 4479 6966 7066
3200 1664 3327 1791 5997 6097
2048 512 2175 639 5410 5510
1408 3328 1535 3455 5790 5890
3584 0 3711 127 6872 6972
1280 1536 1407 1663 6272 6372
1792 4864 1919 4991 4616 4716
1792 4096 1919 4223 5827 5927
3072 2688 3199 2815 6276 6376
2176 5120 2303 5247 6342 6442
3328 5120 3455 5247 5178 5278
384 1408 511 1535 3450 3550
3200 384 3327 511 7600 7700
3072 3584 3199 3711 8428 8528
2304 0 2431 127 7929 8029
1280 2816 1407 2943 6827 6927
768 4480 895 4607 8819 8919
768 128 895 255 5331 5431
3072 128 3199 255 5386 5486
3456 2432 3583 2559 3782 3882
640 2176 767 2303 6345 6445
1792 2432 1919 2559 6869 6969
2304 4352 2431 4479 8692 8792
2816 1920 2943 2047 7286 7386
1792 3840 1919 3967 5162 5262
128 3328 255 3455 8254 8354
2688 4864 2815 4991 5263 5363
768 512 895 639 6026 6126
640 4864 767 4991 6138 6238
768 5248 895 5375 5286 5386
1152 2944 1279 3071 7045 7145
896 2048 1023 2175 4064 4164
1792 256 1919 383 7912 8012
896 3840 1023 3967 4996 5096
512 640 639 767 8063 8163
3840 1536 3967 1663 7325 7425
640 3328 767 3455 7897 7997
3200 3968 3327 4095 3639 3739
2816 3968 2943 4095 4112 4212
1664 1536 1791 1663 6713 6813
512 3072 639 3199 8190 8290
3840 768 3967 895 5919 6019
2944 5120 3071 5247 8373 8473
768 5632 895 5759 6751 6851
512 5632 639 5759 6888 6988
3072 5120 3199 5247 8842 8942
384 4096 511 4223 6118 6218
3712 4480 3839 4607 6667 6767
2176 3968 2303 4095 5133 5233
2944 1280 3071 1407 4044 4144
2816 896 2943 1023 8658 8758
768 4608 895 4735 8108 8208
1536 3200 1663 3327 3453 3553
3456 1792 3583 1919 8310 8410
896 128 1023 255 7934 8034
640 4736 767 4863 6825 6925
2944 5248 3071 5375 7524 7624
1024 3840 1151 3967 4157 4257
1792 2560 1919 2687 3811 3911
2176 2432 2303 2559 4623 4723
3200 2560 3327 2687 7653 7753
2432 4352 2559 4479 3397 3497
640 128 767 255 6896 6996
2944 1920 3071 2047 6525 6625
1152 4608 1279 4735 5022 5122
2304 4224 2431 4351 5920 6020
256 3712 383 3839 6390 6490
896 4352 1023 4479 5459 5559
0 640 127 767 6188 6288
640 4608 767 4735 8711 8811
3840 2688 3967 2815 8802 8902
1152 1408 1279 1535 5339 5439
1280 2432 1407 2559 5591 5691
3200 2176 3327 2303 4046 4146
3712 384 3839 511 4630 4730
2688 1920 2815 2047 5019 5119
2304 1920 2431 2047 3848 3948
2944 5376 3071 5503 8957 9057
2432 1024 2559 1151 4226 4326
2688 3712 2815 3839 7191 7291
640 5120 767 5247 3961 4061
1920 4352 2047 4479 3845 3945
2176 2304 2303 2431 7839 7939
1920 128 2047 255 5624 5724
2304 2816 2431 2943 8784 8884
128 4608 255 4735 6733 6833
1152 2304 1279 2431 3409 3509
3072 4096 3199 4223 8849 8949
3072 5248 3199 5375 3430 3530
512 5504 639 5631 3849 3949
384 2944 511 3071 4432 4532
640 3584 767 3711 3623 3723
3712 4224 3839 4351 3875 3975
1408 4864 1535 4991 7957 8057
2816 2816 2943 2943 6778 6878
3200 5120 3327 5247 5526 5626
3712 1536 3839 1663 4837 4937
2944 896 3071 1023 5708 5808
1280 1280 1407 1407 7615 7715
1152 3968 1279 4095 3566 3666
2688 2048 2815 2175 5380 5480
2944 3456 3071 3583 8957 9057
256 3200 383 3327 7114 7214
3840 128 3967 255 3511 3611
2176 3328 2303 3455 5543 5643
2432 3584 2559 3711 8373 8473
1024 896 1151 1023 5159 5259
1024 4864 1151 4991 7600 7700
0 4736 127 4863 4201 4301
2304 1408 2431 1535 7594 7694
256 5120 383 5247 5751 5851
1792 768 1919 895 6371 6471
2304 3968 2431 4095 8068 8168
3584 5376 3711 5503 4550 4650
1280 4864 1407 4991 8624 8724
2304 384 2431 511 3724 3824
1280 640 1407 767 3823 3923
3072 3968 3199 4095 8662 8762
128 4352 255 4479 3533 3633
3328 4864 3455 4991 5463 5563
3712 512 3839 639 3472 3572
1280 0 1407 127 4594 4694
3456 4736 3583 4863 5715 5815
1792 3712 1919 3839 5556 5656
1664 3968 1791 4095 5091 5191
768 4864 895 4991 5033 5133
128 3840 255 3967 7712 7812
256 4352 383 4479 8138 8238
512 768 639 895 7371 7471
3712 2944 3839 3071 7867 7967
768 1792 895 1919 8333 8433
1152 640 1279 767 5291 5391
3200 4992 3327 5119 3695 3795
384 1024 511 1151 6407 6507
2304 2560 2431 2687 5431 5531
1152 5632 1279 5759 5867 5967
3072 2944 3199 3071 7320 7420
1536 2816 1663 2943 7219 7319
3712 1792 3839 1919 4427 4527
3072 4992 3199 5119 4061 4161
1536 1024 1663 1151 5773 5873
256 384 383 511 8388 8488
1536 4096 1663 4223 7061 7161
512 4864 639 4991 6382 6482
1792 5632 1919 5759 5478 5578
896 512 1023 639 6646 6746
1024 5120 1151 5247 6735 6835
3840 2560 3967 2687 7511 7611
640 5632 767 5759 6268 6368
256 1280 383 1407 6897 6997
3328 4224 3455 4351 5514 5614
3328 3584 3455 3711 7949 8049
1664 2432 1791 2559 4031 4131
2048 1024 2175 1151 3769 3869
2560 5632 2687 5759 4466 4566
384 3968 511 4095 5751 5851
3456 5632 3583 5759 5432 5532
3840 1280 3967 1407 4718 4818
256 3584 383 3711 6429 6529
1280 256 1407 383 5343 5443
3200 1408 3327 1535 3545 3645
1024 1792 1151 1919 5722 5822
2304 3328 2431 3455 8843 8943
1280 3200 1407 3327 3869 3969
256 1152 383 1279 4669 4769
0 128 127 255 5234 5334
3840 1664 3967 1791 7945 8045
384 4480 511 4607 4529 4629
1024 512 1151 639 4993 5093
2944 1408 3071 1535 9001 9101
2432 1920 2559 2047 5219 5319
640 1152 767 1279 8975 9075
2816 5632 2943 5759 4260 4360
3456 4096 3583 4223 8910 9010
3328 4992 3455 5119 6317 6417
1536 1152 1663 1279 6368 6468
1536 2048 1663 2175 8096 8196
3200 1920 3327 2047 5592 5692
0 384 127 511 4839 4939
1792 5504 1919 5631 5324 5424
1152 5248 1279 5375 3449 3549
0 1792 127 1919 6982 7082
2688 5376 2815 5503 4234 4334
2944 4992 3071 5119 5689 5789
2304 256 2431 383 7380 7480
768 3200 895 3327 6909 7009
2688 2432 2815 2559 8070 8170
1664 1280 1791 1407 5352 5452
640 0 767 127 8256 8356
3200 4608 3327 4735 7039 7139
3456 2688 3583 2815 8904 9004
3456 4224 3583 4351 8430 8530
2560 1792 2687 1919 3722 3822
2432 5504 2559 5631 8707 8807
2560 4352 2687 4479 4839 4939
512 2176 639 2303 6600 6700
3072 4736 3199 4863 4901 5001
3072 5376 3199 5503 3744 3844
1280 4736 1407 4863 3670 3770
3072 2432 3199 2559 8103 8203
1024 0 1151 127 5285 5385
3840 512 3967 639 5518 5618
1664 5120 1791 5247 8039 8139
0 3968 127 4095 6175 6275
1408 1664 1535 1791 6968 7068
3328 2048 3455 2175 5316 5416
256 4224 383 4351 5083 5183
2176 2688 2303 2815 6024 6124
2432 768 2559 895 7538 7638
2816 2176 2943 2303 6551 6651
2048 4480 2175 4607 3889 3989
1280 768 1407 895 3527 3627
1664 2816 1791 2943 6073 6173
3584 128 3711 255 6332 6432
1536 896 1663 1023 5846 5946
1152 2048 1279 2175 4413 4513
640 256 767 383 4201 4301
0 896 127 1023 6456 6556
2176 384 2303 511 7975 8075
768 4096 895 4223 3417 3517
1920 1792 2047 1919 4455 4555
2048 256 2175 383 3750 3850
2048 4864 2175 4991 4387 4487
2816 2944 2943 3071 6386 6486
1408 5632 1535 5759 3418 3518
3072 1920 3199 2047 5855 5955
1536 4736 1663 4863 3947 4047
3456 256 3583 383 6528 6628
3584 3072 3711 3199 7808 7908
1920 1664 2047 1791 5826 5926
2688 4096 2815 4223 5592 5692
1152 4352 1279 4479 4053 4153
384 4224 511 4351 7973 8073
2304 4480 2431 4607 4591 4691
2560 3072 2687 3199 8437 8537
1408 1920 1535 2047 7482 7582
896 1792 1023 1919 8116 8216
256 3328 383 3455 4480 4580
1664 1920 1791 2047 6046 6146
1536 640 1663 767 6614 6714
3328 3328 3455 3455 3571 3671
640 1280 767 1407 6564 6664
256 3840 383 3967 8351 8451
1536 1280 1663 1407 6273 6373
3328 2688 3455 2815 3856 3956
3072 3200 3199 3327 5157 5257
3328 1792 3455 1919 8896 8996
512 5248 639 5375 4686 4786
2816 0 2943 127 4153 4253
1792 1408 1919 1535 3742 3842
2432 4096 2559 4223 6312 6412
256 2816 383 2943 6817 6917
2304 1792 2431 1919 4121 4221
1792 0 1919 127 7328 7428
512 2048 639 2175 4164 4264
512 3200 639 3327 4168 4268
1408 4096 1535 4223 4143 4243
3072 2816 3199 2943 6320 6420
640 768 767 895 8906 9006
2944 1664 3071 1791 4491 4591
512 2560 639 2687 8775 8875
0 1024 127 1151 5458 5558
1280 4480 1407 4607 6754 6854
1152 4096 1279 4223 3619 3719
1920 2304 2047 2431 8258 8358
2048 3968 2175 4095 6151 6251
1536 3840 1663 3967 3641 3741
1920 1408 2047 1535 7334 7434
3584 512 3711 639 8841 8941
2688 3584 2815 3711 6317 6417
3072 2304 3199 2431 6489 6589
3584 1792 3711 1919 4952 5052
128 2176 255 2303 5421 5521
768 896 895 1023 5800 5900
3072 1536 3199 1663 7855 7955
3072 3456 3199 3583 5907 6007
640 1920 767 2047 3497 3597
3840 1792 3967 1919 3622 3722
256 4096 383 4223 8802 8902
2304 1280 2431 1407 4279 4379
3456 640 3583 767 3993 4093
2944 4736 3071 4863 7655 7755
3200 128 3327 255 7725 7825
3072 4480 3199 4607 6323 6423
2560 3584 2687 3711 5943 6043
2944 3328 3071 3455 4429 4529
2560 1664 2687 1791 7121 7221
3072 640 3199 767 8296 8396
128 5376 255 5503 7378 7478
3456 1280 3583 1407 8567 8667
384 2432 511 2559 3747 3847
128 5504 255 5631 8693 8793
1408 4224 1535 4351 4985 5085
2176 3584 2303 3711 7130 7230
384 3584 511 3711 4853 4953
3328 1024 3455 1151 4203 4303
1280 3328 1407 3455 5822 5922
1792 1920 1919 2047 5123 5223
3200 3200 3327 3327 8166 8266
1024 256 1151 383 7203 7303
3328 3456 3455 3583 8069 8169
256 2688 383 2815 5615 5715
256 1024 383 1151 8784 8884
1536 3328 1663 3455 4451 4551
2944 128 3071 255 3955 4055
384 4736 511 4863 7599 7699
0 4608 127 4735 8567 8667
256 2432 383 2559 4081 4181
384 4992 511 5119 3761 3861
1664 3712 1791 3839 4240 4340
768 3456 895 3583 6569 6669
1152 3328 1279 3455 5963 6063
2176 2560 2303 2687 8524 8624
2048 1280 2175 1407 6835 6935
2560 1920 2687 2047 8916 9016
640 2304 767 2431 7008 7108
1408 3968 1535 4095 7893 7993
2944 3712 3071 3839 8577 8677
2816 2432 2943 2559 6264 6364
3072 2560 3199 2687 7812 7912
1152 2688 1279 2815 8104 8204
2432 4992 2559 5119 8220 8320
3712 2688 3839 2815 3376 3476
1920 384 2047 511 4049 4149
1152 5376 1279 5503 6311 6411
1920 5504 2047 5631 4858 4958
256 4480 383 4607 6461 6561
1536 768 1663 895 4673 4773
3712 2432 3839 2559 6611 6711
3840 3840 3967 3967 7167 7267
3840 640 3967 767 8505 8605
1920 2560 2047 2687 7220 7320
1152 4992 1279 5119 3743 3843
1152 4864 1279 4991 8249 8349
3072 768 3199 895 4211 4311
3456 768 3583 895 5907 6007
2304 3584 2431 3711 8389 8489
2944 5504 3071 5631 3738 3838
1792 5120 1919 5247 6618 6718
3072 4352 3199 4479 8779 8879
384 1280 511 1407 6188 6288
512 4224 639 4351 4147 4247
3712 128 3839 255 7283 7383
896 2816 1023 2943 5672 5772
2816 3456 2943 3583 7611 7711
3200 4224 3327 4351 7159 7259
2688 4608 2815 4735 5220 5320
1152 128 1279 255 8045 8145
640 1024 767 1151 6696 6796
1152 4480 1279 4607 8113 8213
1024 1408 1151 1535 8397 8497
512 1408 639 1535 5760 5860
2688 3968 2815 4095 7294 7394
2048 5248 2175 5375 8402 8502
3200 5632 3327 5759 8018 8118
384 640 511 767 6145 6245
256 896 383 1023 4221 4321
2048 1792 2175 1919 5439 5539
0 4992 127 5119 9027 9127
2944 2944 3071 3071 3372 3472
2176 4992 2303 5119 3566 3666
3584 2944 3711 3071 8492 8592
256 5376 383 5503 7221 7321
1920 3200 2047 3327 5518 5618
2432 3328 2559 3455 3612 3712
3712 2304 3839 2431 8062 8162
2944 2432 3071 2559 8055 8155
2560 5504 2687 5631 8630 8730
896 5504 1023 5631 4340 4440
0 4096 127 4223 7213 7313
1920 2176 2047 2303 4281 4381
3840 2944 3967 3071 7157 7257
128 896 255 1023 7989 8089
3584 384 3711 511 4104 4204
896 5120 1023 5247 5370 5470
1920 4736 2047 4863 8141 8241
2304 2688 2431 2815 7892 7992
384 5632 511 5759 7219 7319
640 640 767 767 8726 8826
1536 5376 1663 5503 7128 7228
2176 256 2303 383 7873 7973
2560 2560 2687 2687 8083 8183
768 1408 895 1535 3848 3948
2816 3712 2943 3839 7707 7807
1792 2304 1919 2431 9025 9125
2432 1792 2559 1919 4406 4506
640 2560 767 2687 6392 6492
384 256 511 383 4206 4306
2432 0 2559 127 6474 6574
768 2048 895 2175 6379 6479
1024 1920 1151 2047 4207 4307
2176 5248 2303 5375 8249 8349
896 3328 1023 3455 5831 5931
3200 4736 3327 4863 3969 4069
1280 2048 1407 2175 6308 6408
2688 2304 2815 2431 7652 7752
2944 2560 3071 2687 4571 4671
1024 2944 1151 3071 5323 5423
3456 4864 3583 4991 8823 8923
2944 0 3071 127 5540 5640
3584 4608 3711 4735 3496 3596
1920 4864 2047 4991 5644 5744
3328 5632 3455 5759 5238 5338
3456 2048 3583 2175 4025 4125
1408 5504 1535 5631 6377 6477
512 3456 639 3583 7237 7337
1408 3456 1535 3583 4706 4806
3840 4480 3967 4607 5229 5329
512 5120 639 5247 6996 7096
1920 512 2047 639 5972 6072
1024 768 1151 895 8986 9086
768 4352 895 4479 7409 7509
1408 384 1535 511 5015 5115
2176 896 2303 1023 5374 5474
2304 4864 2431 4991 6076 6176
2304 3072 2431 3199 5001 5101
0 0 127 127 6409 6509
896 2176 1023 2303 3428 3528
2816 5120 2943 5247 7416 7516
640 5376 767 5503 5423 5523
1024 1664 1151 1791 8016 8116
1152 0 1279 127 4164 4264
3840 4096 3967 4223 6212 6312
640 4352 767 4479 6387 6487
3328 512 3455 639 6342 6442
0 3584 127 3711 3480 3580
896 1664 1023 1791 5000 5100
384 2048 511 2175 7542 7642
512 512 639 639 7012 7112
1280 3712 1407 3839 4783 4883
1920 3072 2047 3199 4042 4142
2944 640 3071 767 8717 8817
0 2688 127 2815 7056 7156
1152 512 1279 639 5909 6009
1024 1536 1151 1663 3703 3803
3584 2048 3711 2175 4393 4493
1152 3072 1279 3199 5686 5786
1792 4224 1919 4351 6618 6718
3200 5376 3327 5503 7831 7931
1664 2560 1791 2687 5223 5323
3712 256 3839 383 3551 3651
1408 4608 1535 4735 3688 3788
3712 5248 3839 5375 3592 3692
1152 4736 1279 4863 6775 6875
2304 3456 2431 3583 5691 5791
1408 640 1535 767 7878 7978
2944 768 3071 895 4316 4416
0 3072 127 3199 4640 4740
2944 4352 3071 4479 3846 3946
2048 1408 2175 1535 8362 8462
1024 3328 1151 3455 6692 6792
256 1536 383 1663 8492 8592
2688 1024 2815 1151 5066 5166
1792 3456 1919 3583 3864 3964
384 1792 511 1919 7419 7519
2048 1920 2175 2047 8037 8137
1152 2816 1279 2943 5554 5654
1152 1536 1279 1663 3379 3479
3072 1152 3199 1279 6539 6639
2816 4480 2943 4607 3526 3626
0 1280 127 1407 6371 6471
3840 2432 3967 2559 8790 8890
2176 4096 2303 4223 8873 8973
3456 1664 3583 1791 5967 6067
128 1024 255 1151 7240 7340
640 384 767 511 5116 5216
1280 512 1407 639 8569 8669
3200 2816 3327 2943 3886 3986
3200 3072 3327 3199 4274 4374
2048 1664 2175 1791 7360 7460
896 4480 1023 4607 7318 7418
2560 2048 2687 2175 4454 4554
3200 2304 3327 2431 7677 7777
2304 4608 2431 4735 3451 3551
896 3200 1023 3327 3770 3870
1792 896 1919 1023 5908 6008
2176 4864 2303 4991 3869 3969
0 2944 127 3071 4715 4815
2176 768 2303 895 7177 7277
1152 3584 1279 3711 4344 4444
1920 0 2047 127 5617 5717
2944 4608 3071 4735 6409 6509
1920 5632 2047 5759 5376 5476
2816 2048 2943 2175 7312 7412
1408 1024 1535 1151 6903 7003
1792 512 1919 639 3756 3856
384 128 511 255 7889 7989
1792 2176 1919 2303 4997 5097
1664 4224 1791 4351 5344 5444
256 512 383 639 5388 5488
384 1920 511 2047 5152 5252
3200 3840 3327 3967 8345 8445
1664 4480 1791 4607 6719 6819
1664 4096 1791 4223 6565 6665
1536 2944 1663 3071 6852 6952
3072 2176 3199 2303 4919 5019
3840 3072 3967 3199 4221 4321
2304 2944 2431 3071 6382 6482
3840 3584 3967 3711 7014 7114
3840 0 3967 127 5125 5225
512 4992 639 5119 6282 6382
1664 2048 1791 2175 5293 5393
2304 1664 2431 1791 7788 7888
3584 1664 3711 1791 6500 6600
3200 4864 3327 4991 5373 5473
1792 640 1919 767 8187 8287
3584 4480 3711 4607 9037 9137
2560 256 2687 383 5871 5971
896 3456 1023 3583 5443 5543
2816 5248 2943 5375 8755 8855
1536 4480 1663 4607 8424 8524
3328 1408 3455 1535 7689 7789
384 5120 511 5247 6124 6224
3200 5504 3327 5631 4761 4861
3072 512 3199 639 7542 7642
256 1792 383 1919 5567 5667
2176 1536 2303 1663 6726 6826
3712 2048 3839 2175 7971 8071
1280 5504 1407 5631 7193 7293
2048 4224 2175 4351 4610 4710
2304 1152 2431 1279 5900 6000
1664 768 1791 895 4886 4986
0 768 127 895 3915 4015
2816 1792 2943 1919 3579 3679
768 2432 895 2559 8080 8180
2560 896 2687 1023 8977 9077
2816 3328 2943 3455 5127 5227
512 3968 639 4095 8931 9031
2048 5504 2175 5631 6319 6419
3712 4736 3839 4863 8770 8870
896 1408 1023 1535 6596 6696
2176 2816 2303 2943 5141 5241
2176 1152 2303 1279 5023 5123
128 1152 255 1279 5344 5444
128 4992 255 5119 8270 8370
1024 4992 1151 5119 8605 8705
768 1664 895 1791 6072 6172
1024 5632 1151 5759 4179 4279
2816 768 2943 895 7016 7116
384 1536 511 1663 8144 8244
1664 3328 1791 3455 3894 3994
2176 4480 2303 4607 6401 6501
1664 5376 1791 5503 8373 8473
2816 1280 2943 1407 8227 8327
2688 640 2815 767 3702 3802
1920 1920 2047 2047 8455 8555
1024 1024 1151 1151 4755 4855
0 3328 127 3455 8637 8737
2688 3840 2815 3967 7387 7487
2048 3328 2175 3455 4488 4588
640 4096 767 4223 4207 4307
1536 5632 1663 5759 4247 4347
2816 1024 2943 1151 6003 6103
2432 1536 2559 1663 6332 6432
128 5632 255 5759 4455 4555
2560 4096 2687 4223 5044 5144
2688 1536 2815 1663 6269 6369
640 5504 767 5631 6211 6311
3328 256 3455 383 6515 6615
1408 3200 1535 3327 5128 5228
2688 3072 2815 3199 7521 7621
3840 1024 3967 1151 4071 4171
512 384 639 511 6898 6998
256 2944 383 3071 3505 3605
256 1408 383 1535 7624 7724
0 1536 127 1663 6129 6229
2944 4224 3071 4351 4650 4750
1792 3072 1919 3199 4656 4756
1536 3712 1663 3839 8517 8617
3456 1920 3583 2047 8296 8396
1280 3840 1407 3967 5340 5440
3712 5376 3839 5503 4951 5051
0 5248 127 5375 7237 7337
3712 1920 3839 2047 4674 4774
1280 2176 1407 2303 4138 4238
1792 384 1919 511 7568 7668
384 5504 511 5631 5669 5769
640 4480 767 4607 7102 7202
2816 4864 2943 4991 8745 8845
384 384 511 511 4016 4116
1280 3968 1407 4095 8220 8320
2048 2048 2175 2175 3912 4012
384 2688 511 2815 6472 6572
256 256 383 383 5183 5283
3840 5504 3967 5631 6873 6973
2944 1152 3071 1279 7556 7656
3328 1152 3455 1279 8436 8536
1664 5248 1791 5375 5682 5782
1408 2432 1535 2559 6307 6407
128 4096 255 4223 7491 7591
1280 1024 1407 1151 7439 7539
0 1664 127 1791 4789 4889
1152 1024 1279 1151 4102 4202
2176 5632 2303 5759 5298 5398
1536 3072 1663 3199 6503 6603
3584 3968 3711 4095 8356 8456
2304 5248 2431 5375 3967 4067
3200 256 3327 383 3693 3793
2688 896 2815 1023 3972 4072
1536 2432 1663 2559 5024 5124
1920 4096 2047 4223 8618 8718
3840 5120 3967 5247 5942 6042
256 4864 383 4991 6604 6704
1536 2560 1663 2687 8395 8495
1664 1792 1791 1919 8825 8925
3200 896 3327 1023 8951 9051
1792 5248 1919 5375 8503 8603
768 5504 895 5631 5454 5554
2432 2176 2559 2303 7014 7114
2304 768 2431 895 8208 8308
2816 2560 2943 2687 6100 6200
2048 384 2175 511 7774 7874
128 128 255 255 4661 4761
2944 2304 3071 2431 5112 5212
1024 5376 1151 5503 5497 5597
3712 2560 3839 2687 8163 8263
896 5376 1023 5503 3629 3729
2688 5248 2815 5375 6474 6574
1408 4352 1535 4479 6386 6486
1152 1664 1279 1791 8145 8245
0 3840 127 3967 4925 5025
1408 1152 1535 1279 4785 4885
1792 1792 1919 1919 5474 5574
2816 2304 2943 2431 5657 5757
896 1536 1023 1663 8292 8392
2816 4736 2943 4863 4517 4617
768 3968 895 4095 4973 5073
2560 3712 2687 3839 4799 4899
1152 5120 1279 5247 4840 4940
3328 2816 3455 2943 7154 7254
1408 3712 1535 3839 8032 8132
3840 3328 3967 3455 5998 6098
2304 4096 2431 4223 5636 5736
2560 3968 2687 4095 5596 5696
2560 1408 2687 1535 5354 5454
1664 2176 1791 2303 5421 5521
2432 3840 2559 3967 7088 7188
2816 640 2943 767 6397 6497
3456 2176 3583 2303 3416 3516
3712 3200 3839 3327 5062 5162
3456 4480 3583 4607 5566 5666
3200 3712 3327 3839 7725 7825
2432 4864 2559 4991 5376 5476
1024 4096 1151 4223 6856 6956
1408 512 1535 639 3797 3897
512 3328 639 3455 7502 7602
2688 1792 2815 1919 7559 7659
2944 2048 3071 2175 4055 4155
512 1920 639 2047 6516 6616
2304 5632 2431 5759 4905 5005
1792 3968 1919 4095 4741 4841
1152 2432 1279 2559 8071 8171
128 3456 255 3583 7900 8000
1408 3584 1535 3711 8424 8524
2560 0 2687 127 6268 6368
2304 1024 2431 1151 8732 8832
768 384 895 511 3902 4002
896 4608 1023 4735 3781 3881
1536 2304 1663 2431 6072 6172
1408 1280 1535 1407 6951 7051
1152 2560 1279 2687 7564 7664
3328 128 3455 255 5064 5164
2688 1280 2815 1407 3909 4009
384 2304 511 2431 5741 5841
2816 3072 2943 3199 7290 7390
384 3072 511 3199 7472 7572
2688 3200 2815 3327 7791 7891
2048 4736 2175 4863 6918 7018
1536 0 1663 127 4830 4930
3328 5376 3455 5503 7836 7936
256 4992 383 5119 8609 8709
128 2560 255 2687 8605 8705
384 896 511 1023 6521 6621
3328 2432 3455 2559 6525 6625
256 4736 383 4863 6421 6521
2432 5248 2559 5375 6948 7048
1792 2816 1919 2943 6567 6667
2304 2176 2431 2303 6520 6620
2048 2816 2175 2943 3543 3643
0 4864 127 4991 4044 4144
2560 4480 2687 4607 3966 4066
256 2304 383 2431 6493 6593
1920 4608 2047 4735 8744 8844
2816 4352 2943 4479 8495 8595
1536 4992 1663 5119 5878 5978
3200 3584 3327 3711 7552 7652
2944 1024 3071 1151 4098 4198
896 4992 1023 5119 7989 8089
3840 3712 3967 3839 7962 8062
2560 5248 2687 5375 6799 6899
2432 2432 2559 2559 5900 6000
2560 2304 2687 2431 8066 8166
256 5504 383 5631 8493 8593
3712 4352 3839 4479 8018 8118
2048 2688 2175 2815 4767 4867
1664 640 1791 767 8323 8423
1152 5504 1279 5631 8031 8131
2688 2816 2815 2943 5099 5199
1536 4352 1663 4479 6201 6301
2688 4736 2815 4863 5401 5501
3584 256 3711 383 5475 5575
2944 5632 3071 5759 7350 7450
384 1152 511 1279 4966 5066
2432 3968 2559 4095 4537 4637
2048 2432 2175 2559 6415 6515
2176 1408 2303 1535 3927 4027
0 512 127 639 8114 8214
1664 256 1791 383 3942 4042
2048 768 2175 895 8656 8756
0 3456 127 3583 4197 4297
1536 3456 1663 3583 4615 4715
2688 5120 2815 5247 3582 3682
384 4352 511 4479 8900 9000
1920 1024 2047 1151 5899 5999
1408 256 1535 383 4617 4717
1920 5248 2047 5375 5738 5838
384 2560 511 2687 4411 4511
3456 3328 3583 3455 5345 5445
1408 4480 1535 4607 4687 4787
384 5248 511 5375 4913 5013
1664 4864 1791 4991 8773 8873
3584 2176 3711 2303 8796 8896
1792 3584 1919 3711 3940 4040
2432 1280 2559 1407 4137 4237
3072 3840 3199 3967 7774 7874
1664 1664 1791 1791 6916 7016
1792 2944 1919 3071 5000 5100
3200 640 3327 767 6765 6865
2560 3200 2687 3327 8644 8744
1024 384 1151 511 3741 3841
3456 3072 3583 3199 4706 4806
3712 3840 3839 3967 5080 5180
1024 5248 1151 5375 3631 3731
128 2304 255 2431 6301 6401
3584 2688 3711 2815 7826 7926
1536 3584 1663 3711 6675 6775
2560 768 2687 895 8437 8537
2560 4224 2687 4351 8480 8580
3840 5376 3967 5503 7247 7347
2560 3328 2687 3455 8054 8154
2560 5120 2687 5247 3637 3737
2816 3584 2943 3711 8491 8591
3840 2176 3967 2303 4176 4276
3456 4992 3583 5119 5077 5177
1280 4352 1407 4479 5351 5451
640 1408 767 1535 5423 5523
2816 1664 2943 1791 7444 7544
3200 1792 3327 1919 7971 8071
256 2560 383 2687 7397 7497
3584 2432 3711 2559 4671 4771
768 2816 895 2943 3845 3945
1920 5120 2047 5247 8710 8810
512 256 639 383 6007 6107
2944 4480 3071 4607 5994 6094
3456 1536 3583 1663 5388 5488
2816 512 2943 639 4742 4842
768 4992 895 5119 3870 3970
2176 3840 2303 3967 7017 7117
2688 1152 2815 1279 4047 4147
3840 1408 3967 1535 5055 5155
128 640 255 767 7388 7488
3584 1920 3711 2047 5383 5483
3072 4224 3199 4351 8344 8444
1280 1152 1407 1279 3559 3659
896 768 1023 895 4224 4324
512 3712 639 3839 7130 7230
1664 3584 1791 3711 6864 6964
3328 3712 3455 3839 5202 5302
640 2432 767 2559 6570 6670
1920 896 2047 1023 5071 5171
3328 2304 3455 2431 5796 5896
3456 5120 3583 5247 8416 8516
0 4352 127 4479 6102 6202
3072 1280 3199 1407 6601 6701
3072 4864 3199 4991 4454 4554
3840 1920 3967 2047 8082 8182
896 5632 1023 5759 8653 8753
0 5376 127 5503 4438 4538
640 896 767 1023 8594 8694
2048 4608 2175 4735 8590 8690
1664 2944 1791 3071 7319 7419
896 1024 1023 1151 3399 3499
3584 4736 3711 4863 8261 8361
3200 512 3327 639 4286 4386
3456 128 3583 255 6022 6122
2432 5632 2559 5759 4609 4709
2048 896 2175 1023 7237 7337
3584 4224 3711 4351 8101 8201
1920 3840 2047 3967 4166 4266
2560 512 2687 639 3825 3925
3072 0 3199 127 5696 5796
1408 3072 1535 3199 4094 4194
2176 3712 2303 3839 7417 7517
3712 3072 3839 3199 5000 5100
3328 896 3455 1023 4283 4383
128 3712 255 3839 4181 4281
3200 2944 3327 3071 8759 8859
0 1408 127 1535 7776 7876
640 2688 767 2815 6012 6112
512 4608 639 4735 7869 7969
3840 2816 3967 2943 5387 5487
896 2304 1023 2431 4348 4448
896 0 1023 127 7246 7346
3712 2816 3839 2943 8118 8218
3584 3456 3711 3583 7579 7679
640 3712 767 3839 4240 4340
3200 1152 3327 1279 7161 7261
3456 512 3583 639 8772 8872
1024 640 1151 767 5307 5407
256 4608 383 4735 6715 6815
2176 1792 2303 1919 8323 8423
2432 1152 2559 1279 5166 5266
2944 4096 3071 4223 8323 8423
3328 4736 3455 4863 3455 3555
2432 2944 2559 3071 6082 6182
3712 1408 3839 1535 6885 6985
1536 3968 1663 4095 4693 4793
3456 2816 3583 2943 5859 5959
2560 5376 2687 5503 7526 7626
1024 2432 1151 2559 7068 7168
2560 4608 2687 4735 6313 6413
2944 2176 3071 2303 4183 4283
256 3456 383 3583 7792 7892
3328 4608 3455 4735 4690 4790
128 512 255 639 5812 5912
768 2560 895 2687 4615 4715
2432 512 2559 639 5501 5601
2304 640 2431 767 7112 7212
512 128 639 255 9020 9120
2432 3712 2559 3839 4053 4153
896 4864 1023 4991 7521 7621
3456 5248 3583 5375 5367 5467
3584 2560 3711 2687 5031 5131
512 1792 639 1919 5727 5827
1152 1280 1279 1407 4445 4545
3584 3200 3711 3327 5150 5250
1792 4608 1919 4735 8176 8276
1536 5248 1663 5375 4146 4246
1024 2560 1151 2687 4882 4982
3584 640 3711 767 6024 6124
1024 3072 1151 3199 3401 3501
128 4480 255 4607 4165 4265
3456 3456 3583 3583 7819 7919
2560 2688 2687 2815 4264 4364
0 1920 127 2047 5829 5929
2560 384 2687 511 6441 6541
3200 2432 3327 2559 7778 7878
2048 128 2175 255 7151 7251
896 640 1023 767 8930 9030
1664 5632 1791 5759 7845 7945
3712 4992 3839 5119 6760 6860
768 2944 895 3071 6203 6303
2432 384 2559 511 8657 8757
1664 5504 1791 5631 7092 7192
128 5248 255 5375 3434 3534
384 3840 511 3967 5429 5529
1408 4992 1535 5119 8336 8436
1024 3200 1151 3327 7144 7244
768 2176 895 2303 5081 5181
2048 3584 2175 3711 4227 4327
1920 2816 2047 2943 7826 7926
512 4096 639 4223 3563 3663
2176 1280 2303 1407 6223 6323
1024 2304 1151 2431 3817 3917
896 896 1023 1023 7499 7599
3712 0 3839 127 8877 8977
1408 5376 1535 5503 7176 7276
2048 4352 2175 4479 6636 6736
1536 4224 1663 4351 5564 5664
3200 2048 3327 2175 8688 8788
2688 4224 2815 4351 3620 3720
896 2432 1023 2559 7174 7274
768 2304 895 2431 5393 5493
2688 512 2815 639 8068 8168
3200 2688 3327 2815 3979 4079
2304 2304 2431 2431 7852 7952
3456 3840 3583 3967 5470 5570
2688 256 2815 383 4297 4397
2432 128 2559 255 7543 7643
768 5376 895 5503 6940 7040
3456 1408 3583 1535 8771 8871
896 2560 1023 2687 5263 5363
1024 4352 1151 4479 4103 4203
768 640 895 767 8388 8488
1792 3200 1919 3327 8984 9084
2688 4480 2815 4607 5746 5846
2304 3840 2431 3967 6358 6458
2560 2816 2687 2943 4191 4291
2176 1024 2303 1151 3850 3950
1024 4736 1151 4863 8068 8168
1664 896 1791 1023 5047 5147
768 3584 895 3711 8306 8406
1536 512 1663 639 8260 8360
512 4352 639 4479 3810 3910
1664 4736 1791 4863 4663 4763
1920 2432 2047 2559 8300 8400
384 5376 511 5503 3648 3748
1280 2944 1407 3071 8469 8569
1920 768 2047 895 5896 5996
3328 1536 3455 1663 7421 7521
2560 4992 2687 5119 4028 4128
2560 3456 2687 3583 6145 6245
3328 1664 3455 1791 7135 7235
1280 4992 1407 5119 6050 6150
3840 1152 3967 1279 6753 6853
2176 3072 2303 3199 7743 7843
896 2944 1023 3071 4862 4962
1536 4608 1663 4735 4763 4863
3712 1024 3839 1151 8670 8770
2944 3840 3071 3967 4946 5046
2816 1152 2943 1279 8332 8432
640 2048 767 2175 8401 8501
2560 3840 2687 3967 8418 8518
3072 3712 3199 3839 4976 5076
3840 4352 3967 4479 7750 7850
2816 256 2943 383 8363 8463
2176 128 2303 255 7351 7451
640 2816 767 2943 6648 6748
3840 5248 3967 5375 3514 3614
3840 256 3967 383 7831 7931
2048 5376 2175 5503 5676 5776
3584 2816 3711 2943 6771 6871
1280 2688 1407 2815 8677 8777
128 3584 255 3711 6477 6577
2816 1408 2943 1535 7210 7310
1920 3584 2047 3711 5880 5980
1152 256 1279 383 5737 5837
1024 4608 1151 4735 3398 3498
2048 1152 2175 1279 6889 6989
1408 2176 1535 2303 8262 8362
3584 3584 3711 3711 7448 7548
1920 1280 2047 1407 7546 7646
0 1152 127 1279 6947 7047
2176 3200 2303 3327 5544 5644
2432 2816 2559 2943 6137 6237
2816 5376 2943 5503 6240 6340
3072 384 3199 511 5827 5927
0 2176 127 2303 3539 3639
2176 5504 2303 5631 7633 7733
