330
1280 0 1535 255 4262 8262
3328 1024 3583 1279 3508 7508
0 2816 255 3071 4996 8996
768 768 1023 1023 5050 9050
2304 2816 2559 3071 4846 8846
1536 2560 1791 2815 3817 7817
0 4352 255 4607 3439 7439
3328 1792 3583 2047 4812 8812
1792 2560 2047 2815 4011 8011
1024 3328 1279 3583 4160 8160
1280 1280 1535 1535 5098 9098
3584 3584 3839 3839 3657 7657
1024 5120 1279 5375 3841 7841
0 512 255 767 4775 8775
768 2304 1023 2559 4489 8489
3072 4352 3327 4607 4088 8088
512 3840 767 4095 4747 8747
1792 3072 2047 3327 5067 9067
1536 5376 1791 5631 3605 7605
1280 1536 1535 1791 5068 9068
1536 2816 1791 3071 5135 9135
3584 5376 3839 5631 3680 7680
512 3328 767 3583 4588 8588
1536 256 1791 511 4693 8693
1792 3840 2047 4095 4778 8778
2048 4096 2303 4351 4296 8296
256 1280 511 1535 3421 7421
3072 2816 3327 3071 3926 7926
1024 4096 1279 4351 4381 8381
2304 3840 2559 4095 4380 8380
256 2048 511 2303 4156 8156
1024 2048 1279 2303 4481 8481
3072 2304 3327 2559 3727 7727
3328 512 3583 767 4012 8012
2816 2560 3071 2815 3600 7600
1280 1024 1535 1279 4411 8411
768 1280 1023 1535 3667 7667
3584 4608 3839 4863 3669 7669
2304 768 2559 1023 4083 8083
3072 4096 3327 4351 4308 8308
768 0 1023 255 3667 7667
2560 1792 2815 2047 4041 8041
2560 1536 2815 1791 3803 7803
768 3328 1023 3583 4137 8137
2816 4352 3071 4607 4655 8655
2048 0 2303 255 4921 8921
1024 4608 1279 4863 4855 8855
0 0 255 255 4262 8262
3584 5120 3839 5375 4057 8057
3072 1536 3327 1791 5089 9089
2048 1536 2303 1791 4190 8190
1792 2816 2047 3071 5030 9030
1792 2304 2047 2559 4607 8607
256 5376 511 5631 3639 7639
0 4096 255 4351 4584 8584
2304 1024 2559 1279 3454 7454
512 1280 767 1535 3773 7773
1024 4352 1279 4607 4634 8634
1536 4352 1791 4607 4987 8987
3584 2560 3839 2815 3992 7992
1792 4352 2047 4607 4852 8852
2816 1792 3071 2047 4003 8003
1536 2304 1791 2559 5102 9102
2560 4352 2815 4607 3439 7439
512 2304 767 2559 3853 7853
3072 4608 3327 4863 4541 8541
0 2048 255 2303 3689 7689
256 2816 511 3071 4150 8150
1792 3584 2047 3839 4839 8839
3584 512 3839 767 4401 8401
256 768 511 1023 4296 8296
3584 768 3839 1023 4344 8344
2048 5120 2303 5375 4281 8281
256 2304 511 2559 4728 8728
768 4096 1023 4351 5111 9111
2304 3584 2559 3839 3796 7796
2816 1280 3071 1535 3719 7719
2560 2816 2815 3071 4035 8035
2816 3328 3071 3583 4687 8687
3328 256 3583 511 4405 8405
256 256 511 511 4962 8962
1280 3072 1535 3327 4716 8716
768 2816 1023 3071 4296 8296
0 4864 255 5119 4430 8430
1280 4096 1535 4351 4193 8193
512 0 767 255 4718 8718
1280 2560 1535 2815 4513 8513
1280 5376 1535 5631 3804 7804
2048 4608 2303 4863 3421 7421
0 256 255 511 4361 8361
2560 4608 2815 4863 4426 8426
3072 0 3327 255 4902 8902
0 1024 255 1279 4202 8202
2304 5120 2559 5375 4388 8388
1792 768 2047 1023 4180 8180
0 1280 255 1535 4685 8685
2560 1280 2815 1535 3789 7789
2048 4352 2303 4607 4498 8498
1792 256 2047 511 3695 7695
2048 768 2303 1023 4466 8466
3072 256 3327 511 4737 8737
2560 3072 2815 3327 3829 7829
2048 1024 2303 1279 3671 7671
2816 1536 3071 1791 3878 7878
1536 2048 1791 2303 3417 7417
2816 2304 3071 2559 4620 8620
2048 3072 2303 3327 3512 7512
0 2560 255 2815 4743 8743
2560 768 2815 1023 3515 7515
1280 768 1535 1023 4038 8038
1024 1024 1279 1279 4009 8009
512 1024 767 1279 5106 9106
512 4352 767 4607 3614 7614
1280 4352 1535 4607 4143 8143
2048 3584 2303 3839 3605 7605
768 256 1023 511 3645 7645
2816 5376 3071 5631 3721 7721
1280 3584 1535 3839 3957 7957
512 4864 767 5119 4078 8078
2816 256 3071 511 3771 7771
1792 1024 2047 1279 4156 8156
1792 1280 2047 1535 5133 9133
768 2048 1023 2303 4511 8511
3584 4352 3839 4607 4987 8987
1536 4864 1791 5119 3591 7591
2048 3840 2303 4095 3551 7551
2304 512 2559 767 4532 8532
2304 1280 2559 1535 4987 8987
3328 2816 3583 3071 4678 8678
3584 256 3839 511 4065 8065
3328 3840 3583 4095 4314 8314
1280 3840 1535 4095 4276 8276
3328 4864 3583 5119 4523 8523
2304 1536 2559 1791 3823 7823
2048 2816 2303 3071 3992 7992
512 1536 767 1791 3779 7779
3328 3584 3583 3839 4281 8281
3072 4864 3327 5119 4134 8134
2816 512 3071 767 3382 7382
1792 4096 2047 4351 4425 8425
1280 2048 1535 2303 4801 8801
2304 1792 2559 2047 4998 8998
2048 1280 2303 1535 3600 7600
1792 0 2047 255 4253 8253
512 512 767 767 4001 8001
0 3072 255 3327 3835 7835
1024 2816 1279 3071 4527 8527
2560 4096 2815 4351 3560 7560
2560 5120 2815 5375 3630 7630
1536 3840 1791 4095 4443 8443
2560 3328 2815 3583 3960 7960
1792 4608 2047 4863 4415 8415
3072 512 3327 767 4437 8437
256 2560 511 2815 5101 9101
2304 3072 2559 3327 4262 8262
1792 1792 2047 2047 3866 7866
1792 512 2047 767 4490 8490
2048 512 2303 767 4633 8633
2560 256 2815 511 3713 7713
768 3072 1023 3327 4029 8029
768 4864 1023 5119 3558 7558
1536 768 1791 1023 3865 7865
1536 3328 1791 3583 4143 8143
512 2048 767 2303 3920 7920
2304 3328 2559 3583 4317 8317
256 1536 511 1791 4764 8764
3072 3072 3327 3327 3537 7537
256 4864 511 5119 3458 7458
256 3840 511 4095 4736 8736
0 3584 255 3839 4526 8526
256 0 511 255 3721 7721
256 1792 511 2047 4397 8397
256 3072 511 3327 4385 8385
2048 2304 2303 2559 3951 7951
2816 2048 3071 2303 4488 8488
256 3584 511 3839 4224 8224
3584 3072 3839 3327 3624 7624
3072 1024 3327 1279 3875 7875
2048 4864 2303 5119 4414 8414
1536 3072 1791 3327 3883 7883
512 5120 767 5375 4948 8948
2560 3840 2815 4095 4212 8212
3328 2304 3583 2559 4927 8927
2816 0 3071 255 3454 7454
2304 4864 2559 5119 4173 8173
2560 0 2815 255 5027 9027
1280 2816 1535 3071 3949 7949
1024 1536 1279 1791 3524 7524
3072 3584 3327 3839 4520 8520
3072 2048 3327 2303 4291 8291
2304 2304 2559 2559 3391 7391
1280 3328 1535 3583 3917 7917
1536 4608 1791 4863 4786 8786
3328 2048 3583 2303 4163 8163
1024 2304 1279 2559 3675 7675
2304 2560 2559 2815 4941 8941
768 1024 1023 1279 4765 8765
768 4608 1023 4863 3841 7841
2048 2560 2303 2815 4238 8238
0 1536 255 1791 4362 8362
2560 1024 2815 1279 4996 8996
0 2304 255 2559 3797 7797
512 4096 767 4351 4597 8597
1792 5376 2047 5631 3450 7450
1792 2048 2047 2303 3586 7586
1280 4608 1535 4863 3946 7946
1280 4864 1535 5119 4304 8304
768 5376 1023 5631 3839 7839
1536 1280 1791 1535 3659 7659
3328 768 3583 1023 4556 8556
2816 4864 3071 5119 3560 7560
256 1024 511 1279 4445 8445
2560 5376 2815 5631 3628 7628
3072 3840 3327 4095 4325 8325
2816 768 3071 1023 3737 7737
1536 1536 1791 1791 3640 7640
768 1536 1023 1791 3422 7422
512 256 767 511 4315 8315
3328 4096 3583 4351 4771 8771
3584 4864 3839 5119 4571 8571
3072 3328 3327 3583 4445 8445
1024 1280 1279 1535 4000 8000
3328 4608 3583 4863 4326 8326
768 4352 1023 4607 5069 9069
1792 1536 2047 1791 4001 8001
2304 0 2559 255 4630 8630
1024 3840 1279 4095 4079 8079
768 3584 1023 3839 3626 7626
768 2560 1023 2815 4309 8309
768 1792 1023 2047 4155 8155
1792 3328 2047 3583 3826 7826
3328 1280 3583 1535 3375 7375
2304 4352 2559 4607 4582 8582
2304 5376 2559 5631 4262 8262
1280 2304 1535 2559 3454 7454
2816 3584 3071 3839 4797 8797
2048 5376 2303 5631 4837 8837
2048 2048 2303 2303 3596 7596
2560 512 2815 767 4475 8475
1792 5120 2047 5375 4334 8334
2816 3072 3071 3327 4781 8781
2304 4096 2559 4351 3873 7873
1280 512 1535 767 4618 8618
2304 2048 2559 2303 4248 8248
2816 5120 3071 5375 4828 8828
512 768 767 1023 4984 8984
2304 4608 2559 4863 3726 7726
1280 256 1535 511 4879 8879
1536 4096 1791 4351 4160 8160
3584 0 3839 255 5126 9126
2560 2304 2815 2559 3519 7519
1024 3072 1279 3327 4443 8443
1280 5120 1535 5375 3986 7986
3584 3840 3839 4095 4475 8475
3584 1024 3839 1279 4372 8372
3328 1536 3583 1791 4616 8616
256 3328 511 3583 4943 8943
3328 5120 3583 5375 4289 8289
512 3584 767 3839 4080 8080
3328 2560 3583 2815 5091 9091
256 5120 511 5375 5074 9074
1024 768 1279 1023 4536 8536
3584 2816 3839 3071 5095 9095
256 4608 511 4863 4516 8516
3072 1792 3327 2047 3658 7658
0 1792 255 2047 4387 8387
1536 512 1791 767 3382 7382
3584 1792 3839 2047 4333 8333
2816 2816 3071 3071 4613 8613
256 4096 511 4351 4486 8486
2560 2560 2815 2815 4505 8505
1024 1792 1279 2047 3463 7463
3584 4096 3839 4351 4989 8989
0 3328 255 3583 3983 7983
2048 1792 2303 2047 3549 7549
1536 1024 1791 1279 3886 7886
3584 1280 3839 1535 3828 7828
3328 5376 3583 5631 3904 7904
2560 4864 2815 5119 4603 8603
2816 4096 3071 4351 3826 7826
3584 3328 3839 3583 4868 8868
512 3072 767 3327 4751 8751
2560 2048 2815 2303 4898 8898
1536 3584 1791 3839 4692 8692
3584 2304 3839 2559 5064 9064
2816 3840 3071 4095 5108 9108
1024 3584 1279 3839 3377 7377
1280 1792 1535 2047 4077 8077
768 512 1023 767 3466 7466
2560 3584 2815 3839 4087 8087
512 1792 767 2047 4028 8028
1024 4864 1279 5119 3400 7400
1024 512 1279 767 4461 8461
3328 3072 3583 3327 4961 8961
3584 2048 3839 2303 3754 7754
1024 0 1279 255 3957 7957
1024 256 1279 511 4208 8208
2304 256 2559 511 4744 8744
1024 5376 1279 5631 4128 8128
2048 3328 2303 3583 4659 8659
512 4608 767 4863 4090 8090
0 768 255 1023 3493 7493
0 5376 255 5631 4752 8752
3072 768 3327 1023 4917 8917
3072 1280 3327 1535 4106 8106
2816 1024 3071 1279 4139 8139
1536 5120 1791 5375 4641 8641
1792 4864 2047 5119 3772 7772
3072 2560 3327 2815 4673 8673
256 512 511 767 4104 8104
0 3840 255 4095 4227 8227
2048 256 2303 511 3610 7610
3072 5120 3327 5375 4694 8694
0 4608 255 4863 4963 8963
3328 0 3583 255 4932 8932
768 3840 1023 4095 4618 8618
512 5376 767 5631 4140 8140
3328 3328 3583 3583 4938 8938
1536 0 1791 255 4533 8533
1024 2560 1279 2815 4235 8235
3328 4352 3583 4607 4863 8863
1536 1792 1791 2047 3421 7421
256 4352 511 4607 3474 7474
512 2816 767 3071 4184 8184
0 5120 255 5375 5011 9011
512 2560 767 2815 4835 8835
3584 1536 3839 1791 3979 7979
2816 4608 3071 4863 5058 9058
3072 5376 3327 5631 4439 8439
768 5120 1023 5375 4736 8736
