1000
5224 3138 5234 3148 7321 7821
1371 3207 1381 3217 8406 8906
3392 1789 3402 1799 6801 7301
4156 3571 4166 3581 4808 5308
2690 2336 2700 2346 8226 8726
563 1088 573 1098 5320 5820
5252 1896 5262 1906 6707 7207
559 1274 569 1284 8283 8783
1059 666 1069 676 7246 7746
1546 2509 1556 2519 5742 6242
45 439 55 449 6827 7327
60 55 70 65 5293 5793
5154 1590 5164 1600 6811 7311
4315 3599 4325 3609 7087 7587
3961 3141 3971 3151 8391 8891
881 618 891 628 4706 5206
1299 1925 1309 1935 7174 7674
5170 1915 5180 1925 7027 7527
2598 1857 2608 1867 6115 6615
3549 1829 3559 1839 6419 6919
3987 2634 3997 2644 8199 8699
985 2752 995 2762 7344 7844
2491 745 2501 755 7320 7820
2916 2099 2926 2109 5057 5557
1025 1238 1035 1248 3915 4415
570 2232 580 2242 6469 6969
3424 1030 3434 1040 7979 8479
3029 1443 3039 1453 6807 7307
949 403 959 413 6477 6977
3274 640 3284 650 4193 4693
4103 2624 4113 2634 7912 8412
4980 3125 4990 3135 5776 6276
2974 3737 2984 3747 5408 5908
5158 3871 5168 3881 5064 5564
345 3108 355 3118 3595 4095
4418 1407 4428 1417 8443 8943
2598 3847 2608 3857 8431 8931
1667 1965 1677 1975 6895 7395
2183 1028 2193 1038 6162 6662
3056 3314 3066 3324 4837 5337
0 975 10 985 5291 5791
4723 53 4733 63 8300 8800
3472 2982 3482 2992 8023 8523
1401 2606 1411 2616 7807 8307
2827 147 2837 157 6194 6694
3728 1125 3738 1135 8204 8704
2835 1402 2845 1412 7316 7816
3598 2905 3608 2915 4746 5246
5357 3558 5367 3568 6738 7238
4257 1226 4267 1236 8179 8679
168 2581 178 2591 6848 7348
756 3038 766 3048 7669 8169
1175 595 1185 605 6664 7164
3918 3979 3928 3989 5194 5694
1766 940 1776 950 4946 5446
3728 3075 3738 3085 6464 6964
2390 3871 2400 3881 7673 8173
1178 368 1188 378 5230 5730
969 3604 979 3614 5347 5847
562 2011 572 2021 5768 6268
1702 3447 1712 3457 7410 7910
2041 941 2051 951 4276 4776
5029 846 5039 856 6722 7222
1357 3672 1367 3682 6247 6747
485 2168 495 2178 4545 5045
4287 204 4297 214 4616 5116
1841 801 1851 811 3488 3988
3104 3816 3114 3826 3727 4227
3912 855 3922 865 3590 4090
4299 3305 4309 3315 5868 6368
5168 131 5178 141 6852 7352
4370 289 4380 299 8463 8963
2946 1456 2956 1466 7679 8179
68 2623 78 2633 3978 4478
1438 1642 1448 1652 7067 7567
1901 1037 1911 1047 6643 7143
5186 3548 5196 3558 4858 5358
3995 218 4005 228 8434 8934
396 1935 406 1945 5528 6028
1277 1897 1287 1907 4774 5274
5064 1330 5074 1340 8395 8895
263 439 273 449 4155 4655
2972 2262 2982 2272 6796 7296
2705 1025 2715 1035 6581 7081
1228 2322 1238 2332 7920 8420
308 3102 318 3112 7119 7619
3673 74 3683 84 4684 5184
3580 1099 3590 1109 4919 5419
5510 1791 5520 1801 4507 5007
2450 1765 2460 1775 8013 8513
4472 3030 4482 3040 7296 7796
1617 2667 1627 2677 6491 6991
5437 852 5447 862 3820 4320
3468 3187 3478 3197 5318 5818
747 608 757 618 8592 9092
3590 3265 3600 3275 6960 7460
2471 1003 2481 1013 4350 4850
3534 2606 3544 2616 3465 3965
3430 1530 3440 1540 4757 5257
4541 246 4551 256 5763 6263
1035 445 1045 455 3807 4307
3910 1495 3920 1505 5052 5552
3723 2071 3733 2081 3956 4456
4951 2866 4961 2876 7604 8104
300 2512 310 2522 3480 3980
4401 1037 4411 1047 8403 8903
3812 330 3822 340 4666 5166
1569 710 1579 720 6879 7379
5347 20 5357 30 4395 4895
1729 1809 1739 1819 4545 5045
3656 3219 3666 3229 3557 4057
4529 2353 4539 2363 3870 4370
2461 2878 2471 2888 3584 4084
424 1452 434 1462 3539 4039
1124 3091 1134 3101 7038 7538
3638 3748 3648 3758 7999 8499
4593 2535 4603 2545 7581 8081
3360 1140 3370 1150 7099 7599
5672 662 5682 672 5514 6014
3225 2892 3235 2902 3961 4461
4300 851 4310 861 4497 4997
1708 3937 1718 3947 5778 6278
4426 467 4436 477 8337 8837
4699 1653 4709 1663 4673 5173
5373 1936 5383 1946 4683 5183
5045 312 5055 322 5734 6234
3625 3274 3635 3284 6146 6646
1432 2230 1442 2240 6898 7398
5682 3013 5692 3023 5497 5997
161 1549 171 1559 5916 6416
3222 1312 3232 1322 5374 5874
2089 1135 2099 1145 6988 7488
2199 2512 2209 2522 4490 4990
5748 3524 5758 3534 3827 4327
1723 2283 1733 2293 6647 7147
2085 3680 2095 3690 5108 5608
5406 6 5416 16 6923 7423
3834 336 3844 346 8215 8715
4771 628 4781 638 7127 7627
5580 3278 5590 3288 7461 7961
3690 3727 3700 3737 5027 5527
4908 2818 4918 2828 5470 5970
3629 2904 3639 2914 3926 4426
4465 494 4475 504 8559 9059
3540 3410 3550 3420 6412 6912
5657 3621 5667 3631 3740 4240
1263 3260 1273 3270 5265 5765
3841 108 3851 118 7247 7747
5711 911 5721 921 5558 6058
261 3103 271 3113 4929 5429
2378 67 2388 77 8632 9132
4701 1401 4711 1411 4669 5169
955 2297 965 2307 8571 9071
5079 3223 5089 3233 4325 4825
597 1840 607 1850 6358 6858
244 85 254 95 5538 6038
3234 3875 3244 3885 4230 4730
1530 522 1540 532 5304 5804
2396 1850 2406 1860 7019 7519
3531 1278 3541 1288 6231 6731
5098 1204 5108 1214 8169 8669
2336 1328 2346 1338 6980 7480
1014 2785 1024 2795 6185 6685
5484 104 5494 114 4413 4913
5529 2414 5539 2424 7388 7888
2872 3255 2882 3265 5167 5667
5431 700 5441 710 7438 7938
1117 362 1127 372 7310 7810
1126 2576 1136 2586 4264 4764
718 1602 728 1612 7420 7920
5472 3096 5482 3106 5060 5560
3116 426 3126 436 6791 7291
4389 402 4399 412 6763 7263
1257 1173 1267 1183 8212 8712
4017 3234 4027 3244 8471 8971
245 2013 255 2023 7899 8399
3580 2746 3590 2756 4279 4779
1472 2325 1482 2335 4869 5369
3595 857 3605 867 5593 6093
5526 869 5536 879 3465 3965
3847 3087 3857 3097 7899 8399
2465 3586 2475 3596 5764 6264
3931 1392 3941 1402 3625 4125
3369 2793 3379 2803 4097 4597
27 2267 37 2277 8134 8634
1863 40 1873 50 8185 8685
5440 1802 5450 1812 3831 4331
2332 3447 2342 3457 6563 7063
3580 3119 3590 3129 5096 5596
2069 1055 2079 1065 8442 8942
2860 147 2870 157 6240 6740
5219 836 5229 846 6067 6567
3500 2838 3510 2848 6168 6668
4550 191 4560 201 4182 4682
1567 1746 1577 1756 3835 4335
4384 408 4394 418 6460 6960
5739 195 5749 205 3412 3912
1552 1046 1562 1056 6612 7112
2453 1707 2463 1717 4289 4789
1585 2 1595 12 5192 5692
5497 1523 5507 1533 5514 6014
19 3762 29 3772 4357 4857
5759 777 5769 787 5142 5642
1631 2567 1641 2577 8578 9078
555 2323 565 2333 6476 6976
2246 901 2256 911 3937 4437
3268 2692 3278 2702 8171 8671
1370 83 1380 93 6867 7367
1706 1005 1716 1015 6886 7386
5718 2324 5728 2334 7863 8363
5743 919 5753 929 4624 5124
5004 3104 5014 3114 6966 7466
2288 2107 2298 2117 4157 4657
5206 83 5216 93 7085 7585
5466 1441 5476 1451 5937 6437
943 2079 953 2089 5478 5978
5164 2038 5174 2048 5253 5753
244 743 254 753 5817 6317
1707 1642 1717 1652 7681 8181
1471 3863 1481 3873 7300 7800
1607 2092 1617 2102 7160 7660
2822 467 2832 477 7542 8042
2355 3054 2365 3064 5874 6374
3705 3093 3715 3103 7635 8135
5591 14 5601 24 5780 6280
5280 1931 5290 1941 3456 3956
3474 2883 3484 2893 6339 6839
83 689 93 699 4027 4527
338 386 348 396 5031 5531
4541 3681 4551 3691 7586 8086
4767 1832 4777 1842 5659 6159
2211 1116 2221 1126 4075 4575
2723 2154 2733 2164 6503 7003
4080 119 4090 129 6762 7262
554 3183 564 3193 4885 5385
59 2548 69 2558 3979 4479
4843 3869 4853 3879 4704 5204
2830 3469 2840 3479 6497 6997
601 669 611 679 7680 8180
4164 2842 4174 2852 6594 7094
3272 1955 3282 1965 7636 8136
3670 1302 3680 1312 4300 4800
4530 849 4540 859 7941 8441
3839 1087 3849 1097 6316 6816
972 3715 982 3725 5821 6321
1396 578 1406 588 3658 4158
223 973 233 983 4713 5213
2617 570 2627 580 8280 8780
4520 114 4530 124 6173 6673
5488 2860 5498 2870 5479 5979
3313 3075 3323 3085 4763 5263
3281 475 3291 485 5323 5823
233 1132 243 1142 5966 6466
4506 118 4516 128 6607 7107
1690 527 1700 537 3559 4059
1678 3986 1688 3996 7279 7779
3920 2069 3930 2079 4536 5036
5437 34 5447 44 6345 6845
1103 186 1113 196 8093 8593
145 2909 155 2919 6172 6672
5576 1527 5586 1537 4797 5297
2518 1863 2528 1873 6352 6852
2695 2656 2705 2666 3589 4089
848 2069 858 2079 7688 8188
1058 221 1068 231 3549 4049
3878 1910 3888 1920 5908 6408
1386 1701 1396 1711 4930 5430
4256 3465 4266 3475 4534 5034
1505 310 1515 320 7941 8441
5398 2503 5408 2513 6241 6741
2604 3289 2614 3299 5339 5839
2228 3860 2238 3870 4325 4825
5789 3906 5799 3916 4035 4535
323 1134 333 1144 6545 7045
5011 624 5021 634 4264 4764
1183 2100 1193 2110 7496 7996
1896 3763 1906 3773 3500 4000
1543 218 1553 228 4156 4656
590 18 600 28 3834 4334
1408 2513 1418 2523 5336 5836
1502 2581 1512 2591 8279 8779
505 922 515 932 3422 3922
5379 387 5389 397 8620 9120
1015 1346 1025 1356 5391 5891
5109 689 5119 699 7509 8009
1858 3786 1868 3796 7308 7808
924 1036 934 1046 6012 6512
5604 113 5614 123 7565 8065
2314 1052 2324 1062 6988 7488
5348 1661 5358 1671 6418 6918
3191 3236 3201 3246 3482 3982
5097 936 5107 946 7463 7963
4075 2231 4085 2241 8311 8811
2198 3408 2208 3418 6150 6650
315 932 325 942 5392 5892
5314 2243 5324 2253 6215 6715
1429 2884 1439 2894 8571 9071
3238 565 3248 575 6066 6566
1184 1979 1194 1989 5229 5729
1073 1832 1083 1842 8042 8542
4003 249 4013 259 4156 4656
915 2133 925 2143 3490 3990
3549 3364 3559 3374 6998 7498
4503 1478 4513 1488 4902 5402
3478 1602 3488 1612 8232 8732
5485 1983 5495 1993 4756 5256
46 2345 56 2355 3869 4369
4399 2459 4409 2469 5699 6199
1064 2545 1074 2555 5859 6359
3823 2621 3833 2631 7397 7897
2422 445 2432 455 7106 7606
2043 2590 2053 2600 4530 5030
5342 1996 5352 2006 7767 8267
207 664 217 674 3576 4076
842 3931 852 3941 4610 5110
2847 513 2857 523 7153 7653
97 1417 107 1427 4507 5007
3027 2073 3037 2083 4679 5179
1900 218 1910 228 6594 7094
559 895 569 905 8599 9099
671 160 681 170 5887 6387
3278 2100 3288 2110 3838 4338
3965 432 3975 442 6544 7044
2506 2993 2516 3003 5820 6320
1099 2832 1109 2842 4540 5040
60 880 70 890 7312 7812
2552 2609 2562 2619 6538 7038
492 1307 502 1317 4735 5235
2329 3146 2339 3156 4694 5194
5567 1359 5577 1369 5591 6091
5447 155 5457 165 4241 4741
5352 3775 5362 3785 6698 7198
4666 1616 4676 1626 7812 8312
2638 1033 2648 1043 6036 6536
3769 3505 3779 3515 8077 8577
1406 1037 1416 1047 5765 6265
3184 2833 3194 2843 8342 8842
4848 3256 4858 3266 5768 6268
1286 773 1296 783 8322 8822
922 308 932 318 5368 5868
1748 3719 1758 3729 3614 4114
355 3468 365 3478 4114 4614
315 2145 325 2155 8121 8621
3290 984 3300 994 6813 7313
1506 1412 1516 1422 8439 8939
1636 228 1646 238 6289 6789
696 2700 706 2710 6827 7327
934 1500 944 1510 8506 9006
1076 315 1086 325 4875 5375
3021 1740 3031 1750 7013 7513
1499 302 1509 312 7022 7522
4540 1766 4550 1776 4833 5333
80 250 90 260 3595 4095
5276 177 5286 187 6387 6887
5141 551 5151 561 7896 8396
4453 1062 4463 1072 4024 4524
1123 978 1133 988 3981 4481
3534 529 3544 539 8347 8847
515 1024 525 1034 7948 8448
1757 3232 1767 3242 4107 4607
3316 2906 3326 2916 6995 7495
4807 3430 4817 3440 7039 7539
1451 2211 1461 2221 7566 8066
3744 3244 3754 3254 7748 8248
2662 1193 2672 1203 7664 8164
5656 1177 5666 1187 4163 4663
2468 244 2478 254 7590 8090
5795 1226 5805 1236 4428 4928
5141 2625 5151 2635 5120 5620
5474 3602 5484 3612 4078 4578
5563 2087 5573 2097 8570 9070
3478 1799 3488 1809 5714 6214
4781 2216 4791 2226 6791 7291
2429 3106 2439 3116 6014 6514
4920 1463 4930 1473 6919 7419
4250 2689 4260 2699 3942 4442
3584 2258 3594 2268 8047 8547
3620 1257 3630 1267 6789 7289
3140 2800 3150 2810 7985 8485
3220 833 3230 843 7966 8466
2581 3464 2591 3474 5009 5509
4871 2251 4881 2261 5543 6043
819 2951 829 2961 5761 6261
15 3436 25 3446 5889 6389
4056 2270 4066 2280 3672 4172
4270 1618 4280 1628 3732 4232
5110 1779 5120 1789 4135 4635
5550 2118 5560 2128 8174 8674
1140 24 1150 34 7604 8104
4059 2890 4069 2900 7099 7599
2251 1974 2261 1984 4713 5213
1183 1796 1193 1806 6753 7253
5041 1033 5051 1043 3761 4261
5764 282 5774 292 7885 8385
4945 2024 4955 2034 5013 5513
946 1847 956 1857 7389 7889
1572 2543 1582 2553 7949 8449
4991 364 5001 374 8231 8731
5336 3755 5346 3765 4117 4617
4067 142 4077 152 7896 8396
4509 344 4519 354 7149 7649
4242 82 4252 92 4489 4989
913 1154 923 1164 7433 7933
5136 3400 5146 3410 6373 6873
3374 3558 3384 3568 6537 7037
4851 1478 4861 1488 6206 6706
1531 3077 1541 3087 8631 9131
1302 2630 1312 2640 7952 8452
1331 3010 1341 3020 5000 5500
1077 1412 1087 1422 4390 4890
1610 1896 1620 1906 8129 8629
5511 3936 5521 3946 7317 7817
3838 187 3848 197 4127 4627
3242 820 3252 830 6313 6813
1587 3666 1597 3676 5760 6260
2928 635 2938 645 5547 6047
3553 1327 3563 1337 5939 6439
1214 1155 1224 1165 5210 5710
837 2236 847 2246 5481 5981
5715 2218 5725 2228 5715 6215
2414 0 2424 10 7055 7555
546 3161 556 3171 5574 6074
5595 3901 5605 3911 4654 5154
809 878 819 888 7368 7868
3612 1592 3622 1602 5104 5604
1458 2463 1468 2473 4775 5275
4804 1347 4814 1357 5225 5725
1408 2402 1418 2412 5669 6169
2094 2001 2104 2011 5792 6292
4216 3135 4226 3145 3754 4254
1707 343 1717 353 6667 7167
1229 3564 1239 3574 5279 5779
4871 907 4881 917 8564 9064
1886 746 1896 756 4872 5372
4770 876 4780 886 5062 5562
1554 100 1564 110 7031 7531
771 2275 781 2285 5758 6258
1800 1733 1810 1743 3917 4417
113 2717 123 2727 3406 3906
2872 2634 2882 2644 5951 6451
5323 519 5333 529 7302 7802
4774 3872 4784 3882 7042 7542
3056 2279 3066 2289 3754 4254
4007 2297 4017 2307 3558 4058
2889 754 2899 764 6716 7216
1287 553 1297 563 5173 5673
3660 3093 3670 3103 3692 4192
4049 2570 4059 2580 4938 5438
5197 902 5207 912 5480 5980
4263 1939 4273 1949 7428 7928
4810 1531 4820 1541 5272 5772
2800 3669 2810 3679 5377 5877
5232 2769 5242 2779 7265 7765
1737 3496 1747 3506 6950 7450
2636 1973 2646 1983 5843 6343
5710 1406 5720 1416 8359 8859
756 268 766 278 5365 5865
4239 3897 4249 3907 6665 7165
3755 2723 3765 2733 4021 4521
5078 360 5088 370 7803 8303
2914 1558 2924 1568 5271 5771
4179 2669 4189 2679 7575 8075
2742 889 2752 899 6182 6682
1324 1116 1334 1126 6283 6783
3339 107 3349 117 4112 4612
1897 3578 1907 3588 4042 4542
4382 421 4392 431 4465 4965
3583 2507 3593 2517 7767 8267
3452 2824 3462 2834 6640 7140
5631 99 5641 109 3800 4300
1329 1719 1339 1729 7002 7502
3851 2688 3861 2698 7147 7647
5688 3648 5698 3658 5224 5724
2536 2126 2546 2136 6885 7385
5761 419 5771 429 4461 4961
2912 3271 2922 3281 3980 4480
2635 2491 2645 2501 7244 7744
608 3549 618 3559 6717 7217
881 2649 891 2659 6650 7150
2820 692 2830 702 3881 4381
4857 3609 4867 3619 7738 8238
5349 2572 5359 2582 6997 7497
5567 1252 5577 1262 3663 4163
2761 40 2771 50 4312 4812
198 818 208 828 4574 5074
2664 806 2674 816 7015 7515
5738 1410 5748 1420 3499 3999
665 2899 675 2909 6558 7058
1194 2801 1204 2811 6361 6861
3098 1464 3108 1474 6241 6741
1946 9 1956 19 8043 8543
29 2461 39 2471 5811 6311
3678 277 3688 287 6337 6837
3973 1567 3983 1577 7257 7757
3768 3455 3778 3465 3533 4033
2722 2057 2732 2067 6539 7039
2110 953 2120 963 3728 4228
4785 3791 4795 3801 4143 4643
518 3483 528 3493 4326 4826
120 2090 130 2100 7546 8046
3393 3703 3403 3713 3693 4193
2 3673 12 3683 4349 4849
3311 3074 3321 3084 8022 8522
3044 801 3054 811 3440 3940
208 2970 218 2980 4654 5154
2094 2783 2104 2793 7486 7986
3631 1983 3641 1993 7371 7871
3774 2212 3784 2222 5501 6001
2511 2264 2521 2274 7904 8404
5024 3174 5034 3184 4734 5234
321 3258 331 3268 4453 4953
619 3748 629 3758 6253 6753
3909 1610 3919 1620 5811 6311
3473 3703 3483 3713 6099 6599
4224 2083 4234 2093 8155 8655
2058 798 2068 808 5231 5731
3319 3031 3329 3041 3652 4152
4236 3825 4246 3835 3546 4046
3321 2087 3331 2097 5514 6014
1770 2233 1780 2243 4595 5095
529 3350 539 3360 3755 4255
5224 1456 5234 1466 4983 5483
543 627 553 637 8229 8729
3355 2754 3365 2764 5826 6326
139 1422 149 1432 4341 4841
2025 1700 2035 1710 3936 4436
2224 1655 2234 1665 7876 8376
4376 3853 4386 3863 5883 6383
3754 1726 3764 1736 4095 4595
2407 3512 2417 3522 3467 3967
2605 179 2615 189 5587 6087
5590 1799 5600 1809 5508 6008
5535 1685 5545 1695 4209 4709
3599 1299 3609 1309 6340 6840
2827 679 2837 689 4211 4711
1276 1180 1286 1190 4277 4777
4721 833 4731 843 5481 5981
3602 6 3612 16 6553 7053
1070 148 1080 158 7037 7537
3940 1910 3950 1920 3515 4015
4950 3712 4960 3722 5303 5803
743 831 753 841 5625 6125
5128 3382 5138 3392 4683 5183
841 240 851 250 5012 5512
867 1476 877 1486 6752 7252
1448 2805 1458 2815 6738 7238
2490 1036 2500 1046 4243 4743
5162 3190 5172 3200 7498 7998
4189 2733 4199 2743 3554 4054
741 1753 751 1763 5092 5592
3949 106 3959 116 8069 8569
4831 1141 4841 1151 7598 8098
2779 3938 2789 3948 5388 5888
5698 2756 5708 2766 6297 6797
1601 351 1611 361 4829 5329
3817 2135 3827 2145 4636 5136
1182 3441 1192 3451 3697 4197
1129 319 1139 329 6516 7016
4354 2227 4364 2237 7750 8250
4479 532 4489 542 8123 8623
3910 362 3920 372 7733 8233
3101 281 3111 291 3621 4121
3964 1325 3974 1335 8463 8963
1899 3567 1909 3577 4703 5203
4187 3551 4197 3561 8435 8935
4142 342 4152 352 7375 7875
2420 727 2430 737 5111 5611
62 3923 72 3933 6340 6840
670 1193 680 1203 3801 4301
3164 3043 3174 3053 6334 6834
3501 262 3511 272 6323 6823
801 2930 811 2940 8286 8786
5318 1520 5328 1530 3940 4440
4687 3405 4697 3415 5230 5730
5580 842 5590 852 5847 6347
884 912 894 922 6585 7085
27 817 37 827 8130 8630
1199 828 1209 838 3592 4092
49 2523 59 2533 7541 8041
4448 2266 4458 2276 4449 4949
1323 1811 1333 1821 6575 7075
2606 2878 2616 2888 8079 8579
2995 240 3005 250 7920 8420
3118 2589 3128 2599 8114 8614
4995 3936 5005 3946 3733 4233
92 3019 102 3029 4186 4686
3890 1210 3900 1220 8057 8557
78 335 88 345 5228 5728
5128 3941 5138 3951 6795 7295
69 669 79 679 3918 4418
4724 2261 4734 2271 4031 4531
5508 1097 5518 1107 3640 4140
3373 1449 3383 1459 8264 8764
132 652 142 662 4601 5101
3514 3886 3524 3896 4521 5021
215 1966 225 1976 5233 5733
1736 1604 1746 1614 8153 8653
4667 1148 4677 1158 7072 7572
3239 3760 3249 3770 5054 5554
1804 3414 1814 3424 5117 5617
5053 2389 5063 2399 7636 8136
1147 947 1157 957 5122 5622
396 1257 406 1267 5075 5575
2289 3224 2299 3234 5574 6074
3529 1508 3539 1518 5795 6295
187 3320 197 3330 8215 8715
4187 1590 4197 1600 5510 6010
2364 1977 2374 1987 5122 5622
3279 2082 3289 2092 4685 5185
1149 3664 1159 3674 8368 8868
4102 3384 4112 3394 6808 7308
1800 677 1810 687 5796 6296
4831 1649 4841 1659 7454 7954
1754 3311 1764 3321 5887 6387
5821 3498 5831 3508 8426 8926
2383 2157 2393 2167 7577 8077
1043 2306 1053 2316 6839 7339
2013 2778 2023 2788 8309 8809
5370 3909 5380 3919 8577 9077
278 1658 288 1668 8479 8979
621 686 631 696 5881 6381
5290 2490 5300 2500 4125 4625
151 187 161 197 6164 6664
3919 831 3929 841 3670 4170
1384 3460 1394 3470 5825 6325
3421 838 3431 848 8510 9010
4413 2914 4423 2924 5732 6232
265 1695 275 1705 4860 5360
3005 1558 3015 1568 7104 7604
530 2272 540 2282 3513 4013
2004 1647 2014 1657 3786 4286
2970 1309 2980 1319 6918 7418
4574 2204 4584 2214 4217 4717
2911 1600 2921 1610 7927 8427
270 1956 280 1966 4442 4942
2331 3168 2341 3178 4139 4639
4981 2188 4991 2198 6591 7091
743 2221 753 2231 3401 3901
3645 1252 3655 1262 6953 7453
3153 3742 3163 3752 5341 5841
1944 2231 1954 2241 3658 4158
2592 868 2602 878 5340 5840
444 3558 454 3568 7545 8045
332 2354 342 2364 3818 4318
330 3795 340 3805 7307 7807
5636 1021 5646 1031 7260 7760
3291 2556 3301 2566 7885 8385
1700 3575 1710 3585 7379 7879
5025 3630 5035 3640 8190 8690
2674 1875 2684 1885 7573 8073
2906 2346 2916 2356 8048 8548
5720 3352 5730 3362 6856 7356
1066 1015 1076 1025 7435 7935
2285 3506 2295 3516 4720 5220
1635 3673 1645 3683 6963 7463
500 223 510 233 6078 6578
151 3590 161 3600 7206 7706
5001 725 5011 735 4852 5352
3652 3682 3662 3692 5775 6275
640 1282 650 1292 5851 6351
4477 3780 4487 3790 7810 8310
3355 850 3365 860 6893 7393
3923 1021 3933 1031 3965 4465
1244 892 1254 902 5236 5736
3439 1300 3449 1310 4725 5225
3418 1825 3428 1835 6185 6685
1360 29 1370 39 5115 5615
3777 2944 3787 2954 7418 7918
4051 1581 4061 1591 7854 8354
5206 2033 5216 2043 7420 7920
3035 825 3045 835 8086 8586
4691 3415 4701 3425 4870 5370
5406 1076 5416 1086 5106 5606
5002 1357 5012 1367 7698 8198
133 3474 143 3484 5144 5644
638 11 648 21 4155 4655
2644 3199 2654 3209 5940 6440
2988 3622 2998 3632 7157 7657
1841 2478 1851 2488 6544 7044
5759 3397 5769 3407 6335 6835
5752 1886 5762 1896 5463 5963
2577 291 2587 301 6017 6517
1953 3578 1963 3588 3532 4032
4946 3167 4956 3177 4754 5254
29 1800 39 1810 8445 8945
499 1536 509 1546 7660 8160
1024 1836 1034 1846 5106 5606
1757 2299 1767 2309 4714 5214
3397 3651 3407 3661 5282 5782
3764 828 3774 838 3947 4447
5651 3094 5661 3104 8551 9051
1251 3871 1261 3881 5046 5546
4052 18 4062 28 7585 8085
2013 3767 2023 3777 3544 4044
4361 45 4371 55 5420 5920
4401 2127 4411 2137 4030 4530
1873 1479 1883 1489 7552 8052
1816 3734 1826 3744 4512 5012
25 3856 35 3866 6906 7406
4232 3426 4242 3436 6094 6594
4301 2099 4311 2109 3443 3943
4795 702 4805 712 6351 6851
894 271 904 281 8460 8960
5365 270 5375 280 3651 4151
2037 3669 2047 3679 6788 7288
4234 1206 4244 1216 3837 4337
933 1638 943 1648 6217 6717
2759 1796 2769 1806 5958 6458
4718 549 4728 559 4259 4759
671 2751 681 2761 4295 4795
55 3056 65 3066 6442 6942
2793 1736 2803 1746 7618 8118
5631 2311 5641 2321 5106 5606
4068 2753 4078 2763 4431 4931
5202 1477 5212 1487 4388 4888
4760 281 4770 291 7370 7870
5393 703 5403 713 4541 5041
143 2202 153 2212 5589 6089
279 3850 289 3860 3999 4499
3366 2166 3376 2176 4271 4771
5187 1969 5197 1979 4394 4894
5562 750 5572 760 6960 7460
3593 2 3603 12 5790 6290
3331 3735 3341 3745 7684 8184
959 2980 969 2990 7641 8141
2367 159 2377 169 7711 8211
4596 3006 4606 3016 5966 6466
5218 262 5228 272 3904 4404
2369 2031 2379 2041 8032 8532
5584 3424 5594 3434 6077 6577
5284 3876 5294 3886 6032 6532
5770 1496 5780 1506 5382 5882
174 2590 184 2600 4426 4926
2582 1825 2592 1835 8348 8848
866 2699 876 2709 4303 4803
2896 899 2906 909 3564 4064
2772 3236 2782 3246 6693 7193
1427 1754 1437 1764 5902 6402
1621 1476 1631 1486 6555 7055
90 1337 100 1347 4178 4678
1185 99 1195 109 7644 8144
4962 54 4972 64 4219 4719
2551 3702 2561 3712 3513 4013
1114 2232 1124 2242 4580 5080
4717 774 4727 784 5893 6393
3222 2420 3232 2430 8564 9064
766 2697 776 2707 3372 3872
1214 2309 1224 2319 7294 7794
2558 3457 2568 3467 6837 7337
2927 2011 2937 2021 7898 8398
3536 986 3546 996 3427 3927
1589 3116 1599 3126 5079 5579
2649 406 2659 416 5906 6406
2327 839 2337 849 5740 6240
1803 168 1813 178 3625 4125
2036 2988 2046 2998 6513 7013
3242 1476 3252 1486 8208 8708
2035 252 2045 262 6129 6629
3635 3570 3645 3580 3398 3898
4578 724 4588 734 7453 7953
317 3122 327 3132 5097 5597
4118 2667 4128 2677 4450 4950
5787 2469 5797 2479 4748 5248
1818 2741 1828 2751 4553 5053
4304 3694 4314 3704 6161 6661
2450 1659 2460 1669 7917 8417
2831 763 2841 773 7429 7929
2388 252 2398 262 5430 5930
4079 1879 4089 1889 7040 7540
3693 2366 3703 2376 4999 5499
5001 3052 5011 3062 5383 5883
3357 43 3367 53 4516 5016
1573 1377 1583 1387 5926 6426
2200 395 2210 405 7170 7670
2050 945 2060 955 6773 7273
2161 572 2171 582 4672 5172
3603 2548 3613 2558 3471 3971
1311 3965 1321 3975 5760 6260
180 3142 190 3152 5018 5518
4919 2773 4929 2783 7394 7894
2492 878 2502 888 6877 7377
2265 2435 2275 2445 3524 4024
3676 200 3686 210 4407 4907
5695 2563 5705 2573 6696 7196
2667 2379 2677 2389 7586 8086
2225 1432 2235 1442 4650 5150
2103 2710 2113 2720 3712 4212
4015 1322 4025 1332 4340 4840
3543 3887 3553 3897 6706 7206
4322 1241 4332 1251 8249 8749
5100 2089 5110 2099 7784 8284
1891 1572 1901 1582 4448 4948
4646 2357 4656 2367 7178 7678
5339 547 5349 557 4321 4821
5789 496 5799 506 7501 8001
788 294 798 304 3796 4296
3828 3214 3838 3224 8292 8792
4547 2039 4557 2049 6651 7151
4713 247 4723 257 6203 6703
4725 3710 4735 3720 5443 5943
1822 2820 1832 2830 8585 9085
3156 629 3166 639 4517 5017
1953 410 1963 420 4922 5422
5616 3538 5626 3548 4499 4999
382 2428 392 2438 6953 7453
5794 3630 5804 3640 7925 8425
2841 3724 2851 3734 8621 9121
4637 2881 4647 2891 6555 7055
4510 3454 4520 3464 6797 7297
4793 2216 4803 2226 8407 8907
2423 2792 2433 2802 4871 5371
1421 2832 1431 2842 7646 8146
4052 1632 4062 1642 3761 4261
2331 155 2341 165 7376 7876
5632 1815 5642 1825 3517 4017
4962 3387 4972 3397 6844 7344
393 3925 403 3935 5605 6105
3541 1387 3551 1397 5316 5816
3079 3463 3089 3473 7041 7541
4080 1303 4090 1313 3578 4078
2883 2518 2893 2528 7756 8256
910 1213 920 1223 8181 8681
1580 576 1590 586 8613 9113
1558 2963 1568 2973 7589 8089
352 2553 362 2563 3474 3974
1601 1457 1611 1467 5665 6165
262 732 272 742 4146 4646
163 2828 173 2838 6425 6925
1550 3418 1560 3428 5243 5743
5455 2748 5465 2758 3529 4029
4943 537 4953 547 8624 9124
3363 1220 3373 1230 7252 7752
193 3812 203 3822 5923 6423
4746 3969 4756 3979 3507 4007
1464 2853 1474 2863 6496 6996
3920 2891 3930 2901 7935 8435
2568 2110 2578 2120 7108 7608
3928 3469 3938 3479 6680 7180
4655 1869 4665 1879 7153 7653
3430 3141 3440 3151 4191 4691
5045 3132 5055 3142 5418 5918
3942 3871 3952 3881 4383 4883
5222 2587 5232 2597 5458 5958
1277 911 1287 921 3762 4262
267 2227 277 2237 8571 9071
4146 368 4156 378 6905 7405
1912 2713 1922 2723 7506 8006
1939 2828 1949 2838 7340 7840
5619 2101 5629 2111 8447 8947
4369 3231 4379 3241 6545 7045
1647 1154 1657 1164 4525 5025
959 765 969 775 4185 4685
2592 900 2602 910 7749 8249
2295 2136 2305 2146 7238 7738
3778 305 3788 315 6966 7466
940 336 950 346 4354 4854
5516 3688 5526 3698 4473 4973
1803 734 1813 744 8005 8505
1628 3897 1638 3907 4877 5377
2239 2247 2249 2257 4914 5414
1730 2521 1740 2531 8274 8774
4424 2881 4434 2891 4403 4903
4172 556 4182 566 5133 5633
4848 973 4858 983 7748 8248
1065 118 1075 128 4527 5027
2269 2460 2279 2470 6548 7048
4398 2907 4408 2917 5155 5655
2039 1192 2049 1202 6766 7266
649 786 659 796 6836 7336
1202 1180 1212 1190 3878 4378
4979 1524 4989 1534 3980 4480
5361 960 5371 970 4015 4515
1990 2596 2000 2606 4997 5497
87 3414 97 3424 6424 6924
4609 1948 4619 1958 3420 3920
4163 2039 4173 2049 3867 4367
743 65 753 75 6029 6529
5772 352 5782 362 6186 6686
18 125 28 135 5625 6125
4441 3099 4451 3109 4249 4749
3767 2145 3777 2155 5232 5732
5474 31 5484 41 7142 7642
4691 3891 4701 3901 5523 6023
3388 275 3398 285 4755 5255
179 916 189 926 6116 6616
4675 3741 4685 3751 5347 5847
1852 1868 1862 1878 6016 6516
3057 2213 3067 2223 4053 4553
2734 3134 2744 3144 6679 7179
1888 2923 1898 2933 4956 5456
1231 3064 1241 3074 5603 6103
1870 1325 1880 1335 8349 8849
869 2963 879 2973 3689 4189
250 2168 260 2178 6509 7009
559 1527 569 1537 8158 8658
5011 1157 5021 1167 4522 5022
2062 3520 2072 3530 6730 7230
1943 3539 1953 3549 5933 6433
861 31 871 41 8303 8803
5296 1764 5306 1774 6769 7269
2639 1172 2649 1182 7010 7510
3698 3771 3708 3781 7145 7645
2174 162 2184 172 7817 8317
3737 2539 3747 2549 8065 8565
2642 2342 2652 2352 8357 8857
3499 1520 3509 1530 3472 3972
4640 2112 4650 2122 4444 4944
4657 3421 4667 3431 6171 6671
3491 3422 3501 3432 6104 6604
1161 3004 1171 3014 6591 7091
2108 511 2118 521 5925 6425
5796 1316 5806 1326 8554 9054
2358 2224 2368 2234 7806 8306
2316 2371 2326 2381 5739 6239
2606 1270 2616 1280 6513 7013
1878 2214 1888 2224 4923 5423
2657 2576 2667 2586 5627 6127
341 1847 351 1857 3414 3914
4442 3854 4452 3864 4237 4737
5410 3751 5420 3761 3546 4046
5132 2083 5142 2093 8197 8697
1161 3529 1171 3539 4710 5210
2725 3809 2735 3819 8602 9102
4864 3509 4874 3519 7065 7565
5677 808 5687 818 5825 6325
2043 2836 2053 2846 7177 7677
502 393 512 403 7003 7503
4646 990 4656 1000 6075 6575
3226 1797 3236 1807 4273 4773
783 2847 793 2857 4037 4537
464 1913 474 1923 6084 6584
1226 1780 1236 1790 6197 6697
2467 2228 2477 2238 8150 8650
2681 3421 2691 3431 5946 6446
3454 765 3464 775 6867 7367
3748 3735 3758 3745 5455 5955
2760 1113 2770 1123 6985 7485
5130 2995 5140 3005 4771 5271
173 2443 183 2453 4199 4699
892 503 902 513 5415 5915
4767 2555 4777 2565 6372 6872
1624 365 1634 375 4449 4949
5239 1619 5249 1629 7417 7917
479 2171 489 2181 6586 7086
2850 2017 2860 2027 7007 7507
5448 2425 5458 2435 6553 7053
2169 1620 2179 1630 6775 7275
1502 3790 1512 3800 4755 5255
5317 1188 5327 1198 5712 6212
2715 895 2725 905 5336 5836
634 294 644 304 6391 6891
527 1469 537 1479 5847 6347
1404 1581 1414 1591 7726 8226
1688 2061 1698 2071 4133 4633
2565 2428 2575 2438 3936 4436
1729 1876 1739 1886 7098 7598
4904 101 4914 111 6887 7387
4610 3866 4620 3876 4347 4847
3965 3800 3975 3810 7451 7951
1893 939 1903 949 3977 4477
2856 507 2866 517 7811 8311
5791 2040 5801 2050 5955 6455
5470 950 5480 960 6408 6908
681 1843 691 1853 6190 6690
3616 1771 3626 1781 7876 8376
238 3114 248 3124 4424 4924
125 1625 135 1635 5869 6369
1736 2408 1746 2418 5288 5788
4370 2092 4380 2102 6762 7262
220 3119 230 3129 5850 6350
3989 2001 3999 2011 7280 7780
802 1294 812 1304 6195 6695
1794 600 1804 610 3580 4080
2692 3915 2702 3925 3574 4074
3355 1438 3365 1448 4125 4625
5102 27 5112 37 6282 6782
1099 2871 1109 2881 5276 5776
3647 468 3657 478 7288 7788
4116 2976 4126 2986 8339 8839
5672 3602 5682 3612 8277 8777
5200 2478 5210 2488 3704 4204
3334 660 3344 670 5591 6091
600 2847 610 2857 8560 9060
5762 261 5772 271 6426 6926
5168 2944 5178 2954 5317 5817
1381 2965 1391 2975 5702 6202
3492 2201 3502 2211 6230 6730
4741 2367 4751 2377 7640 8140
1758 110 1768 120 8416 8916
4339 82 4349 92 4687 5187
564 3984 574 3994 4917 5417
2801 1966 2811 1976 8466 8966
1498 1673 1508 1683 7285 7785
3654 2442 3664 2452 7095 7595
4120 1361 4130 1371 5445 5945
4361 964 4371 974 6936 7436
4615 3603 4625 3613 7352 7852
2856 544 2866 554 3924 4424
820 562 830 572 3836 4336
4407 997 4417 1007 7894 8394
