77
0 2048 511 2559 5044 5544
2048 3584 2559 4095 3659 4159
512 0 1023 511 7799 8299
3072 1536 3583 2047 5690 6190
1024 1024 1535 1535 5039 5539
1536 1024 2047 1535 3405 3905
512 3072 1023 3583 4310 4810
1536 1536 2047 2047 7670 8170
1024 2048 1535 2559 3726 4226
2048 3072 2559 3583 5140 5640
3072 512 3583 1023 5694 6194
1536 3072 2047 3583 5163 5663
512 4096 1023 4607 4001 4501
0 1024 511 1535 7085 7585
3072 4608 3583 5119 4840 5340
2560 512 3071 1023 7372 7872
2560 2048 3071 2559 3754 4254
512 3584 1023 4095 4809 5309
1024 5120 1535 5631 4491 4991
1536 3584 2047 4095 8094 8594
0 2560 511 3071 6687 7187
512 5120 1023 5631 4051 4551
2560 1024 3071 1535 6511 7011
512 512 1023 1023 5514 6014
512 1536 1023 2047 5854 6354
1536 4608 2047 5119 6894 7394
1024 2560 1535 3071 7988 8488
2560 3584 3071 4095 4445 4945
2560 4096 3071 4607 7149 7649
2560 1536 3071 2047 3686 4186
1024 4096 1535 4607 8072 8572
1536 2560 2047 3071 3554 4054
512 1024 1023 1535 6656 7156
3072 1024 3583 1535 4644 5144
0 1536 511 2047 5873 6373
2048 5120 2559 5631 5737 6237
3072 2560 3583 3071 4679 5179
2560 4608 3071 5119 4225 4725
0 4608 511 5119 7449 7949
1024 0 1535 511 7716 8216
3072 0 3583 511 5995 6495
1024 512 1535 1023 4503 5003
512 4608 1023 5119 6921 7421
1536 512 2047 1023 6625 7125
0 512 511 1023 5630 6130
3072 4096 3583 4607 5804 6304
3072 3584 3583 4095 8039 8539
0 0 511 511 6014 6514
2048 1024 2559 1535 7242 7742
1536 4096 2047 4607 3891 4391
2560 5120 3071 5631 8150 8650
1024 3072 1535 3583 7971 8471
2048 4096 2559 4607 7253 7753
1536 5120 2047 5631 3434 3934
512 2560 1023 3071 7528 8028
2560 2560 3071 3071 7149 7649
2048 2560 2559 3071 6957 7457
0 3584 511 4095 4289 4789
2048 0 2559 511 5636 6136
3072 3072 3583 3583 5467 5967
1024 3584 1535 4095 7286 7786
2560 3072 3071 3583 5068 5568
0 3072 511 3583 8332 8832
2048 512 2559 1023 5303 5803
2048 4608 2559 5119 3755 4255
3072 5120 3583 5631 5565 6065
0 4096 511 4607 5082 5582
1536 0 2047 511 5063 5563
1536 2048 2047 2559 3832 4332
512 2048 1023 2559 3892 4392
1024 1536 1535 2047 4139 4639
2560 0 3071 511 6456 6956
3072 2048 3583 2559 5024 5524
1024 4608 1535 5119 7690 8190
0 5120 511 5631 7124 7624
2048 1536 2559 2047 7284 7784
2048 2048 2559 2559 7536 8036
