1000
977 15 987 25 5683 6683
9 1407 19 1417 6140 7140
1298 309 1308 319 7051 8051
360 140 370 150 6933 7933
568 63 578 73 7746 8746
4463 3156 4473 3166 4067 5067
2753 2645 2763 2655 4795 5795
4225 3985 4235 3995 3846 4846
3826 1719 3836 1729 7143 8143
4781 427 4791 437 4046 5046
1620 422 1630 432 4783 5783
2949 3106 2959 3116 3910 4910
472 1270 482 1280 5265 6265
3320 3463 3330 3473 5504 6504
2076 724 2086 734 7638 8638
4109 1453 4119 1463 4584 5584
5169 2407 5179 2417 4158 5158
1536 3900 1546 3910 6948 7948
4902 328 4912 338 4047 5047
1614 2839 1624 2849 5334 6334
4791 1452 4801 1462 6000 7000
3879 3445 3889 3455 4810 5810
5511 2198 5521 2208 7914 8914
2360 2328 2370 2338 3558 4558
2654 2776 2664 2786 3704 4704
829 1318 839 1328 4980 5980
2123 3151 2133 3161 3825 4825
3890 2619 3900 2629 4468 5468
1924 3045 1934 3055 6708 7708
1057 302 1067 312 3645 4645
5683 1265 5693 1275 3447 4447
814 1958 824 1968 3657 4657
2425 3027 2435 3037 7043 8043
5361 788 5371 798 6622 7622
471 3365 481 3375 5954 6954
1514 462 1524 472 4647 5647
3442 3216 3452 3226 3395 4395
1027 1536 1037 1546 7266 8266
4324 1786 4334 1796 4247 5247
3346 929 3356 939 5829 6829
2876 1771 2886 1781 6790 7790
231 2357 241 2367 3774 4774
2040 1801 2050 1811 3910 4910
5096 612 5106 622 4324 5324
435 637 445 647 7149 8149
265 2602 275 2612 4165 5165
4393 3204 4403 3214 7946 8946
496 861 506 871 6793 7793
1772 1850 1782 1860 4284 5284
5140 1746 5150 1756 4042 5042
2704 1010 2714 1020 3955 4955
4464 1095 4474 1105 7781 8781
4788 1455 4798 1465 4472 5472
4887 1913 4897 1923 5161 6161
5591 805 5601 815 5267 6267
3101 145 3111 155 3996 4996
4079 1251 4089 1261 4083 5083
2664 908 2674 918 6676 7676
2748 120 2758 130 6284 7284
4104 2784 4114 2794 5115 6115
1959 369 1969 379 6393 7393
5675 2973 5685 2983 6119 7119
2254 2958 2264 2968 5706 6706
2103 975 2113 985 5879 6879
452 3417 462 3427 3992 4992
3602 63 3612 73 3756 4756
5086 2584 5096 2594 7141 8141
364 609 374 619 7581 8581
4277 1281 4287 1291 4897 5897
5185 16 5195 26 4040 5040
602 1736 612 1746 5214 6214
2917 1844 2927 1854 6375 7375
2848 1083 2858 1093 5672 6672
3966 492 3976 502 4772 5772
5536 682 5546 692 3500 4500
11 2291 21 2301 3815 4815
5149 1553 5159 1563 5383 6383
3549 1672 3559 1682 8011 9011
1537 1134 1547 1144 4456 5456
4567 1788 4577 1798 6297 7297
284 3003 294 3013 5361 6361
905 1799 915 1809 5179 6179
2910 885 2920 895 7215 8215
1578 101 1588 111 7799 8799
1174 599 1184 609 5775 6775
3608 1568 3618 1578 7808 8808
320 2392 330 2402 3858 4858
2749 330 2759 340 7123 8123
4048 2658 4058 2668 5475 6475
4816 2366 4826 2376 4774 5774
3325 3001 3335 3011 3817 4817
3685 1791 3695 1801 4499 5499
5119 95 5129 105 5928 6928
2521 2487 2531 2497 6363 7363
5353 1959 5363 1969 6491 7491
2407 1166 2417 1176 6934 7934
2492 934 2502 944 6950 7950
3336 707 3346 717 3718 4718
1000 1857 1010 1867 5091 6091
3442 2526 3452 2536 7826 8826
4185 1116 4195 1126 7825 8825
1680 2592 1690 2602 3982 4982
4676 2429 4686 2439 5892 6892
57 98 67 108 4497 5497
3452 3310 3462 3320 6662 7662
752 2387 762 2397 5926 6926
5783 3611 5793 3621 4554 5554
1899 2168 1909 2178 6379 7379
4311 3721 4321 3731 6503 7503
2895 1422 2905 1432 7833 8833
3746 287 3756 297 3756 4756
1318 92 1328 102 4675 5675
2347 1872 2357 1882 7628 8628
1761 909 1771 919 6921 7921
4820 2145 4830 2155 4036 5036
3185 2188 3195 2198 7272 8272
1995 2608 2005 2618 7454 8454
3719 1804 3729 1814 6196 7196
3126 3336 3136 3346 7946 8946
2112 265 2122 275 3447 4447
3342 2940 3352 2950 6590 7590
4311 3240 4321 3250 6027 7027
722 1342 732 1352 6963 7963
3526 2946 3536 2956 6059 7059
3581 2558 3591 2568 6306 7306
4090 1374 4100 1384 4235 5235
1629 2936 1639 2946 4103 5103
2370 1810 2380 1820 5848 6848
3819 2695 3829 2705 6869 7869
2674 2694 2684 2704 4810 5810
2376 343 2386 353 5254 6254
1279 2362 1289 2372 6759 7759
4745 3363 4755 3373 5167 6167
2107 3397 2117 3407 6641 7641
783 186 793 196 5717 6717
2074 3408 2084 3418 4561 5561
901 1100 911 1110 3906 4906
4578 101 4588 111 6757 7757
5492 3344 5502 3354 3636 4636
5804 3427 5814 3437 5394 6394
427 1773 437 1783 4005 5005
2618 2660 2628 2670 4625 5625
5713 2190 5723 2200 7431 8431
4077 3849 4087 3859 4193 5193
1622 2941 1632 2951 8000 9000
2547 2462 2557 2472 5210 6210
526 2987 536 2997 8135 9135
5536 3132 5546 3142 7678 8678
3182 2325 3192 2335 7358 8358
891 3902 901 3912 6982 7982
2304 146 2314 156 6626 7626
2783 1216 2793 1226 4740 5740
807 2370 817 2380 7623 8623
2930 959 2940 969 7507 8507
4696 1543 4706 1553 7082 8082
1704 2691 1714 2701 4512 5512
195 3398 205 3408 6126 7126
5478 2611 5488 2621 4244 5244
2430 2139 2440 2149 7934 8934
703 3915 713 3925 3439 4439
2347 2651 2357 2661 6505 7505
229 2682 239 2692 6529 7529
5138 2 5148 12 5078 6078
2175 3579 2185 3589 4642 5642
5110 3223 5120 3233 4849 5849
913 3962 923 3972 6918 7918
3319 1985 3329 1995 4323 5323
5248 1620 5258 1630 5316 6316
5447 592 5457 602 4438 5438
1426 630 1436 640 4903 5903
3291 2784 3301 2794 3965 4965
1336 2460 1346 2470 4079 5079
1859 3932 1869 3942 3553 4553
4742 3786 4752 3796 6445 7445
249 1116 259 1126 4041 5041
3815 2856 3825 2866 5737 6737
2025 1872 2035 1882 4530 5530
1235 388 1245 398 4488 5488
1151 3913 1161 3923 5845 6845
2804 2799 2814 2809 4870 5870
4934 948 4944 958 8123 9123
4014 1734 4024 1744 6373 7373
2828 2382 2838 2392 4633 5633
32 1271 42 1281 5332 6332
2235 3351 2245 3361 4891 5891
4622 2184 4632 2194 7021 8021
916 3688 926 3698 8093 9093
823 3280 833 3290 6095 7095
309 1957 319 1967 5540 6540
1183 2709 1193 2719 7351 8351
2619 3846 2629 3856 5698 6698
4813 1651 4823 1661 6665 7665
3693 422 3703 432 3870 4870
2868 160 2878 170 4485 5485
3890 454 3900 464 6137 7137
2360 2150 2370 2160 4410 5410
2871 2844 2881 2854 5798 6798
759 2906 769 2916 6485 7485
4952 3194 4962 3204 7289 8289
5556 309 5566 319 4508 5508
5526 2863 5536 2873 7391 8391
2321 3281 2331 3291 5867 6867
957 34 967 44 5413 6413
1143 2658 1153 2668 6212 7212
3941 2966 3951 2976 5442 6442
5297 1313 5307 1323 6721 7721
3196 1317 3206 1327 7647 8647
3343 1711 3353 1721 5303 6303
1142 1269 1152 1279 6703 7703
3575 1529 3585 1539 3656 4656
3313 1298 3323 1308 7199 8199
1610 3139 1620 3149 4829 5829
329 2418 339 2428 7265 8265
149 1519 159 1529 5105 6105
1100 3326 1110 3336 5079 6079
3268 3209 3278 3219 6887 7887
5443 975 5453 985 5334 6334
2711 312 2721 322 4449 5449
5406 3737 5416 3747 4702 5702
4326 1997 4336 2007 4620 5620
2183 2643 2193 2653 4109 5109
1596 2302 1606 2312 6623 7623
1547 1862 1557 1872 7739 8739
5731 3360 5741 3370 5009 6009
1050 588 1060 598 4315 5315
3058 1981 3068 1991 5476 6476
2453 1708 2463 1718 4762 5762
5786 1850 5796 1860 6421 7421
2154 3699 2164 3709 5156 6156
190 2467 200 2477 7400 8400
5449 1691 5459 1701 5879 6879
3815 2620 3825 2630 6434 7434
4967 2167 4977 2177 6792 7792
4033 1981 4043 1991 6047 7047
4307 3106 4317 3116 7042 8042
3277 1376 3287 1386 7078 8078
409 483 419 493 6558 7558
2579 1742 2589 1752 6810 7810
5148 2112 5158 2122 7945 8945
3427 1247 3437 1257 7399 8399
4671 3904 4681 3914 3636 4636
531 1786 541 1796 7074 8074
2128 3637 2138 3647 3737 4737
3961 2278 3971 2288 5236 6236
2498 3221 2508 3231 4463 5463
369 1045 379 1055 4252 5252
842 1338 852 1348 5171 6171
1378 3459 1388 3469 6236 7236
1008 591 1018 601 5577 6577
4516 1223 4526 1233 7472 8472
3037 223 3047 233 7275 8275
2434 2609 2444 2619 5724 6724
1 2703 11 2713 6073 7073
3738 1603 3748 1613 7920 8920
4942 293 4952 303 5186 6186
3134 3352 3144 3362 3585 4585
2902 3165 2912 3175 5916 6916
3018 677 3028 687 6979 7979
2817 1729 2827 1739 6876 7876
773 2038 783 2048 7393 8393
756 1694 766 1704 4842 5842
2385 11 2395 21 4678 5678
5172 3600 5182 3610 7016 8016
2423 278 2433 288 7561 8561
1851 10 1861 20 4220 5220
405 1146 415 1156 5433 6433
4419 3450 4429 3460 4242 5242
1112 1037 1122 1047 5655 6655
423 3630 433 3640 3573 4573
1671 607 1681 617 4391 5391
300 3572 310 3582 5547 6547
4662 3695 4672 3705 6179 7179
3626 2762 3636 2772 5221 6221
5153 419 5163 429 7808 8808
5220 2936 5230 2946 6268 7268
4176 3174 4186 3184 5334 6334
2388 2179 2398 2189 4066 5066
700 1289 710 1299 6087 7087
2017 3200 2027 3210 6544 7544
3669 2899 3679 2909 4695 5695
2188 3223 2198 3233 4642 5642
2764 404 2774 414 4393 5393
1376 2657 1386 2667 4479 5479
2329 2325 2339 2335 4656 5656
5058 3388 5068 3398 4702 5702
2844 3000 2854 3010 3486 4486
4652 1285 4662 1295 4170 5170
1723 644 1733 654 6351 7351
2906 1754 2916 1764 5920 6920
4566 3968 4576 3978 4562 5562
115 2956 125 2966 5171 6171
1351 2025 1361 2035 5578 6578
3299 2800 3309 2810 5961 6961
4677 900 4687 910 5198 6198
2077 594 2087 604 7479 8479
3183 2743 3193 2753 5937 6937
416 1275 426 1285 7402 8402
1877 1253 1887 1263 6851 7851
4996 3716 5006 3726 4747 5747
65 320 75 330 7883 8883
4097 1268 4107 1278 4792 5792
2049 2152 2059 2162 7190 8190
3792 298 3802 308 5399 6399
5594 846 5604 856 6039 7039
4624 1838 4634 1848 5829 6829
1802 3834 1812 3844 4720 5720
5606 2789 5616 2799 4673 5673
308 1732 318 1742 5258 6258
2574 2715 2584 2725 7370 8370
4287 1809 4297 1819 5337 6337
3285 298 3295 308 3432 4432
3909 3020 3919 3030 7695 8695
4619 2397 4629 2407 3715 4715
4642 2701 4652 2711 5086 6086
476 3880 486 3890 7197 8197
858 1339 868 1349 4790 5790
4952 3685 4962 3695 3442 4442
5128 230 5138 240 8029 9029
1579 1213 1589 1223 4970 5970
892 2784 902 2794 7480 8480
5482 166 5492 176 4263 5263
1651 1921 1661 1931 5531 6531
4565 2092 4575 2102 6901 7901
1557 1101 1567 1111 5067 6067
5288 2227 5298 2237 4806 5806
4021 1310 4031 1320 7277 8277
939 1094 949 1104 5508 6508
140 2853 150 2863 3532 4532
3499 1473 3509 1483 3701 4701
2201 2284 2211 2294 5571 6571
5822 1 5832 11 7758 8758
3117 3111 3127 3121 6914 7914
3495 3408 3505 3418 6860 7860
4918 3567 4928 3577 3727 4727
3468 3670 3478 3680 7900 8900
5299 3942 5309 3952 4584 5584
551 3463 561 3473 3537 4537
4342 3409 4352 3419 4242 5242
1638 758 1648 768 7459 8459
2373 2215 2383 2225 5828 6828
1323 1609 1333 1619 6778 7778
3303 2464 3313 2474 4907 5907
4861 3811 4871 3821 5234 6234
2013 64 2023 74 6281 7281
3703 1144 3713 1154 3869 4869
275 2949 285 2959 4772 5772
569 450 579 460 4513 5513
1554 1325 1564 1335 6112 7112
378 1048 388 1058 3561 4561
4449 834 4459 844 6178 7178
2999 1851 3009 1861 7407 8407
5188 1127 5198 1137 6318 7318
1007 583 1017 593 5071 6071
3003 2311 3013 2321 7891 8891
448 1045 458 1055 5115 6115
2934 1388 2944 1398 7716 8716
2196 2275 2206 2285 4166 5166
3477 2423 3487 2433 7268 8268
464 693 474 703 4696 5696
4637 172 4647 182 5191 6191
4386 3145 4396 3155 4364 5364
3382 1631 3392 1641 3654 4654
2592 1968 2602 1978 6603 7603
5510 3575 5520 3585 7164 8164
3243 3651 3253 3661 4564 5564
2937 260 2947 270 8103 9103
4062 2949 4072 2959 7635 8635
5017 833 5027 843 6967 7967
2163 1311 2173 1321 6972 7972
2969 2764 2979 2774 5148 6148
1828 3418 1838 3428 4647 5647
1591 2503 1601 2513 5233 6233
4032 1722 4042 1732 7317 8317
3880 1658 3890 1668 7993 8993
3148 3225 3158 3235 7222 8222
5538 3576 5548 3586 5504 6504
3345 56 3355 66 6061 7061
2969 334 2979 344 7088 8088
132 130 142 140 4735 5735
2574 3721 2584 3731 5783 6783
3081 2344 3091 2354 7143 8143
350 3456 360 3466 4441 5441
1722 1816 1732 1826 4266 5266
3901 3614 3911 3624 3548 4548
379 801 389 811 3861 4861
4797 27 4807 37 5128 6128
4745 1068 4755 1078 5799 6799
1799 1444 1809 1454 6668 7668
3738 3578 3748 3588 5044 6044
893 3410 903 3420 5892 6892
53 1875 63 1885 4444 5444
3452 1356 3462 1366 3514 4514
4963 1106 4973 1116 5206 6206
2876 3094 2886 3104 4342 5342
4851 2150 4861 2160 5408 6408
4000 312 4010 322 7777 8777
5410 3445 5420 3455 5516 6516
859 2524 869 2534 4711 5711
5498 2375 5508 2385 7137 8137
3375 3544 3385 3554 5731 6731
1760 1578 1770 1588 7038 8038
1861 3123 1871 3133 7567 8567
1587 322 1597 332 8052 9052
2821 1267 2831 1277 7671 8671
5763 2862 5773 2872 6277 7277
5579 2726 5589 2736 7721 8721
1977 2059 1987 2069 6421 7421
4132 2531 4142 2541 6887 7887
3353 2864 3363 2874 5119 6119
1300 810 1310 820 5430 6430
4849 90 4859 100 7284 8284
1118 2286 1128 2296 4914 5914
2119 3635 2129 3645 7803 8803
3743 1198 3753 1208 5487 6487
1909 2582 1919 2592 6553 7553
677 2218 687 2228 6724 7724
3314 135 3324 145 7757 8757
2282 3006 2292 3016 4363 5363
1531 2678 1541 2688 4609 5609
499 353 509 363 7219 8219
4380 3432 4390 3442 5177 6177
5245 3433 5255 3443 6146 7146
4397 947 4407 957 5502 6502
4647 1836 4657 1846 5079 6079
3040 2061 3050 2071 4721 5721
4429 2160 4439 2170 4645 5645
4830 2445 4840 2455 6309 7309
1673 1607 1683 1617 4140 5140
1647 557 1657 567 4249 5249
118 3283 128 3293 7454 8454
4763 1357 4773 1367 6577 7577
1378 1962 1388 1972 7107 8107
3487 240 3497 250 3701 4701
4695 504 4705 514 7630 8630
1993 3259 2003 3269 4119 5119
3294 3384 3304 3394 4485 5485
366 2842 376 2852 4666 5666
1017 2079 1027 2089 6587 7587
3547 2863 3557 2873 6045 7045
1178 2453 1188 2463 7738 8738
3190 3273 3200 3283 7829 8829
2772 3800 2782 3810 3641 4641
4722 1565 4732 1575 6256 7256
5329 205 5339 215 7619 8619
353 917 363 927 6900 7900
3367 3906 3377 3916 7280 8280
3386 2647 3396 2657 7344 8344
5252 3642 5262 3652 6709 7709
1736 1152 1746 1162 6369 7369
3882 233 3892 243 6433 7433
2054 2852 2064 2862 4161 5161
4936 2081 4946 2091 6126 7126
1808 3732 1818 3742 7388 8388
2898 6 2908 16 3488 4488
1192 721 1202 731 6365 7365
1259 2335 1269 2345 4190 5190
168 2253 178 2263 6648 7648
599 544 609 554 5319 6319
2073 1192 2083 1202 5741 6741
406 1 416 11 7666 8666
5228 254 5238 264 3817 4817
1658 2544 1668 2554 3992 4992
4886 3229 4896 3239 7158 8158
2437 1786 2447 1796 5927 6927
4837 3475 4847 3485 4559 5559
2417 2045 2427 2055 3802 4802
1 1645 11 1655 6592 7592
2256 2739 2266 2749 4686 5686
68 2653 78 2663 6069 7069
2814 1022 2824 1032 3878 4878
1539 1152 1549 1162 6121 7121
3737 710 3747 720 4078 5078
4197 2733 4207 2743 6430 7430
3340 3183 3350 3193 3576 4576
2815 3877 2825 3887 4534 5534
4504 3357 4514 3367 5115 6115
2265 1537 2275 1547 4459 5459
4691 2678 4701 2688 3592 4592
3845 827 3855 837 6979 7979
2991 364 3001 374 4005 5005
180 1523 190 1533 7271 8271
1148 787 1158 797 8028 9028
4998 1852 5008 1862 4263 5263
1878 2082 1888 2092 4762 5762
2045 3860 2055 3870 6695 7695
861 776 871 786 5339 6339
5416 3911 5426 3921 4460 5460
4218 405 4228 415 6209 7209
3695 2774 3705 2784 5944 6944
1620 2615 1630 2625 7858 8858
4229 3157 4239 3167 5579 6579
5089 3041 5099 3051 5451 6451
3707 2434 3717 2444 6968 7968
2818 2187 2828 2197 4379 5379
1181 2473 1191 2483 5009 6009
1481 2013 1491 2023 7098 8098
2456 2852 2466 2862 6309 7309
3485 2645 3495 2655 7683 8683
5295 1754 5305 1764 7768 8768
3653 2831 3663 2841 6314 7314
1373 2908 1383 2918 3828 4828
3673 760 3683 770 7830 8830
2630 325 2640 335 3592 4592
288 345 298 355 6661 7661
5820 13 5830 23 6577 7577
2395 3206 2405 3216 6324 7324
2501 2922 2511 2932 7646 8646
1950 698 1960 708 3915 4915
1752 3204 1762 3214 4889 5889
5754 907 5764 917 6461 7461
3132 3769 3142 3779 4496 5496
5730 1340 5740 1350 4715 5715
4563 2388 4573 2398 4058 5058
5250 20 5260 30 3417 4417
3218 1924 3228 1934 6005 7005
510 2364 520 2374 5607 6607
140 3729 150 3739 6014 7014
3221 1950 3231 1960 5365 6365
780 660 790 670 6500 7500
3874 255 3884 265 4274 5274
2459 1736 2469 1746 7943 8943
4446 3508 4456 3518 5410 6410
5411 629 5421 639 4217 5217
2610 1138 2620 1148 4320 5320
1011 3232 1021 3242 7421 8421
5475 1402 5485 1412 5622 6622
3671 888 3681 898 4470 5470
3886 552 3896 562 3955 4955
93 662 103 672 5443 6443
2797 596 2807 606 3792 4792
2460 808 2470 818 6715 7715
1985 2591 1995 2601 6952 7952
5045 1951 5055 1961 4194 5194
2608 3205 2618 3215 6379 7379
2323 1944 2333 1954 7954 8954
498 559 508 569 5534 6534
5360 3869 5370 3879 3895 4895
5597 1211 5607 1221 4364 5364
3160 2879 3170 2889 7485 8485
1330 104 1340 114 7060 8060
2181 3390 2191 3400 4357 5357
3015 2155 3025 2165 5272 6272
5259 1732 5269 1742 5253 6253
1816 2130 1826 2140 7936 8936
3766 3371 3776 3381 7470 8470
4194 2625 4204 2635 4670 5670
2083 3019 2093 3029 5413 6413
2780 1915 2790 1925 5752 6752
5828 2876 5838 2886 4735 5735
344 2573 354 2583 7310 8310
3393 2873 3403 2883 4844 5844
4245 3137 4255 3147 3729 4729
3042 1268 3052 1278 4183 5183
3046 2736 3056 2746 5926 6926
3187 3075 3197 3085 8086 9086
173 1526 183 1536 4047 5047
5311 1106 5321 1116 5600 6600
477 1089 487 1099 6125 7125
5522 1263 5532 1273 5081 6081
2424 677 2434 687 7488 8488
1961 1541 1971 1551 7870 8870
763 2287 773 2297 7750 8750
4495 1515 4505 1525 6636 7636
2862 1175 2872 1185 4656 5656
2151 3711 2161 3721 7334 8334
383 1471 393 1481 6073 7073
2359 2233 2369 2243 6678 7678
3306 271 3316 281 7854 8854
2989 2400 2999 2410 4697 5697
890 1905 900 1915 6091 7091
3548 504 3558 514 5060 6060
2105 3201 2115 3211 3717 4717
4784 2556 4794 2566 4659 5659
5183 1914 5193 1924 6125 7125
2967 1029 2977 1039 4963 5963
4053 3272 4063 3282 7095 8095
351 911 361 921 6101 7101
4078 955 4088 965 4025 5025
2050 1328 2060 1338 8016 9016
3775 2531 3785 2541 5131 6131
3766 3144 3776 3154 7722 8722
3266 3665 3276 3675 7722 8722
688 3240 698 3250 5491 6491
2755 760 2765 770 3661 4661
4531 2952 4541 2962 6609 7609
5524 2532 5534 2542 7691 8691
5285 1027 5295 1037 6456 7456
5444 3533 5454 3543 8082 9082
4328 2396 4338 2406 6479 7479
5308 1254 5318 1264 4485 5485
1298 23 1308 33 6910 7910
1619 243 1629 253 5073 6073
5504 2588 5514 2598 6997 7997
1485 3819 1495 3829 3459 4459
4086 3497 4096 3507 3463 4463
116 2958 126 2968 8022 9022
998 3672 1008 3682 4406 5406
5413 1505 5423 1515 6586 7586
2852 3947 2862 3957 3611 4611
5817 3802 5827 3812 6346 7346
3536 600 3546 610 6152 7152
5389 2063 5399 2073 5411 6411
3347 3411 3357 3421 7418 8418
2194 3209 2204 3219 5744 6744
2812 3371 2822 3381 6091 7091
808 2549 818 2559 7103 8103
3292 24 3302 34 6609 7609
5407 2313 5417 2323 3697 4697
4778 12 4788 22 7432 8432
5608 816 5618 826 6331 7331
3689 890 3699 900 3976 4976
2788 1000 2798 1010 6538 7538
1869 3198 1879 3208 4062 5062
3771 1979 3781 1989 5258 6258
3267 482 3277 492 5647 6647
2737 3272 2747 3282 7340 8340
5556 909 5566 919 5119 6119
3816 25 3826 35 5017 6017
2341 1776 2351 1786 7672 8672
3928 2954 3938 2964 4832 5832
3754 1673 3764 1683 4201 5201
3117 333 3127 343 4550 5550
3636 3168 3646 3178 6454 7454
4984 30 4994 40 6949 7949
4344 1106 4354 1116 6124 7124
5802 3526 5812 3536 7712 8712
3643 2265 3653 2275 6827 7827
4697 2609 4707 2619 4504 5504
4243 2073 4253 2083 5779 6779
3605 2227 3615 2237 6123 7123
4298 2881 4308 2891 5565 6565
2500 646 2510 656 3936 4936
825 811 835 821 6226 7226
1093 421 1103 431 5815 6815
1195 1069 1205 1079 8026 9026
264 1374 274 1384 7860 8860
4317 3883 4327 3893 7924 8924
3455 2254 3465 2264 7814 8814
2463 2791 2473 2801 6730 7730
4590 3129 4600 3139 3963 4963
3161 2471 3171 2481 6117 7117
4016 3320 4026 3330 7207 8207
5640 2685 5650 2695 7451 8451
391 1388 401 1398 6413 7413
5232 3022 5242 3032 4160 5160
106 1701 116 1711 6610 7610
3091 2311 3101 2321 6372 7372
2252 156 2262 166 4067 5067
5084 103 5094 113 6112 7112
115 3929 125 3939 7268 8268
786 237 796 247 4229 5229
1339 1061 1349 1071 6235 7235
590 1980 600 1990 4928 5928
4326 3786 4336 3796 6339 7339
3720 903 3730 913 3383 4383
4644 44 4654 54 3580 4580
5541 744 5551 754 3556 4556
4223 1276 4233 1286 6765 7765
4766 1873 4776 1883 6625 7625
4053 617 4063 627 5542 6542
1386 3727 1396 3737 8091 9091
1064 2111 1074 2121 6928 7928
5587 2020 5597 2030 7386 8386
1967 1889 1977 1899 6426 7426
5111 524 5121 534 4670 5670
250 609 260 619 3825 4825
1460 1141 1470 1151 7255 8255
2925 3626 2935 3636 6332 7332
4421 2338 4431 2348 4373 5373
4109 3295 4119 3305 4737 5737
2898 1645 2908 1655 8016 9016
1800 3850 1810 3860 6293 7293
2680 2871 2690 2881 6350 7350
1666 3007 1676 3017 4552 5552
679 3271 689 3281 3940 4940
1271 2693 1281 2703 4177 5177
3549 2212 3559 2222 4860 5860
4773 148 4783 158 7863 8863
2893 3027 2903 3037 7986 8986
5144 1443 5154 1453 4329 5329
3660 88 3670 98 6252 7252
755 2429 765 2439 8023 9023
2070 3921 2080 3931 4789 5789
3894 1791 3904 1801 4697 5697
1042 3816 1052 3826 5947 6947
914 1303 924 1313 3781 4781
2323 3894 2333 3904 6820 7820
2828 1972 2838 1982 5711 6711
822 2420 832 2430 3848 4848
1070 1504 1080 1514 6307 7307
1174 3071 1184 3081 5721 6721
989 2866 999 2876 3863 4863
3110 2238 3120 2248 7237 8237
3611 3206 3621 3216 7373 8373
2310 2907 2320 2917 4378 5378
2167 2626 2177 2636 6141 7141
5583 597 5593 607 5399 6399
1734 3564 1744 3574 4216 5216
3679 805 3689 815 7374 8374
3554 1026 3564 1036 6336 7336
3941 1153 3951 1163 7237 8237
3435 2831 3445 2841 4059 5059
3837 3543 3847 3553 5618 6618
5676 3783 5686 3793 6051 7051
4787 952 4797 962 4718 5718
5529 1551 5539 1561 4008 5008
3342 1903 3352 1913 4727 5727
5457 231 5467 241 5417 6417
682 2287 692 2297 5801 6801
2044 3116 2054 3126 5724 6724
4554 1785 4564 1795 7967 8967
211 759 221 769 7694 8694
5112 1704 5122 1714 5916 6916
1682 2936 1692 2946 4744 5744
1799 1492 1809 1502 3685 4685
2203 1951 2213 1961 7136 8136
129 3240 139 3250 5968 6968
3730 507 3740 517 3630 4630
5703 3707 5713 3717 6105 7105
3190 910 3200 920 7280 8280
940 3979 950 3989 4196 5196
129 3251 139 3261 6919 7919
5425 1591 5435 1601 3457 4457
2445 1237 2455 1247 5391 6391
633 643 643 653 6060 7060
2298 1100 2308 1110 3521 4521
1626 2859 1636 2869 3494 4494
2049 149 2059 159 6879 7879
1623 2138 1633 2148 7932 8932
5554 37 5564 47 4760 5760
2056 477 2066 487 5097 6097
4581 619 4591 629 8040 9040
2750 2532 2760 2542 4740 5740
4080 163 4090 173 5855 6855
2586 2901 2596 2911 6349 7349
3055 3716 3065 3726 5747 6747
3033 3396 3043 3406 6507 7507
2183 3845 2193 3855 4091 5091
1660 3679 1670 3689 5313 6313
2146 2045 2156 2055 7834 8834
5685 2824 5695 2834 6292 7292
3018 3046 3028 3056 4155 5155
3869 3471 3879 3481 6874 7874
1686 3426 1696 3436 5202 6202
3984 1858 3994 1868 6408 7408
2429 3486 2439 3496 4912 5912
3527 666 3537 676 6298 7298
953 3857 963 3867 3627 4627
589 3970 599 3980 6695 7695
156 3949 166 3959 5751 6751
694 2327 704 2337 4704 5704
5294 3083 5304 3093 4380 5380
272 3101 282 3111 7200 8200
2715 3972 2725 3982 4839 5839
1256 1327 1266 1337 7729 8729
4509 3030 4519 3040 6072 7072
959 2198 969 2208 4788 5788
3895 1691 3905 1701 4000 5000
5233 895 5243 905 7216 8216
2916 334 2926 344 3563 4563
348 1661 358 1671 6916 7916
3264 1360 3274 1370 5388 6388
2434 52 2444 62 4775 5775
2757 3495 2767 3505 7142 8142
1862 3872 1872 3882 3613 4613
4486 2470 4496 2480 3756 4756
3551 3857 3561 3867 5179 6179
2090 218 2100 228 6249 7249
135 242 145 252 6559 7559
1497 387 1507 397 8051 9051
2491 1937 2501 1947 3830 4830
2349 3725 2359 3735 7048 8048
410 814 420 824 5309 6309
4222 2280 4232 2290 3938 4938
1659 1955 1669 1965 3639 4639
385 932 395 942 7448 8448
2831 1085 2841 1095 5549 6549
4540 3929 4550 3939 6331 7331
636 3727 646 3737 5281 6281
3368 2070 3378 2080 7545 8545
2761 532 2771 542 7092 8092
5340 1438 5350 1448 5948 6948
2587 1505 2597 1515 5124 6124
4284 1457 4294 1467 3680 4680
5166 2038 5176 2048 7854 8854
658 1436 668 1446 4748 5748
4779 1066 4789 1076 3653 4653
996 3977 1006 3987 5987 6987
2715 2265 2725 2275 7610 8610
3509 2430 3519 2440 5776 6776
4142 51 4152 61 4319 5319
4962 1545 4972 1555 4964 5964
2782 1903 2792 1913 3832 4832
4336 414 4346 424 7095 8095
4401 2952 4411 2962 4219 5219
2688 3029 2698 3039 6803 7803
3684 739 3694 749 3875 4875
5108 3930 5118 3940 3833 4833
4750 2461 4760 2471 4787 5787
2745 2180 2755 2190 6976 7976
2742 1860 2752 1870 7365 8365
2929 1062 2939 1072 6413 7413
1977 2747 1987 2757 7796 8796
3976 3738 3986 3748 5736 6736
5165 3940 5175 3950 5569 6569
3523 3692 3533 3702 6437 7437
3117 1551 3127 1561 4006 5006
4625 216 4635 226 5917 6917
927 3615 937 3625 5592 6592
2170 1127 2180 1137 6763 7763
2210 1189 2220 1199 4065 5065
5339 3570 5349 3580 7811 8811
1555 1728 1565 1738 8091 9091
5107 395 5117 405 6659 7659
4316 3406 4326 3416 6772 7772
667 2440 677 2450 4070 5070
4331 2925 4341 2935 5826 6826
2592 1173 2602 1183 3477 4477
4430 3537 4440 3547 4410 5410
4577 311 4587 321 6274 7274
711 3521 721 3531 5577 6577
655 481 665 491 8037 9037
5691 1483 5701 1493 3888 4888
4788 3674 4798 3684 6772 7772
2283 1865 2293 1875 6106 7106
2576 2236 2586 2246 5686 6686
375 3824 385 3834 7818 8818
1515 3377 1525 3387 6415 7415
4650 2449 4660 2459 6710 7710
1341 1124 1351 1134 7171 8171
5373 3197 5383 3207 6633 7633
1995 931 2005 941 6144 7144
2119 2609 2129 2619 3977 4977
1890 1380 1900 1390 3429 4429
984 221 994 231 5044 6044
4564 3072 4574 3082 8074 9074
813 3265 823 3275 4919 5919
2359 3967 2369 3977 3932 4932
2164 1403 2174 1413 4711 5711
2686 801 2696 811 6531 7531
4566 3290 4576 3300 4371 5371
3560 2075 3570 2085 4390 5390
1329 2342 1339 2352 4438 5438
5259 3442 5269 3452 4465 5465
814 1778 824 1788 7759 8759
1820 756 1830 766 7058 8058
963 441 973 451 6008 7008
4725 2994 4735 3004 7064 8064
5565 2369 5575 2379 6259 7259
4234 1342 4244 1352 7579 8579
3158 223 3168 233 6210 7210
896 156 906 166 4359 5359
256 10 266 20 5565 6565
4778 2880 4788 2890 3754 4754
5438 469 5448 479 5971 6971
838 1861 848 1871 5413 6413
3066 3687 3076 3697 6217 7217
835 3403 845 3413 4418 5418
5172 2773 5182 2783 3755 4755
5385 1868 5395 1878 3925 4925
2194 1051 2204 1061 5781 6781
5273 1905 5283 1915 7816 8816
655 2983 665 2993 6908 7908
2121 528 2131 538 3662 4662
5729 2287 5739 2297 4726 5726
4483 3728 4493 3738 5185 6185
2946 3932 2956 3942 6792 7792
5612 2173 5622 2183 3380 4380
3178 3271 3188 3281 6867 7867
1488 3022 1498 3032 6109 7109
3230 3843 3240 3853 5393 6393
4986 2656 4996 2666 3464 4464
807 3912 817 3922 7239 8239
5213 2824 5223 2834 5299 6299
2291 3597 2301 3607 7148 8148
214 1640 224 1650 3995 4995
5104 1701 5114 1711 4990 5990
1961 1844 1971 1854 4359 5359
1341 2686 1351 2696 4668 5668
2977 991 2987 1001 5858 6858
3123 2944 3133 2954 5547 6547
4937 3163 4947 3173 3625 4625
1332 3417 1342 3427 7672 8672
2699 2104 2709 2114 5575 6575
1532 1340 1542 1350 7254 8254
3269 1595 3279 1605 7594 8594
766 2353 776 2363 7510 8510
2920 3312 2930 3322 6206 7206
2585 2269 2595 2279 5423 6423
4932 1234 4942 1244 3724 4724
1535 2077 1545 2087 3485 4485
4099 1857 4109 1867 5294 6294
403 2479 413 2489 5881 6881
615 560 625 570 5835 6835
3176 617 3186 627 7267 8267
3681 948 3691 958 6764 7764
2935 2139 2945 2149 6140 7140
1731 905 1741 915 4047 5047
2003 2646 2013 2656 4137 5137
2625 2651 2635 2661 6958 7958
1407 1567 1417 1577 3890 4890
3108 3236 3118 3246 7186 8186
3202 718 3212 728 3760 4760
2498 1155 2508 1165 4070 5070
5587 3379 5597 3389 7097 8097
5249 3005 5259 3015 4132 5132
5378 60 5388 70 6463 7463
3097 1087 3107 1097 3917 4917
366 2324 376 2334 5200 6200
4359 2466 4369 2476 6840 7840
2088 1743 2098 1753 5429 6429
2508 3098 2518 3108 7911 8911
423 98 433 108 5003 6003
1467 1767 1477 1777 7596 8596
1888 2225 1898 2235 7230 8230
3217 2051 3227 2061 5967 6967
742 1224 752 1234 6904 7904
4740 2950 4750 2960 4641 5641
2791 3322 2801 3332 3836 4836
3309 2231 3319 2241 4720 5720
1095 2526 1105 2536 6520 7520
5666 3907 5676 3917 4580 5580
1477 2626 1487 2636 5593 6593
4274 2776 4284 2786 4352 5352
5160 927 5170 937 6964 7964
3011 1687 3021 1697 4145 5145
1507 3627 1517 3637 7698 8698
3583 905 3593 915 6085 7085
839 1644 849 1654 4753 5753
4787 1271 4797 1281 6288 7288
2712 913 2722 923 6561 7561
3381 2898 3391 2908 6091 7091
1920 1719 1930 1729 3924 4924
3 470 13 480 4091 5091
3185 1920 3195 1930 7291 8291
184 704 194 714 4766 5766
1458 590 1468 600 4992 5992
2875 3253 2885 3263 6988 7988
3229 1034 3239 1044 7657 8657
5038 2625 5048 2635 7702 8702
999 1749 1009 1759 5823 6823
2711 2524 2721 2534 5900 6900
4700 3296 4710 3306 4062 5062
1558 171 1568 181 7403 8403
583 2898 593 2908 6969 7969
5193 3345 5203 3355 5492 6492
4792 1947 4802 1957 5570 6570
121 3158 131 3168 7786 8786
5432 332 5442 342 5695 6695
192 19 202 29 4531 5531
5203 1222 5213 1232 5644 6644
3447 1713 3457 1723 7413 8413
4891 645 4901 655 8099 9099
3031 3021 3041 3031 8104 9104
5821 2873 5831 2883 4334 5334
3079 3504 3089 3514 8100 9100
5177 3463 5187 3473 7689 8689
4111 3149 4121 3159 5607 6607
1312 2704 1322 2714 5264 6264
3452 3772 3462 3782 6219 7219
5184 1257 5194 1267 3674 4674
1861 62 1871 72 5586 6586
4224 709 4234 719 6960 7960
2533 2540 2543 2550 5399 6399
2620 420 2630 430 4573 5573
3370 3488 3380 3498 7274 8274
1287 477 1297 487 5359 6359
1510 2335 1520 2345 5220 6220
1082 1193 1092 1203 5703 6703
4761 463 4771 473 5200 6200
4395 393 4405 403 8040 9040
2512 2732 2522 2742 7139 8139
1822 3637 1832 3647 3899 4899
1194 1649 1204 1659 3780 4780
36 3307 46 3317 6045 7045
4762 1152 4772 1162 3627 4627
3073 1755 3083 1765 6365 7365
1289 1460 1299 1470 5792 6792
1682 2662 1692 2672 3376 4376
3854 1703 3864 1713 8031 9031
15 215 25 225 4791 5791
4878 3413 4888 3423 7286 8286
4399 2651 4409 2661 7074 8074
5618 2566 5628 2576 7061 8061
1435 2187 1445 2197 4264 5264
5651 2012 5661 2022 6236 7236
5383 3167 5393 3177 5221 6221
5808 3511 5818 3521 3716 4716
5206 3816 5216 3826 7598 8598
4268 420 4278 430 7403 8403
4916 3462 4926 3472 4851 5851
2201 3077 2211 3087 5014 6014
3816 1705 3826 1715 7161 8161
4474 3283 4484 3293 5341 6341
2406 2368 2416 2378 3405 4405
233 3371 243 3381 4376 5376
1324 1800 1334 1810 5566 6566
2666 3735 2676 3745 4889 5889
2089 1154 2099 1164 5321 6321
4354 3231 4364 3241 5119 6119
