1000
4665 1222 5065 1622 5741 6241
1124 2662 1524 3062 6356 6856
2263 1688 2663 2088 3631 4131
1744 282 2144 682 5096 5596
2326 1124 2726 1524 8127 8627
894 3543 1294 3943 8259 8759
4692 3556 5092 3956 5735 6235
2649 2678 3049 3078 6146 6646
436 86 836 486 6591 7091
4994 3154 5394 3554 6004 6504
4957 2445 5357 2845 8281 8781
1110 1316 1510 1716 5936 6436
3522 3462 3922 3862 3509 4009
3435 356 3835 756 6946 7446
5229 2591 5629 2991 5125 5625
378 800 778 1200 5814 6314
3690 614 4090 1014 3432 3932
4760 148 5160 548 4101 4601
1874 2202 2274 2602 4969 5469
3480 2150 3880 2550 4932 5432
2127 3369 2527 3769 3813 4313
499 2638 899 3038 4066 4566
3153 1298 3553 1698 4007 4507
4976 2879 5376 3279 7965 8465
2521 2425 2921 2825 7245 7745
1500 375 1900 775 4391 4891
1631 730 2031 1130 8339 8839
4934 3499 5334 3899 4646 5146
2612 2785 3012 3185 7225 7725
105 596 505 996 4878 5378
2498 2258 2898 2658 4100 4600
3889 283 4289 683 7357 7857
5087 1861 5487 2261 7001 7501
666 2061 1066 2461 6068 6568
60 2092 460 2492 6190 6690
3346 1570 3746 1970 4267 4767
3099 3457 3499 3857 5281 5781
4327 2598 4727 2998 6327 6827
1360 1089 1760 1489 4913 5413
390 1107 790 1507 6939 7439
656 1626 1056 2026 7089 7589
1988 3579 2388 3979 5099 5599
57 2592 457 2992 3533 4033
3826 2125 4226 2525 7798 8298
3284 445 3684 845 8345 8845
1099 143 1499 543 4246 4746
212 1439 612 1839 8576 9076
1751 1345 2151 1745 8178 8678
2471 11 2871 411 3876 4376
1368 3238 1768 3638 5125 5625
2239 284 2639 684 8312 8812
4332 1720 4732 2120 5929 6429
458 2981 858 3381 6622 7122
1774 1185 2174 1585 8439 8939
2376 2812 2776 3212 5436 5936
2221 3084 2621 3484 6853 7353
246 1797 646 2197 8344 8844
961 3281 1361 3681 7118 7618
981 233 1381 633 7037 7537
3233 2059 3633 2459 4098 4598
2382 644 2782 1044 7759 8259
3488 3357 3888 3757 5531 6031
5316 3279 5716 3679 4081 4581
2071 181 2471 581 4452 4952
5302 3325 5702 3725 4074 4574
1623 1910 2023 2310 8352 8852
2699 1107 3099 1507 7739 8239
749 774 1149 1174 4146 4646
2977 2926 3377 3326 8385 8885
177 1452 577 1852 6286 6786
3621 1059 4021 1459 4005 4505
206 1282 606 1682 7941 8441
554 2101 954 2501 6699 7199
4723 995 5123 1395 5708 6208
215 1601 615 2001 4223 4723
1512 2273 1912 2673 4536 5036
4272 1645 4672 2045 7522 8022
705 2665 1105 3065 7944 8444
564 987 964 1387 5244 5744
4074 223 4474 623 7973 8473
1405 10 1805 410 4666 5166
552 2144 952 2544 5628 6128
2970 1141 3370 1541 5467 5967
3991 3585 4391 3985 7528 8028
5388 2878 5788 3278 3754 4254
1220 1832 1620 2232 6750 7250
4903 1441 5303 1841 4189 4689
3240 3501 3640 3901 3728 4228
2318 2000 2718 2400 6527 7027
3749 773 4149 1173 8301 8801
5009 3389 5409 3789 4603 5103
3356 1781 3756 2181 7773 8273
5155 815 5555 1215 6750 7250
1963 171 2363 571 7608 8108
4485 30 4885 430 3574 4074
1386 3135 1786 3535 5887 6387
2608 593 3008 993 3723 4223
5408 715 5808 1115 4226 4726
5411 2182 5811 2582 8077 8577
5277 720 5677 1120 7260 7760
2937 2892 3337 3292 7279 7779
2011 1044 2411 1444 3497 3997
5269 989 5669 1389 5850 6350
135 1808 535 2208 7128 7628
2215 2405 2615 2805 4398 4898
842 2292 1242 2692 3878 4378
3283 140 3683 540 4051 4551
366 2705 766 3105 6577 7077
800 1850 1200 2250 5395 5895
2586 72 2986 472 7742 8242
1795 1194 2195 1594 5097 5597
2710 1626 3110 2026 6610 7110
441 1421 841 1821 6683 7183
3401 1720 3801 2120 7412 7912
5014 2509 5414 2909 5098 5598
2348 2483 2748 2883 8075 8575
2381 3475 2781 3875 3821 4321
4574 3325 4974 3725 3787 4287
4164 3443 4564 3843 5649 6149
3469 2228 3869 2628 7388 7888
798 3475 1198 3875 3398 3898
4038 3370 4438 3770 5449 5949
537 93 937 493 7500 8000
3454 1082 3854 1482 4979 5479
3870 1396 4270 1796 4901 5401
4023 484 4423 884 7373 7873
2105 3573 2505 3973 7151 7651
1041 3473 1441 3873 7174 7674
3675 2990 4075 3390 5710 6210
4536 2216 4936 2616 7560 8060
3462 3380 3862 3780 3393 3893
3703 664 4103 1064 7656 8156
1831 221 2231 621 7445 7945
3113 951 3513 1351 7827 8327
5123 1059 5523 1459 7289 7789
2072 2952 2472 3352 6954 7454
243 3230 643 3630 4647 5147
356 522 756 922 6414 6914
214 2064 614 2464 4921 5421
3180 994 3580 1394 4781 5281
3837 405 4237 805 7872 8372
1416 3582 1816 3982 5382 5882
4070 766 4470 1166 8407 8907
1672 2090 2072 2490 4547 5047
2750 2655 3150 3055 5698 6198
1751 786 2151 1186 5826 6326
3901 2569 4301 2969 4273 4773
3263 2184 3663 2584 4265 4765
4726 2958 5126 3358 6124 6624
1571 1130 1971 1530 4272 4772
2709 440 3109 840 8090 8590
3497 762 3897 1162 4387 4887
2849 1283 3249 1683 5873 6373
3864 2097 4264 2497 6140 6640
1993 2195 2393 2595 4209 4709
1106 1463 1506 1863 6880 7380
2664 1314 3064 1714 7712 8212
3331 2303 3731 2703 7802 8302
1585 1629 1985 2029 5684 6184
3979 2283 4379 2683 6475 6975
1290 2880 1690 3280 3731 4231
5298 2618 5698 3018 5424 5924
3699 2162 4099 2562 7985 8485
3450 223 3850 623 7537 8037
5101 772 5501 1172 8631 9131
332 2778 732 3178 7234 7734
4659 480 5059 880 4342 4842
2318 130 2718 530 6501 7001
4232 2248 4632 2648 3628 4128
365 1698 765 2098 7812 8312
4463 983 4863 1383 4656 5156
4355 2019 4755 2419 6612 7112
4337 2696 4737 3096 5248 5748
473 2270 873 2670 8189 8689
5319 2250 5719 2650 3484 3984
5300 1691 5700 2091 4000 4500
2169 1379 2569 1779 6922 7422
141 1792 541 2192 7978 8478
2480 3024 2880 3424 8063 8563
3030 830 3430 1230 7248 7748
799 3543 1199 3943 3846 4346
1374 2310 1774 2710 5259 5759
248 3586 648 3986 7234 7734
2834 2381 3234 2781 7004 7504
5307 2882 5707 3282 4751 5251
3903 1592 4303 1992 6582 7082
2607 1485 3007 1885 5470 5970
1520 274 1920 674 8436 8936
1412 262 1812 662 6788 7288
1304 2497 1704 2897 5425 5925
2298 550 2698 950 7547 8047
3121 2412 3521 2812 8150 8650
1067 3500 1467 3900 4113 4613
2398 283 2798 683 5321 5821
2875 188 3275 588 8083 8583
4721 1896 5121 2296 7122 7622
3143 2493 3543 2893 6301 6801
2800 950 3200 1350 4101 4601
568 1926 968 2326 3650 4150
995 468 1395 868 7794 8294
1568 365 1968 765 7942 8442
1309 2019 1709 2419 5286 5786
4888 1757 5288 2157 8429 8929
320 2275 720 2675 6125 6625
1838 151 2238 551 5779 6279
1001 3327 1401 3727 7598 8098
547 21 947 421 4262 4762
81 2995 481 3395 4589 5089
5185 1148 5585 1548 5332 5832
4895 2615 5295 3015 5914 6414
2241 2534 2641 2934 4943 5443
3777 1428 4177 1828 5576 6076
5436 2536 5836 2936 4527 5027
2027 2244 2427 2644 5659 6159
2139 2931 2539 3331 7336 7836
197 3299 597 3699 5764 6264
2668 3429 3068 3829 4155 4655
4155 625 4555 1025 4607 5107
3614 2363 4014 2763 7012 7512
5337 3215 5737 3615 6836 7336
2622 3586 3022 3986 3546 4046
2895 2517 3295 2917 6587 7087
1586 329 1986 729 7613 8113
4890 2033 5290 2433 4779 5279
4636 2801 5036 3201 5305 5805
3701 2241 4101 2641 3460 3960
4242 2248 4642 2648 5581 6081
3962 3226 4362 3626 4156 4656
220 1014 620 1414 5184 5684
1903 2067 2303 2467 3675 4175
4565 1742 4965 2142 6735 7235
1770 1915 2170 2315 8397 8897
2831 1004 3231 1404 5402 5902
2069 184 2469 584 5396 5896
5247 220 5647 620 5958 6458
3635 2774 4035 3174 6911 7411
798 3390 1198 3790 7212 7712
2724 2670 3124 3070 5070 5570
4368 1518 4768 1918 4482 4982
5159 501 5559 901 4631 5131
1990 2234 2390 2634 5569 6069
5419 2049 5819 2449 3504 4004
24 2884 424 3284 6007 6507
5000 1584 5400 1984 6377 6877
610 1902 1010 2302 4221 4721
2754 3169 3154 3569 6186 6686
3310 2992 3710 3392 4224 4724
2384 2709 2784 3109 4386 4886
4130 2945 4530 3345 8005 8505
1281 1881 1681 2281 8087 8587
4930 2733 5330 3133 5607 6107
1376 1885 1776 2285 5912 6412
1519 1272 1919 1672 4364 4864
4697 1224 5097 1624 5203 5703
4603 2264 5003 2664 7252 7752
748 3013 1148 3413 4494 4994
2273 18 2673 418 7651 8151
2538 1221 2938 1621 8395 8895
65 555 465 955 4924 5424
3393 544 3793 944 4320 4820
3542 3255 3942 3655 6888 7388
5392 3229 5792 3629 5548 6048
4958 289 5358 689 5233 5733
5386 2643 5786 3043 5482 5982
3303 1180 3703 1580 5638 6138
3958 1814 4358 2214 8384 8884
2980 3137 3380 3537 6721 7221
3732 2848 4132 3248 4490 4990
1247 596 1647 996 6074 6574
5021 2431 5421 2831 4726 5226
4204 2233 4604 2633 4295 4795
786 3166 1186 3566 4390 4890
3066 2748 3466 3148 5146 5646
184 1193 584 1593 4025 4525
2898 2176 3298 2576 3937 4437
935 3416 1335 3816 5827 6327
2491 2971 2891 3371 4656 5156
2557 1743 2957 2143 6544 7044
3833 3370 4233 3770 4652 5152
5008 2084 5408 2484 6296 6796
4484 3368 4884 3768 5653 6153
2065 2172 2465 2572 7643 8143
2007 2473 2407 2873 4268 4768
3265 1361 3665 1761 4472 4972
4781 59 5181 459 7502 8002
3469 832 3869 1232 6700 7200
78 2511 478 2911 5872 6372
4885 1513 5285 1913 6711 7211
4419 2662 4819 3062 6387 6887
1310 2911 1710 3311 6452 6952
4707 2805 5107 3205 5269 5769
4391 3508 4791 3908 3768 4268
629 1048 1029 1448 6713 7213
942 2916 1342 3316 5525 6025
150 2462 550 2862 4901 5401
4434 867 4834 1267 7204 7704
1114 3545 1514 3945 4322 4822
4368 741 4768 1141 4874 5374
4167 414 4567 814 4710 5210
2074 1068 2474 1468 6629 7129
3110 25 3510 425 4130 4630
597 2538 997 2938 8580 9080
1077 3061 1477 3461 7969 8469
4739 161 5139 561 4071 4571
1200 2232 1600 2632 8080 8580
1362 2159 1762 2559 4753 5253
3912 3356 4312 3756 7181 7681
144 3104 544 3504 6111 6611
3813 1055 4213 1455 7397 7897
2428 2670 2828 3070 7053 7553
999 2250 1399 2650 8004 8504
1445 143 1845 543 7357 7857
3270 3052 3670 3452 6704 7204
3040 3227 3440 3627 4353 4853
1456 1450 1856 1850 6771 7271
736 1379 1136 1779 7456 7956
1473 1757 1873 2157 7149 7649
4059 3583 4459 3983 8351 8851
2497 2099 2897 2499 3961 4461
3771 548 4171 948 4849 5349
4064 3350 4464 3750 3655 4155
5205 1926 5605 2326 7544 8044
1019 1877 1419 2277 3790 4290
139 2159 539 2559 6272 6772
943 1507 1343 1907 4019 4519
1020 2383 1420 2783 3831 4331
4804 2635 5204 3035 6954 7454
5406 3136 5806 3536 3800 4300
4315 3118 4715 3518 6410 6910
572 903 972 1303 8364 8864
4256 2671 4656 3071 7555 8055
2469 2755 2869 3155 4838 5338
1248 2185 1648 2585 5422 5922
1671 1930 2071 2330 6050 6550
3036 2151 3436 2551 4835 5335
1419 1481 1819 1881 6486 6986
744 2077 1144 2477 7117 7617
2361 1605 2761 2005 7950 8450
3851 1078 4251 1478 6458 6958
3587 42 3987 442 6761 7261
1434 585 1834 985 4591 5091
954 1358 1354 1758 7263 7763
1030 2504 1430 2904 8225 8725
2368 2893 2768 3293 5637 6137
2569 642 2969 1042 8337 8837
3087 2311 3487 2711 4014 4514
4975 3588 5375 3988 7195 7695
1387 2629 1787 3029 5946 6446
2137 2436 2537 2836 5249 5749
4282 2090 4682 2490 5692 6192
3274 1556 3674 1956 3581 4081
614 2095 1014 2495 4469 4969
1507 521 1907 921 7259 7759
4411 2312 4811 2712 7198 7698
4022 3355 4422 3755 4598 5098
3848 2137 4248 2537 7965 8465
2346 1969 2746 2369 4634 5134
1443 377 1843 777 6139 6639
1418 497 1818 897 4958 5458
3708 1265 4108 1665 6813 7313
3446 1493 3846 1893 3571 4071
2639 2342 3039 2742 4685 5185
878 2386 1278 2786 6354 6854
4853 208 5253 608 8042 8542
227 1339 627 1739 4573 5073
3795 149 4195 549 7948 8448
340 208 740 608 8159 8659
1801 3014 2201 3414 3683 4183
5100 2970 5500 3370 7049 7549
642 2665 1042 3065 8221 8721
19 49 419 449 5318 5818
2102 819 2502 1219 4831 5331
5284 1222 5684 1622 5381 5881
5152 3183 5552 3583 3968 4468
4076 882 4476 1282 5540 6040
4940 3092 5340 3492 7113 7613
2511 393 2911 793 4060 4560
4644 903 5044 1303 5569 6069
2159 48 2559 448 6266 6766
5196 265 5596 665 8122 8622
2029 3063 2429 3463 8191 8691
1059 1286 1459 1686 4096 4596
337 1560 737 1960 7473 7973
1684 1386 2084 1786 3817 4317
4072 2494 4472 2894 4905 5405
3518 3130 3918 3530 6696 7196
1308 3340 1708 3740 8515 9015
2351 3001 2751 3401 3771 4271
2965 2492 3365 2892 8356 8856
4568 2310 4968 2710 8146 8646
2548 1630 2948 2030 6488 6988
3546 1944 3946 2344 3677 4177
1880 1995 2280 2395 6296 6796
993 3588 1393 3988 4205 4705
3490 309 3890 709 4661 5161
4157 1629 4557 2029 3692 4192
3912 2586 4312 2986 8559 9059
846 2807 1246 3207 8147 8647
4765 197 5165 597 5545 6045
1883 2255 2283 2655 7020 7520
3724 2934 4124 3334 6977 7477
5181 193 5581 593 7270 7770
2915 3563 3315 3963 6772 7272
2211 3462 2611 3862 4905 5405
2780 1565 3180 1965 7537 8037
3573 1772 3973 2172 3712 4212
4088 3576 4488 3976 7710 8210
3959 168 4359 568 4413 4913
5267 2673 5667 3073 6558 7058
5046 917 5446 1317 6596 7096
3051 1786 3451 2186 6692 7192
1310 3232 1710 3632 3715 4215
3762 2360 4162 2760 6343 6843
5303 2239 5703 2639 8234 8734
2175 1237 2575 1637 7152 7652
1330 2776 1730 3176 4727 5227
843 2785 1243 3185 4284 4784
2339 3094 2739 3494 5697 6197
5290 1012 5690 1412 4194 4694
4658 2053 5058 2453 4758 5258
5011 1905 5411 2305 4310 4810
893 1617 1293 2017 8552 9052
4170 3135 4570 3535 4667 5167
2962 1251 3362 1651 6212 6712
4019 1063 4419 1463 6070 6570
5389 2300 5789 2700 8214 8714
2912 3571 3312 3971 5109 5609
815 2698 1215 3098 7212 7712
5384 3070 5784 3470 6174 6674
5061 702 5461 1102 6852 7352
1730 1450 2130 1850 7625 8125
1993 2556 2393 2956 4244 4744
3026 2705 3426 3105 8464 8964
2304 1276 2704 1676 5388 5888
4601 1733 5001 2133 6993 7493
5010 2040 5410 2440 4416 4916
4224 3387 4624 3787 8535 9035
1207 640 1607 1040 5297 5797
2479 2098 2879 2498 3695 4195
2427 213 2827 613 4234 4734
971 1012 1371 1412 4965 5465
3725 591 4125 991 6622 7122
1433 672 1833 1072 6868 7368
3297 3034 3697 3434 3500 4000
3740 2715 4140 3115 3968 4468
5251 2461 5651 2861 6881 7381
841 3538 1241 3938 5738 6238
5115 2459 5515 2859 4039 4539
4087 2899 4487 3299 6794 7294
3049 177 3449 577 7063 7563
4094 2969 4494 3369 6140 6640
1353 2956 1753 3356 5059 5559
1159 1176 1559 1576 6318 6818
2242 764 2642 1164 6041 6541
5001 879 5401 1279 7067 7567
2889 494 3289 894 4241 4741
3858 399 4258 799 7675 8175
2817 3585 3217 3985 5983 6483
3458 3457 3858 3857 8274 8774
283 1574 683 1974 4228 4728
1233 2239 1633 2639 5277 5777
5159 630 5559 1030 7818 8318
3487 3485 3887 3885 7360 7860
4685 615 5085 1015 6506 7006
175 2009 575 2409 7177 7677
5439 687 5839 1087 5235 5735
4040 1711 4440 2111 4312 4812
2764 3356 3164 3756 4398 4898
255 2662 655 3062 7421 7921
1872 1146 2272 1546 8435 8935
4600 2623 5000 3023 5717 6217
3970 903 4370 1303 3543 4043
1144 1689 1544 2089 5166 5666
119 2051 519 2451 6225 6725
1629 2353 2029 2753 4264 4764
3973 2290 4373 2690 7735 8235
1835 140 2235 540 4436 4936
4061 952 4461 1352 4591 5091
2320 564 2720 964 6281 6781
3578 2805 3978 3205 5073 5573
2 650 402 1050 4660 5160
1127 669 1527 1069 5223 5723
3181 2218 3581 2618 5770 6270
4445 2290 4845 2690 4073 4573
4597 141 4997 541 5484 5984
320 1759 720 2159 8432 8932
259 3458 659 3858 5930 6430
270 2616 670 3016 7552 8052
3168 147 3568 547 5372 5872
1531 3109 1931 3509 6975 7475
4275 763 4675 1163 5364 5864
4314 1969 4714 2369 5125 5625
1682 157 2082 557 8025 8525
2429 2412 2829 2812 7609 8109
3552 2148 3952 2548 4330 4830
2347 1374 2747 1774 4677 5177
1691 196 2091 596 7927 8427
183 326 583 726 4482 4982
3150 9 3550 409 8590 9090
3158 1325 3558 1725 8494 8994
2080 3330 2480 3730 3989 4489
4516 3536 4916 3936 5372 5872
990 2267 1390 2667 7641 8141
966 1210 1366 1610 4641 5141
2000 327 2400 727 4590 5090
2845 1971 3245 2371 8381 8881
2032 1230 2432 1630 7253 7753
1712 1264 2112 1664 7541 8041
505 3025 905 3425 5195 5695
731 1386 1131 1786 5809 6309
3405 2752 3805 3152 5911 6411
525 2083 925 2483 4108 4608
1537 1558 1937 1958 7522 8022
1305 3395 1705 3795 8108 8608
2024 2683 2424 3083 6568 7068
5415 1072 5815 1472 7699 8199
3792 1832 4192 2232 6022 6522
2857 3310 3257 3710 4193 4693
317 339 717 739 3709 4209
2217 1778 2617 2178 4081 4581
4649 2024 5049 2424 6230 6730
3882 3350 4282 3750 4293 4793
1669 523 2069 923 5295 5795
5133 2413 5533 2813 3445 3945
3259 629 3659 1029 8157 8657
5039 3010 5439 3410 7264 7764
2253 3147 2653 3547 4755 5255
4597 2748 4997 3148 7868 8368
4250 2719 4650 3119 4589 5089
4361 397 4761 797 5406 5906
85 2800 485 3200 4904 5404
1821 2455 2221 2855 6383 6883
326 2897 726 3297 3988 4488
4909 122 5309 522 4671 5171
3090 1031 3490 1431 7022 7522
5189 1770 5589 2170 7085 7585
2854 709 3254 1109 7284 7784
1310 2681 1710 3081 3550 4050
2269 3257 2669 3657 5418 5918
3358 352 3758 752 4174 4674
182 1973 582 2373 4939 5439
1587 69 1987 469 7570 8070
2657 2417 3057 2817 4950 5450
2681 2791 3081 3191 3912 4412
87 1567 487 1967 3923 4423
2340 847 2740 1247 8276 8776
4288 1703 4688 2103 5492 5992
4283 2366 4683 2766 6173 6673
5181 2545 5581 2945 5873 6373
4738 1998 5138 2398 4930 5430
2607 993 3007 1393 6736 7236
559 3064 959 3464 3612 4112
230 758 630 1158 7019 7519
410 1800 810 2200 8437 8937
1107 2913 1507 3313 5259 5759
139 1123 539 1523 7540 8040
5423 3043 5823 3443 3461 3961
326 2526 726 2926 7531 8031
329 2320 729 2720 5948 6448
1676 1544 2076 1944 5104 5604
726 14 1126 414 7129 7629
3318 531 3718 931 5700 6200
78 438 478 838 6416 6916
2529 2052 2929 2452 4720 5220
4698 1894 5098 2294 4594 5094
1671 2505 2071 2905 4421 4921
4078 2054 4478 2454 7915 8415
3891 2179 4291 2579 5863 6363
5298 2542 5698 2942 3809 4309
2564 2218 2964 2618 6387 6887
1610 1558 2010 1958 3959 4459
370 444 770 844 8629 9129
2679 2548 3079 2948 3522 4022
3505 2502 3905 2902 6119 6619
2652 1589 3052 1989 6423 6923
521 1374 921 1774 4986 5486
4580 34 4980 434 6808 7308
546 3452 946 3852 6154 6654
3584 1102 3984 1502 5827 6327
2868 638 3268 1038 5741 6241
257 459 657 859 4775 5275
1236 1556 1636 1956 3707 4207
3803 1303 4203 1703 5461 5961
5308 2547 5708 2947 8320 8820
3915 2908 4315 3308 4320 4820
414 1698 814 2098 5793 6293
3580 1549 3980 1949 6465 6965
2511 1905 2911 2305 6425 6925
2976 1689 3376 2089 7246 7746
5304 3223 5704 3623 3650 4150
603 2359 1003 2759 7908 8408
483 622 883 1022 5383 5883
2820 1562 3220 1962 3673 4173
5130 506 5530 906 5824 6324
4501 1017 4901 1417 8011 8511
3070 2898 3470 3298 6187 6687
5385 1451 5785 1851 6673 7173
2080 2331 2480 2731 3475 3975
5050 3537 5450 3937 7130 7630
3272 2499 3672 2899 7443 7943
5065 1435 5465 1835 4845 5345
3721 1323 4121 1723 5191 5691
2488 3188 2888 3588 5885 6385
1484 3305 1884 3705 7078 7578
4213 1157 4613 1557 6345 6845
2445 1352 2845 1752 6642 7142
5022 1664 5422 2064 4412 4912
3078 2127 3478 2527 5774 6274
38 501 438 901 5656 6156
2049 3000 2449 3400 6513 7013
3976 3060 4376 3460 8129 8629
3513 559 3913 959 4052 4552
4458 655 4858 1055 5158 5658
49 1049 449 1449 5679 6179
3912 1617 4312 2017 7979 8479
3324 2247 3724 2647 5055 5555
1894 1966 2294 2366 4599 5099
3200 2323 3600 2723 7118 7618
1751 1622 2151 2022 7810 8310
3086 1553 3486 1953 5281 5781
4820 3247 5220 3647 7763 8263
2116 353 2516 753 3984 4484
897 114 1297 514 6496 6996
1420 490 1820 890 5157 5657
3375 1988 3775 2388 5008 5508
3259 3534 3659 3934 8102 8602
4142 2916 4542 3316 6717 7217
842 3095 1242 3495 4252 4752
880 709 1280 1109 6078 6578
3866 2898 4266 3298 8005 8505
2189 1356 2589 1756 3661 4161
3792 1121 4192 1521 7645 8145
4393 1425 4793 1825 6067 6567
1039 1275 1439 1675 4027 4527
3533 955 3933 1355 5328 5828
5206 1043 5606 1443 5088 5588
500 798 900 1198 3896 4396
2755 1886 3155 2286 5477 5977
4167 740 4567 1140 7059 7559
2212 1464 2612 1864 5658 6158
1502 1366 1902 1766 7099 7599
888 2926 1288 3326 8284 8784
1004 1591 1404 1991 7211 7711
1183 3129 1583 3529 8446 8946
1474 804 1874 1204 3758 4258
348 417 748 817 5706 6206
1444 1542 1844 1942 5342 5842
3779 1035 4179 1435 6671 7171
2549 2729 2949 3129 8170 8670
4947 2556 5347 2956 3740 4240
3176 3577 3576 3977 5926 6426
2373 329 2773 729 5898 6398
4654 3387 5054 3787 4271 4771
33 2062 433 2462 4265 4765
813 2536 1213 2936 4983 5483
4928 2615 5328 3015 8062 8562
2194 723 2594 1123 5109 5609
2193 1285 2593 1685 4739 5239
3520 1706 3920 2106 5246 5746
4177 603 4577 1003 6751 7251
2590 2384 2990 2784 5936 6436
1263 1205 1663 1605 8455 8955
3672 3297 4072 3697 5459 5959
1082 2884 1482 3284 4911 5411
2536 2751 2936 3151 7469 7969
3249 252 3649 652 4645 5145
737 3052 1137 3452 6014 6514
628 1727 1028 2127 6926 7426
549 602 949 1002 4218 4718
1791 999 2191 1399 6848 7348
1125 199 1525 599 4073 4573
369 3171 769 3571 4891 5391
410 3548 810 3948 6263 6763
5130 2920 5530 3320 6856 7356
1953 236 2353 636 3889 4389
987 3501 1387 3901 5605 6105
5142 2329 5542 2729 3896 4396
4981 3374 5381 3774 6004 6504
1720 2560 2120 2960 7371 7871
3351 524 3751 924 4942 5442
3937 1334 4337 1734 6941 7441
1215 1364 1615 1764 5480 5980
3314 944 3714 1344 5770 6270
1128 789 1528 1189 6028 6528
3324 3544 3724 3944 7243 7743
4959 2451 5359 2851 5759 6259
2958 1636 3358 2036 3680 4180
2077 1822 2477 2222 5332 5832
2261 112 2661 512 4321 4821
4153 304 4553 704 7698 8198
3926 2420 4326 2820 8400 8900
4171 3151 4571 3551 3722 4222
709 2194 1109 2594 4018 4518
2969 753 3369 1153 6202 6702
3714 1714 4114 2114 6545 7045
356 2134 756 2534 6559 7059
4146 176 4546 576 7518 8018
2378 2493 2778 2893 6891 7391
1121 1520 1521 1920 5551 6051
3801 3550 4201 3950 4346 4846
3892 1801 4292 2201 6847 7347
2834 1582 3234 1982 5807 6307
996 3045 1396 3445 5523 6023
4544 3465 4944 3865 3522 4022
1971 2742 2371 3142 3384 3884
3863 3552 4263 3952 8310 8810
12 2775 412 3175 4727 5227
4192 2158 4592 2558 3697 4197
4748 2986 5148 3386 5363 5863
836 2708 1236 3108 5773 6273
4126 1266 4526 1666 3911 4411
2234 2087 2634 2487 8617 9117
1815 2351 2215 2751 3606 4106
3621 913 4021 1313 4497 4997
461 2743 861 3143 3409 3909
4295 1 4695 401 6897 7397
3443 2341 3843 2741 6810 7310
3741 596 4141 996 6141 6641
1826 3208 2226 3608 6851 7351
274 68 674 468 4620 5120
361 3212 761 3612 3872 4372
3449 657 3849 1057 6954 7454
266 2756 666 3156 6360 6860
4964 900 5364 1300 8006 8506
1628 954 2028 1354 4186 4686
2290 1030 2690 1430 8612 9112
1865 1172 2265 1572 3492 3992
4816 975 5216 1375 3510 4010
2323 3515 2723 3915 6919 7419
3826 436 4226 836 5361 5861
5124 3073 5524 3473 7762 8262
2104 3353 2504 3753 4379 4879
164 1347 564 1747 5693 6193
615 3120 1015 3520 8494 8994
2562 1916 2962 2316 5075 5575
5411 3497 5811 3897 6084 6584
2145 2123 2545 2523 5827 6327
3658 568 4058 968 5755 6255
3574 410 3974 810 6195 6695
887 1615 1287 2015 6551 7051
2187 619 2587 1019 6638 7138
3598 2289 3998 2689 4316 4816
1913 0 2313 400 4830 5330
4702 634 5102 1034 8511 9011
1826 2083 2226 2483 8534 9034
2067 817 2467 1217 7621 8121
1714 440 2114 840 6614 7114
4212 3292 4612 3692 3685 4185
2419 676 2819 1076 6968 7468
1040 3003 1440 3403 4136 4636
349 2558 749 2958 6882 7382
3586 2552 3986 2952 7945 8445
755 43 1155 443 8228 8728
126 1388 526 1788 8131 8631
1538 1796 1938 2196 4340 4840
3740 129 4140 529 5621 6121
1018 3109 1418 3509 4091 4591
3558 2035 3958 2435 5139 5639
5292 2064 5692 2464 6318 6818
3104 2529 3504 2929 8589 9089
3697 266 4097 666 8580 9080
4191 1367 4591 1767 8189 8689
1250 475 1650 875 8424 8924
479 1955 879 2355 3658 4158
2807 217 3207 617 6963 7463
5357 197 5757 597 4333 4833
2657 282 3057 682 3750 4250
2609 3523 3009 3923 7671 8171
3430 1776 3830 2176 5354 5854
3253 2073 3653 2473 7576 8076
403 918 803 1318 7072 7572
5386 3461 5786 3861 4429 4929
37 1768 437 2168 5861 6361
28 2462 428 2862 4970 5470
2057 2576 2457 2976 4309 4809
5074 591 5474 991 6456 6956
3455 345 3855 745 7708 8208
4042 2278 4442 2678 6041 6541
3043 970 3443 1370 4546 5046
313 117 713 517 4139 4639
4896 1214 5296 1614 5584 6084
1135 544 1535 944 7220 7720
3182 1242 3582 1642 8351 8851
3789 1260 4189 1660 3391 3891
3397 1406 3797 1806 7640 8140
667 455 1067 855 6259 6759
2217 975 2617 1375 6863 7363
1060 3057 1460 3457 4903 5403
3634 952 4034 1352 7416 7916
1470 2417 1870 2817 6906 7406
3428 2198 3828 2598 8591 9091
4887 562 5287 962 7143 7643
4912 386 5312 786 4793 5293
4754 2726 5154 3126 6593 7093
4891 3265 5291 3665 4976 5476
127 709 527 1109 3533 4033
1575 949 1975 1349 5909 6409
3573 1595 3973 1995 7214 7714
3604 1058 4004 1458 3893 4393
2220 534 2620 934 5785 6285
426 586 826 986 3970 4470
3753 1553 4153 1953 7514 8014
4141 1783 4541 2183 4254 4754
4505 374 4905 774 7220 7720
1996 369 2396 769 4884 5384
4427 162 4827 562 3455 3955
3112 344 3512 744 3431 3931
1822 2770 2222 3170 3879 4379
1720 425 2120 825 4884 5384
3288 2991 3688 3391 4939 5439
4274 3384 4674 3784 7589 8089
1572 2236 1972 2636 4415 4915
4321 2183 4721 2583 4629 5129
2257 866 2657 1266 5355 5855
2047 2567 2447 2967 6615 7115
1649 3579 2049 3979 7407 7907
2044 177 2444 577 8034 8534
2571 2628 2971 3028 4130 4630
4607 2605 5007 3005 7672 8172
902 3152 1302 3552 4404 4904
3810 3085 4210 3485 8401 8901
3313 419 3713 819 3806 4306
1421 2920 1821 3320 4930 5430
798 171 1198 571 5339 5839
443 1520 843 1920 5668 6168
121 9 521 409 4841 5341
5399 878 5799 1278 8384 8884
1529 3566 1929 3966 5614 6114
404 2467 804 2867 5739 6239
2750 3169 3150 3569 6599 7099
3097 1094 3497 1494 5436 5936
1557 430 1957 830 8022 8522
2198 2730 2598 3130 5470 5970
3720 1994 4120 2394 6521 7021
5187 2199 5587 2599 4484 4984
593 2203 993 2603 6143 6643
120 1588 520 1988 3726 4226
1125 1279 1525 1679 7831 8331
3182 3467 3582 3867 5842 6342
5133 2884 5533 3284 4540 5040
2263 2522 2663 2922 8177 8677
1724 73 2124 473 7751 8251
5089 2884 5489 3284 6988 7488
2918 244 3318 644 4559 5059
346 802 746 1202 7718 8218
2300 2944 2700 3344 3901 4401
4986 3047 5386 3447 7778 8278
2131 2798 2531 3198 8205 8705
4939 2734 5339 3134 8623 9123
1694 350 2094 750 5383 5883
4182 1817 4582 2217 7564 8064
2766 1510 3166 1910 4294 4794
3639 2867 4039 3267 6641 7141
5342 3117 5742 3517 5626 6126
671 2431 1071 2831 5899 6399
3829 2330 4229 2730 4489 4989
4055 151 4455 551 5547 6047
1307 3044 1707 3444 6232 6732
2556 1101 2956 1501 6103 6603
201 390 601 790 7625 8125
2435 2571 2835 2971 6169 6669
4349 955 4749 1355 6387 6887
4624 1663 5024 2063 7757 8257
2893 3243 3293 3643 7109 7609
2878 2580 3278 2980 7593 8093
1761 2800 2161 3200 5149 5649
135 997 535 1397 5135 5635
3562 1777 3962 2177 5321 5821
2600 3401 3000 3801 7580 8080
430 3063 830 3463 3845 4345
2186 2136 2586 2536 5919 6419
5005 3142 5405 3542 8069 8569
5172 463 5572 863 6726 7226
4896 3 5296 403 5602 6102
1971 495 2371 895 8473 8973
2183 2742 2583 3142 6560 7060
2706 1905 3106 2305 5662 6162
2772 1614 3172 2014 5013 5513
4825 1994 5225 2394 6860 7360
361 2760 761 3160 8503 9003
1955 80 2355 480 4100 4600
2907 1463 3307 1863 5795 6295
859 637 1259 1037 6656 7156
2011 1979 2411 2379 7270 7770
3703 3494 4103 3894 4625 5125
1480 3432 1880 3832 6613 7113
1735 2032 2135 2432 6401 6901
518 27 918 427 3579 4079
4579 1390 4979 1790 3689 4189
3029 2110 3429 2510 4195 4695
1509 487 1909 887 6764 7264
2771 602 3171 1002 6338 6838
2844 1901 3244 2301 8615 9115
1226 1865 1626 2265 4763 5263
497 2226 897 2626 6565 7065
4163 3475 4563 3875 5024 5524
2790 2719 3190 3119 7187 7687
4831 2465 5231 2865 4375 4875
404 891 804 1291 3809 4309
428 2907 828 3307 7015 7515
5018 2283 5418 2683 4025 4525
3230 1156 3630 1556 7925 8425
2632 2668 3032 3068 7606 8106
393 1591 793 1991 6520 7020
4287 3038 4687 3438 4215 4715
2525 302 2925 702 8475 8975
3046 1237 3446 1637 4096 4596
3116 2056 3516 2456 6494 6994
65 772 465 1172 4282 4782
4475 2980 4875 3380 6122 6622
2947 2147 3347 2547 6704 7204
314 444 714 844 6757 7257
4924 2355 5324 2755 6120 6620
1629 1314 2029 1714 5394 5894
3007 2903 3407 3303 5893 6393
5073 1321 5473 1721 6284 6784
987 1512 1387 1912 7223 7723
805 1906 1205 2306 6375 6875
2166 440 2566 840 6727 7227
1646 595 2046 995 8500 9000
2274 2390 2674 2790 4664 5164
2996 620 3396 1020 6561 7061
1143 998 1543 1398 4035 4535
2437 3336 2837 3736 7598 8098
99 2876 499 3276 5517 6017
2632 2775 3032 3175 3574 4074
1068 3488 1468 3888 3517 4017
445 1460 845 1860 3892 4392
784 3339 1184 3739 5704 6204
2174 142 2574 542 6899 7399
2479 468 2879 868 5757 6257
1591 2418 1991 2818 8296 8796
2741 3549 3141 3949 8437 8937
557 836 957 1236 7923 8423
874 1562 1274 1962 7222 7722
5415 3074 5815 3474 4591 5091
2947 2073 3347 2473 7815 8315
2272 1307 2672 1707 6988 7488
750 2831 1150 3231 5423 5923
1324 217 1724 617 6523 7023
3028 1556 3428 1956 5278 5778
805 1794 1205 2194 7703 8203
410 2884 810 3284 3965 4465
4205 3582 4605 3982 7445 7945
2936 3110 3336 3510 6947 7447
2490 189 2890 589 7675 8175
2499 324 2899 724 7370 7870
1386 2353 1786 2753 4518 5018
5399 982 5799 1382 7489 7989
3257 1760 3657 2160 6514 7014
4612 2264 5012 2664 6626 7126
4047 2210 4447 2610 6628 7128
4245 2220 4645 2620 4440 4940
908 3291 1308 3691 5995 6495
2229 3067 2629 3467 7665 8165
2552 244 2952 644 3740 4240
2260 1778 2660 2178 4962 5462
2421 3374 2821 3774 3620 4120
3482 2892 3882 3292 5504 6004
785 3090 1185 3490 7679 8179
4823 1089 5223 1489 8499 8999
1753 2468 2153 2868 5080 5580
4363 354 4763 754 4934 5434
1950 3405 2350 3805 7954 8454
196 146 596 546 5567 6067
292 850 692 1250 6894 7394
5089 1390 5489 1790 5298 5798
3775 238 4175 638 5224 5724
1500 212 1900 612 5115 5615
4457 2052 4857 2452 4343 4843
3087 865 3487 1265 3472 3972
419 1226 819 1626 7092 7592
3014 1330 3414 1730 3728 4228
402 459 802 859 4608 5108
5105 2195 5505 2595 5855 6355
860 1866 1260 2266 8457 8957
1354 1752 1754 2152 3594 4094
3330 1596 3730 1996 5803 6303
486 151 886 551 8375 8875
3346 1999 3746 2399 4892 5392
4601 3209 5001 3609 3764 4264
544 353 944 753 5661 6161
978 2843 1378 3243 5984 6484
1831 2097 2231 2497 5801 6301
4325 2916 4725 3316 7737 8237
2371 3255 2771 3655 8230 8730
3962 2779 4362 3179 4969 5469
3669 3264 4069 3664 4907 5407
3913 2394 4313 2794 8295 8795
5299 1551 5699 1951 4045 4545
608 3244 1008 3644 4417 4917
2981 1360 3381 1760 4096 4596
413 459 813 859 4791 5291
460 313 860 713 5478 5978
4757 727 5157 1127 8155 8655
371 337 771 737 4479 4979
1038 1503 1438 1903 5924 6424
3843 2014 4243 2414 3880 4380
1680 2108 2080 2508 8151 8651
1805 3509 2205 3909 4673 5173
