1000
620 1768 820 1968 7059 7159
2649 1073 2849 1273 4716 4816
48 3280 248 3480 4001 4101
1325 3501 1525 3701 4856 4956
423 1065 623 1265 7668 7768
1594 321 1794 521 7619 7719
1937 2622 2137 2822 4483 4583
2603 2521 2803 2721 3799 3899
2351 2278 2551 2478 5550 5650
601 1168 801 1368 5526 5626
1014 1808 1214 2008 4579 4679
2428 2509 2628 2709 5045 5145
1377 2467 1577 2667 7073 7173
3143 785 3343 985 7217 7317
5029 1722 5229 1922 3799 3899
2368 3101 2568 3301 8827 8927
1787 2268 1987 2468 3849 3949
1534 214 1734 414 4752 4852
1155 2891 1355 3091 3715 3815
1726 1793 1926 1993 4939 5039
4974 3526 5174 3726 3706 3806
2936 3115 3136 3315 7580 7680
2117 227 2317 427 4856 4956
840 3078 1040 3278 5179 5279
4508 645 4708 845 5538 5638
1661 3028 1861 3228 7902 8002
4567 708 4767 908 7449 7549
2939 3040 3139 3240 7437 7537
5555 226 5755 426 4499 4599
4388 37 4588 237 7753 7853
5529 3018 5729 3218 4244 4344
3957 1804 4157 2004 8997 9097
2170 532 2370 732 7932 8032
140 2480 340 2680 8927 9027
4984 2018 5184 2218 6219 6319
52 1742 252 1942 7265 7365
3709 1234 3909 1434 4975 5075
1122 3117 1322 3317 4552 4652
306 2309 506 2509 5494 5594
3766 2621 3966 2821 6821 6921
744 2951 944 3151 6599 6699
3536 2838 3736 3038 7616 7716
3137 989 3337 1189 7457 7557
1000 1404 1200 1604 4156 4256
116 2598 316 2798 7228 7328
5590 2491 5790 2691 7342 7442
2716 1916 2916 2116 5867 5967
4562 870 4762 1070 7368 7468
1381 3368 1581 3568 5050 5150
5458 2430 5658 2630 7435 7535
1748 1380 1948 1580 3823 3923
638 1475 838 1675 5889 5989
5140 497 5340 697 8083 8183
298 206 498 406 6221 6321
3798 1408 3998 1608 7782 7882
3377 2480 3577 2680 3594 3694
469 2648 669 2848 5437 5537
5358 351 5558 551 6052 6152
3983 2430 4183 2630 5416 5516
1825 1509 2025 1709 6238 6338
3348 1426 3548 1626 4070 4170
2646 659 2846 859 8616 8716
3677 1751 3877 1951 6914 7014
2970 2226 3170 2426 6685 6785
590 3033 790 3233 6237 6337
1445 120 1645 320 8418 8518
23 2830 223 3030 4854 4954
5521 2527 5721 2727 5328 5428
2140 58 2340 258 4423 4523
1467 1 1667 201 6771 6871
1551 439 1751 639 6064 6164
3213 522 3413 722 7110 7210
4196 79 4396 279 8485 8585
2073 2370 2273 2570 4517 4617
3332 1196 3532 1396 7331 7431
2678 2219 2878 2419 7864 7964
5397 327 5597 527 3491 3591
2999 3507 3199 3707 6466 6566
5611 2758 5811 2958 5358 5458
3256 2979 3456 3179 7517 7617
1316 1269 1516 1469 7249 7349
1615 2069 1815 2269 6585 6685
4639 3055 4839 3255 3956 4056
4323 3192 4523 3392 4072 4172
812 1208 1012 1408 7276 7376
3545 1522 3745 1722 7570 7670
4543 1333 4743 1533 4247 4347
4350 229 4550 429 3463 3563
2531 90 2731 290 5390 5490
3223 1078 3423 1278 4826 4926
2533 3169 2733 3369 3707 3807
3657 3251 3857 3451 5243 5343
3677 1981 3877 2181 6501 6601
477 1112 677 1312 6934 7034
2667 2870 2867 3070 4188 4288
5122 3479 5322 3679 6798 6898
3646 3058 3846 3258 4385 4485
3979 637 4179 837 4101 4201
133 274 333 474 5393 5493
40 2028 240 2228 6153 6253
5091 3630 5291 3830 7273 7373
5557 1719 5757 1919 5777 5877
4498 617 4698 817 8563 8663
470 405 670 605 7827 7927
1111 2714 1311 2914 6297 6397
4112 1137 4312 1337 7931 8031
871 1696 1071 1896 7466 7566
2273 2446 2473 2646 5022 5122
112 825 312 1025 5274 5374
5564 1861 5764 2061 6121 6221
5040 2463 5240 2663 4459 4559
5344 98 5544 298 4168 4268
2375 3699 2575 3899 5952 6052
848 1856 1048 2056 4727 4827
4859 2354 5059 2554 8445 8545
4014 3339 4214 3539 4003 4103
1629 1794 1829 1994 8518 8618
2401 1322 2601 1522 5860 5960
4809 1413 5009 1613 9039 9139
104 2158 304 2358 8735 8835
2867 1572 3067 1772 7985 8085
4196 3617 4396 3817 7124 7224
2108 141 2308 341 3936 4036
204 1466 404 1666 8800 8900
4603 1896 4803 2096 8272 8372
821 1238 1021 1438 4749 4849
5263 3763 5463 3963 8907 9007
4727 1127 4927 1327 6335 6435
3042 1569 3242 1769 5010 5110
265 1561 465 1761 6956 7056
2228 2394 2428 2594 3616 3716
2589 2366 2789 2566 6142 6242
1340 926 1540 1126 5602 5702
2827 2493 3027 2693 4679 4779
1803 1400 2003 1600 7829 7929
5172 1894 5372 2094 6641 6741
47 1310 247 1510 7255 7355
4071 605 4271 805 8098 8198
2594 696 2794 896 5151 5251
1368 1668 1568 1868 5059 5159
241 1582 441 1782 8992 9092
4177 1370 4377 1570 6699 6799
1521 391 1721 591 6228 6328
289 2344 489 2544 7649 7749
1329 3014 1529 3214 5071 5171
3709 954 3909 1154 8308 8408
235 1034 435 1234 5073 5173
3744 3519 3944 3719 7763 7863
5279 1389 5479 1589 5020 5120
3931 1390 4131 1590 5022 5122
5523 2618 5723 2818 3375 3475
1564 3636 1764 3836 4693 4793
1814 2729 2014 2929 8640 8740
2816 1569 3016 1769 6023 6123
4776 3153 4976 3353 7940 8040
786 245 986 445 3865 3965
3102 946 3302 1146 9023 9123
5553 3686 5753 3886 3766 3866
1584 2784 1784 2984 3975 4075
5445 2079 5645 2279 5621 5721
476 861 676 1061 6620 6720
113 3057 313 3257 7217 7317
1378 1900 1578 2100 6094 6194
5613 3649 5813 3849 7062 7162
4133 924 4333 1124 4180 4280
4460 2728 4660 2928 5066 5166
406 1083 606 1283 8903 9003
3378 3370 3578 3570 6656 6756
296 1853 496 2053 4632 4732
5188 1030 5388 1230 4613 4713
2423 2569 2623 2769 5777 5877
3448 1241 3648 1441 4916 5016
1158 2956 1358 3156 4431 4531
2715 2035 2915 2235 4017 4117
2691 3092 2891 3292 5445 5545
2416 799 2616 999 4746 4846
5598 3712 5798 3912 5277 5377
1039 3734 1239 3934 7811 7911
3841 2112 4041 2312 7911 8011
2209 3299 2409 3499 6298 6398
150 3351 350 3551 7131 7231
3112 1087 3312 1287 6327 6427
1376 3203 1576 3403 5208 5308
2321 3297 2521 3497 4955 5055
3200 666 3400 866 4130 4230
2994 735 3194 935 8884 8984
2491 3010 2691 3210 8373 8473
4791 3105 4991 3305 8250 8350
4091 167 4291 367 4820 4920
1974 3050 2174 3250 4356 4456
3809 1693 4009 1893 6600 6700
4357 3027 4557 3227 5972 6072
3729 238 3929 438 3808 3908
3305 558 3505 758 4411 4511
2905 1566 3105 1766 4224 4324
1096 2655 1296 2855 7216 7316
2188 3543 2388 3743 5323 5423
945 2251 1145 2451 8168 8268
594 1411 794 1611 5187 5287
1507 2876 1707 3076 7401 7501
3157 1606 3357 1806 7874 7974
2249 2439 2449 2639 7431 7531
2156 2076 2356 2276 3529 3629
3960 1944 4160 2144 4477 4577
4661 276 4861 476 5252 5352
1308 3226 1508 3426 7930 8030
1958 2461 2158 2661 4127 4227
852 954 1052 1154 7088 7188
4518 908 4718 1108 4246 4346
25 2166 225 2366 8972 9072
714 1955 914 2155 5604 5704
1018 565 1218 765 3573 3673
4201 3676 4401 3876 7415 7515
129 3088 329 3288 7630 7730
2558 3630 2758 3830 4221 4321
3329 636 3529 836 6777 6877
5285 174 5485 374 7893 7993
5428 2983 5628 3183 8484 8584
2756 767 2956 967 7758 7858
1361 1295 1561 1495 7166 7266
3293 3076 3493 3276 3603 3703
1002 2473 1202 2673 5968 6068
4336 241 4536 441 5524 5624
176 421 376 621 5868 5968
3034 1300 3234 1500 6460 6560
4381 2175 4581 2375 8155 8255
5389 1900 5589 2100 5038 5138
2530 1748 2730 1948 4732 4832
2390 169 2590 369 7945 8045
5486 2377 5686 2577 5154 5254
1968 1375 2168 1575 7640 7740
786 300 986 500 8568 8668
4037 1592 4237 1792 4748 4848
2595 2787 2795 2987 6747 6847
268 497 468 697 6843 6943
1718 330 1918 530 8497 8597
2536 973 2736 1173 8090 8190
4831 3355 5031 3555 4798 4898
3588 2361 3788 2561 8007 8107
3401 1961 3601 2161 4746 4846
4218 520 4418 720 7864 7964
1114 1524 1314 1724 5097 5197
672 206 872 406 7056 7156
1453 3304 1653 3504 4869 4969
3585 973 3785 1173 8462 8562
3911 3705 4111 3905 8929 9029
117 735 317 935 5585 5685
3055 2109 3255 2309 8623 8723
1152 3207 1352 3407 7729 7829
2807 258 3007 458 8869 8969
3740 628 3940 828 4502 4602
1527 1321 1727 1521 6196 6296
2812 2542 3012 2742 5212 5312
572 730 772 930 6861 6961
548 1638 748 1838 6393 6493
134 1235 334 1435 8476 8576
3711 957 3911 1157 6556 6656
5233 2703 5433 2903 7971 8071
1667 619 1867 819 4323 4423
1044 208 1244 408 7435 7535
2980 1575 3180 1775 7754 7854
3954 765 4154 965 7039 7139
4601 1139 4801 1339 8907 9007
3393 489 3593 689 3398 3498
2848 1602 3048 1802 8386 8486
3083 2707 3283 2907 4668 4768
251 1863 451 2063 7127 7227
2454 43 2654 243 6637 6737
3089 2874 3289 3074 4625 4725
104 574 304 774 7308 7408
2616 2707 2816 2907 4722 4822
3334 1452 3534 1652 7029 7129
3524 605 3724 805 7778 7878
3784 1902 3984 2102 3405 3505
5565 2577 5765 2777 8326 8426
1172 3603 1372 3803 6537 6637
157 344 357 544 3595 3695
2484 3409 2684 3609 8964 9064
5569 3502 5769 3702 5220 5320
4922 3093 5122 3293 5551 5651
3199 2440 3399 2640 8206 8306
4292 2171 4492 2371 6138 6238
3937 2869 4137 3069 7842 7942
4868 1743 5068 1943 7909 8009
2018 315 2218 515 7321 7421
1575 964 1775 1164 3431 3531
3598 384 3798 584 7013 7113
364 1802 564 2002 4245 4345
2899 3382 3099 3582 6977 7077
1438 411 1638 611 4823 4923
2588 2230 2788 2430 5006 5106
3690 2813 3890 3013 6242 6342
3056 2185 3256 2385 4948 5048
5212 1485 5412 1685 5733 5833
2345 3473 2545 3673 7044 7144
2716 1410 2916 1610 4139 4239
3919 1804 4119 2004 3983 4083
488 447 688 647 6244 6344
444 1184 644 1384 4430 4530
1158 2348 1358 2548 7046 7146
2734 712 2934 912 5109 5209
2148 515 2348 715 7221 7321
2658 1678 2858 1878 5701 5801
2146 1797 2346 1997 8117 8217
4322 3513 4522 3713 7254 7354
3468 323 3668 523 5560 5660
681 370 881 570 4619 4719
1759 1729 1959 1929 6237 6337
3469 1737 3669 1937 6247 6347
99 2366 299 2566 9009 9109
2136 2169 2336 2369 4436 4536
1496 1318 1696 1518 8702 8802
2396 452 2596 652 7566 7666
3056 170 3256 370 5501 5601
2703 1477 2903 1677 6114 6214
3356 3157 3556 3357 8617 8717
797 2373 997 2573 8050 8150
4264 2571 4464 2771 8986 9086
2839 222 3039 422 8209 8309
4988 1769 5188 1969 5237 5337
789 762 989 962 8771 8871
4114 2493 4314 2693 3439 3539
1654 2173 1854 2373 3451 3551
2029 1987 2229 2187 6295 6395
4810 1151 5010 1351 4576 4676
985 867 1185 1067 6055 6155
4552 1016 4752 1216 7413 7513
2506 1132 2706 1332 5171 5271
901 3194 1101 3394 7873 7973
181 3053 381 3253 8399 8499
1428 2318 1628 2518 8844 8944
1811 1703 2011 1903 6859 6959
3328 3253 3528 3453 4712 4812
3070 3315 3270 3515 7895 7995
3185 2947 3385 3147 5725 5825
2278 332 2478 532 6176 6276
3664 2655 3864 2855 8928 9028
2383 3424 2583 3624 5470 5570
271 1359 471 1559 4339 4439
569 2737 769 2937 8410 8510
3453 1583 3653 1783 3806 3906
5417 1597 5617 1797 7019 7119
2164 2567 2364 2767 3865 3965
1732 2675 1932 2875 8297 8397
1536 3621 1736 3821 8598 8698
4202 1552 4402 1752 7512 7612
1882 3426 2082 3626 8704 8804
786 3276 986 3476 4587 4687
5329 3672 5529 3872 8954 9054
1276 2568 1476 2768 5547 5647
4973 201 5173 401 5061 5161
286 2666 486 2866 5647 5747
2461 2584 2661 2784 6444 6544
1944 3661 2144 3861 5954 6054
690 1020 890 1220 8680 8780
3508 2675 3708 2875 4489 4589
26 1893 226 2093 8985 9085
437 3490 637 3690 5112 5212
1530 258 1730 458 6010 6110
4130 1462 4330 1662 4843 4943
2853 283 3053 483 4129 4229
4692 570 4892 770 5253 5353
176 226 376 426 8543 8643
3764 234 3964 434 8742 8842
1755 3169 1955 3369 4706 4806
2824 1315 3024 1515 4458 4558
3683 3398 3883 3598 8295 8395
2127 1409 2327 1609 8855 8955
693 3365 893 3565 5729 5829
5140 1492 5340 1692 3974 4074
4756 58 4956 258 4540 4640
2994 2177 3194 2377 7862 7962
5195 3375 5395 3575 7830 7930
2317 2420 2517 2620 6520 6620
1583 3516 1783 3716 8857 8957
4603 414 4803 614 4642 4742
4299 2268 4499 2468 3685 3785
2401 2633 2601 2833 4721 4821
5412 3253 5612 3453 4226 4326
1662 991 1862 1191 6854 6954
3709 685 3909 885 5952 6052
5168 2536 5368 2736 6370 6470
761 1608 961 1808 8804 8904
4002 3547 4202 3747 8149 8249
65 2882 265 3082 6989 7089
846 3695 1046 3895 6544 6644
4136 1797 4336 1997 7931 8031
4320 2145 4520 2345 5428 5528
1759 625 1959 825 5515 5615
3624 2829 3824 3029 7672 7772
2763 1084 2963 1284 3613 3713
1953 3277 2153 3477 4505 4605
245 105 445 305 3401 3501
3456 3198 3656 3398 8633 8733
4070 2918 4270 3118 6985 7085
3841 164 4041 364 8623 8723
5441 2322 5641 2522 4875 4975
1348 648 1548 848 8843 8943
4895 2622 5095 2822 8076 8176
5417 1737 5617 1937 7441 7541
2337 1016 2537 1216 6611 6711
411 517 611 717 3595 3695
2557 147 2757 347 4465 4565
2536 1750 2736 1950 5502 5602
2742 3207 2942 3407 8275 8375
4681 1171 4881 1371 5352 5452
1675 2181 1875 2381 8413 8513
3664 1641 3864 1841 8943 9043
1693 3717 1893 3917 5783 5883
1173 3319 1373 3519 7037 7137
3691 3710 3891 3910 8939 9039
1750 3303 1950 3503 4312 4412
368 2366 568 2566 5913 6013
304 2505 504 2705 6908 7008
5486 2729 5686 2929 4827 4927
4695 588 4895 788 4867 4967
4420 1308 4620 1508 6114 6214
3078 616 3278 816 7458 7558
4991 656 5191 856 8447 8547
634 2054 834 2254 8066 8166
4839 3099 5039 3299 4018 4118
3368 1074 3568 1274 4722 4822
3741 1527 3941 1727 8803 8903
560 23 760 223 3374 3474
2772 3560 2972 3760 8195 8295
3317 3653 3517 3853 4203 4303
242 3529 442 3729 3901 4001
4554 178 4754 378 4702 4802
754 3380 954 3580 4831 4931
4945 2084 5145 2284 4904 5004
5620 298 5820 498 8991 9091
5117 3631 5317 3831 6485 6585
3771 3466 3971 3666 7369 7469
4065 3012 4265 3212 4558 4658
2893 220 3093 420 4274 4374
3073 3628 3273 3828 7332 7432
3494 1474 3694 1674 5956 6056
266 2802 466 3002 3607 3707
2617 3182 2817 3382 9019 9119
884 1000 1084 1200 7597 7697
1803 1106 2003 1306 8677 8777
3426 1139 3626 1339 8068 8168
1861 602 2061 802 5133 5233
3117 1860 3317 2060 5574 5674
1707 2879 1907 3079 7260 7360
3115 2587 3315 2787 5977 6077
756 43 956 243 8891 8991
4539 1886 4739 2086 8987 9087
618 1130 818 1330 4683 4783
5268 3764 5468 3964 6724 6824
2275 439 2475 639 4380 4480
1891 1855 2091 2055 5545 5645
1997 3016 2197 3216 4323 4423
463 3179 663 3379 7725 7825
3568 2368 3768 2568 5997 6097
2726 2612 2926 2812 3963 4063
1178 3023 1378 3223 8124 8224
4883 3331 5083 3531 3584 3684
1396 3714 1596 3914 4592 4692
2678 3011 2878 3211 5360 5460
2543 3307 2743 3507 7420 7520
818 2630 1018 2830 8216 8316
2545 3081 2745 3281 6773 6873
213 2055 413 2255 5509 5609
3528 1824 3728 2024 4683 4783
4025 2610 4225 2810 3617 3717
4702 437 4902 637 3765 3865
3563 2113 3763 2313 6132 6232
648 2097 848 2297 4355 4455
4366 2042 4566 2242 6593 6693
4167 678 4367 878 4805 4905
1856 2913 2056 3113 4297 4397
857 2283 1057 2483 4098 4198
2957 923 3157 1123 7549 7649
5631 2222 5831 2422 7097 7197
4793 1459 4993 1659 5051 5151
3636 1220 3836 1420 5596 5696
2763 3079 2963 3279 8583 8683
1072 1321 1272 1521 4202 4302
4748 2408 4948 2608 5103 5203
2134 1764 2334 1964 7389 7489
1148 566 1348 766 3893 3993
3528 2200 3728 2400 4037 4137
5630 3612 5830 3812 5613 5713
2278 1910 2478 2110 6378 6478
2528 3264 2728 3464 8958 9058
3542 1152 3742 1352 6695 6795
705 3191 905 3391 5923 6023
4543 2048 4743 2248 8435 8535
5169 699 5369 899 4116 4216
5185 1416 5385 1616 7871 7971
1494 642 1694 842 6744 6844
479 1800 679 2000 8740 8840
4610 1108 4810 1308 8433 8533
2817 3684 3017 3884 7031 7131
4271 2219 4471 2419 5848 5948
1639 854 1839 1054 5129 5229
5264 27 5464 227 6849 6949
1635 1850 1835 2050 8100 8200
2757 80 2957 280 4197 4297
1638 2830 1838 3030 7193 7293
2447 2439 2647 2639 7183 7283
1397 2557 1597 2757 6674 6774
4988 2460 5188 2660 7973 8073
4743 1540 4943 1740 3920 4020
727 3549 927 3749 3912 4012
3299 76 3499 276 7118 7218
4661 2211 4861 2411 4427 4527
2087 1632 2287 1832 6719 6819
2138 2722 2338 2922 5068 5168
3922 2558 4122 2758 4366 4466
3932 633 4132 833 5471 5571
3240 1314 3440 1514 3888 3988
5374 732 5574 932 6881 6981
4607 228 4807 428 6004 6104
3140 182 3340 382 6775 6875
3501 3119 3701 3319 6603 6703
3592 2589 3792 2789 7231 7331
4042 3314 4242 3514 8702 8802
3677 2010 3877 2210 8833 8933
2025 2440 2225 2640 4278 4378
4196 2217 4396 2417 8368 8468
401 3516 601 3716 5889 5989
2327 2064 2527 2264 5371 5471
3302 2772 3502 2972 6206 6306
425 3253 625 3453 7966 8066
3610 1926 3810 2126 4299 4399
3214 1175 3414 1375 7372 7472
4426 2560 4626 2760 7745 7845
3163 327 3363 527 4478 4578
2182 629 2382 829 5646 5746
2971 3286 3171 3486 6894 6994
2486 1604 2686 1804 6365 6465
2126 3474 2326 3674 8941 9041
1010 3753 1210 3953 7886 7986
3957 180 4157 380 6911 7011
336 899 536 1099 4975 5075
4652 2922 4852 3122 7407 7507
4719 2391 4919 2591 5505 5605
2548 2469 2748 2669 8285 8385
202 3609 402 3809 6106 6206
1602 766 1802 966 7213 7313
5117 3706 5317 3906 8037 8137
2553 72 2753 272 6587 6687
5002 3528 5202 3728 4792 4892
71 2901 271 3101 8446 8546
2106 3703 2306 3903 8035 8135
3252 1453 3452 1653 8372 8472
1459 1800 1659 2000 3559 3659
770 2728 970 2928 4595 4695
4786 175 4986 375 7186 7286
4176 382 4376 582 4989 5089
3058 1028 3258 1228 6162 6262
1759 1826 1959 2026 7554 7654
2606 2572 2806 2772 7077 7177
3184 2237 3384 2437 7566 7666
3843 1805 4043 2005 5437 5537
2551 1670 2751 1870 5707 5807
2524 2269 2724 2469 4200 4300
2471 91 2671 291 3710 3810
5630 3 5830 203 6923 7023
2750 3427 2950 3627 7937 8037
2519 2246 2719 2446 7115 7215
1630 1864 1830 2064 4943 5043
2287 1217 2487 1417 8571 8671
5347 994 5547 1194 3926 4026
3486 638 3686 838 3379 3479
2529 2579 2729 2779 6953 7053
1565 2875 1765 3075 4838 4938
5160 3180 5360 3380 4837 4937
4581 3693 4781 3893 6195 6295
5595 2691 5795 2891 7558 7658
4087 201 4287 401 5521 5621
5176 3731 5376 3931 3820 3920
132 1210 332 1410 4091 4191
5163 3769 5363 3969 3667 3767
3494 1375 3694 1575 7623 7723
2720 2324 2920 2524 5195 5295
452 2738 652 2938 5475 5575
3866 616 4066 816 4562 4662
2374 1748 2574 1948 3679 3779
687 3247 887 3447 6643 6743
2904 2487 3104 2687 6892 6992
802 1234 1002 1434 5639 5739
1629 2846 1829 3046 4557 4657
2504 23 2704 223 7353 7453
817 336 1017 536 6884 6984
487 1787 687 1987 6796 6896
3991 2247 4191 2447 5336 5436
2418 3244 2618 3444 7424 7524
4032 1809 4232 2009 5219 5319
3030 2537 3230 2737 7944 8044
2238 1254 2438 1454 4736 4836
4022 2476 4222 2676 5010 5110
4372 1257 4572 1457 7829 7929
5575 2616 5775 2816 3895 3995
1544 2215 1744 2415 4173 4273
1482 2224 1682 2424 7090 7190
2049 2951 2249 3151 3961 4061
4963 1201 5163 1401 4432 4532
3874 2424 4074 2624 7460 7560
3514 1974 3714 2174 4530 4630
3609 2541 3809 2741 5499 5599
2683 3588 2883 3788 6848 6948
269 3514 469 3714 4937 5037
2066 1259 2266 1459 6155 6255
2030 2123 2230 2323 5131 5231
3504 1410 3704 1610 3606 3706
3491 1444 3691 1644 7495 7595
2521 2695 2721 2895 3475 3575
4383 1977 4583 2177 4075 4175
170 2570 370 2770 3935 4035
1623 1650 1823 1850 3817 3917
516 174 716 374 5663 5763
3064 2438 3264 2638 7652 7752
5407 3685 5607 3885 6881 6981
4257 2408 4457 2608 7332 7432
507 3536 707 3736 4340 4440
132 3524 332 3724 6999 7099
1560 2350 1760 2550 5936 6036
1490 988 1690 1188 6785 6885
3880 1986 4080 2186 4145 4245
554 2602 754 2802 7329 7429
4956 1028 5156 1228 4785 4885
4185 1271 4385 1471 6980 7080
2613 49 2813 249 5456 5556
98 3778 298 3978 3897 3997
3825 3272 4025 3472 8774 8874
3918 2286 4118 2486 8379 8479
2427 1500 2627 1700 8972 9072
4314 3646 4514 3846 7524 7624
2097 2017 2297 2217 4037 4137
4929 116 5129 316 6917 7017
5063 2017 5263 2217 6956 7056
5106 1434 5306 1634 3540 3640
5250 2622 5450 2822 5486 5586
1922 28 2122 228 8328 8428
2715 3379 2915 3579 5648 5748
5494 2680 5694 2880 9021 9121
2391 2439 2591 2639 5563 5663
1492 1550 1692 1750 8297 8397
1692 3520 1892 3720 5009 5109
3009 1047 3209 1247 3513 3613
1424 323 1624 523 5835 5935
2942 2313 3142 2513 5437 5537
5063 322 5263 522 5671 5771
1836 1098 2036 1298 6888 6988
3008 1717 3208 1917 8960 9060
3520 3444 3720 3644 4677 4777
3353 1463 3553 1663 4916 5016
4143 1925 4343 2125 4995 5095
1663 3550 1863 3750 5818 5918
5360 2991 5560 3191 8160 8260
4581 2112 4781 2312 4641 4741
4207 1941 4407 2141 3925 4025
2782 3751 2982 3951 8041 8141
2845 2257 3045 2457 5228 5328
4417 2031 4617 2231 7349 7449
118 3283 318 3483 5962 6062
4996 697 5196 897 4495 4595
4556 2636 4756 2836 4460 4560
3188 2083 3388 2283 4342 4442
2837 1846 3037 2046 4806 4906
2944 2781 3144 2981 5310 5410
2702 95 2902 295 3770 3870
1730 3563 1930 3763 6024 6124
5049 1396 5249 1596 4430 4530
3375 3494 3575 3694 3945 4045
4990 3364 5190 3564 8425 8525
4180 3687 4380 3887 4935 5035
3186 3100 3386 3300 8583 8683
3499 2416 3699 2616 8870 8970
1171 2883 1371 3083 7433 7533
4700 218 4900 418 5995 6095
4304 76 4504 276 5440 5540
2773 2499 2973 2699 3745 3845
5172 208 5372 408 4790 4890
2054 1164 2254 1364 4845 4945
1916 1753 2116 1953 6988 7088
2562 3149 2762 3349 6858 6958
1856 2274 2056 2474 4419 4519
3712 1054 3912 1254 4455 4555
4229 3039 4429 3239 7834 7934
2898 1348 3098 1548 7078 7178
4452 3425 4652 3625 5965 6065
1740 2870 1940 3070 6631 6731
3033 373 3233 573 3988 4088
47 1253 247 1453 7142 7242
2612 2210 2812 2410 4645 4745
5280 1986 5480 2186 8845 8945
1614 1280 1814 1480 7021 7121
1887 1197 2087 1397 5931 6031
3496 3081 3696 3281 4966 5066
3636 1176 3836 1376 7141 7241
5175 1325 5375 1525 8726 8826
5176 561 5376 761 6031 6131
5215 3240 5415 3440 7379 7479
4702 3155 4902 3355 5650 5750
1370 1532 1570 1732 5509 5609
133 1735 333 1935 7920 8020
5173 3650 5373 3850 8778 8878
2751 506 2951 706 7628 7728
1933 1581 2133 1781 7458 7558
3812 2896 4012 3096 6663 6763
1732 2399 1932 2599 7865 7965
5636 1698 5836 1898 7466 7566
1452 3292 1652 3492 7418 7518
5406 3587 5606 3787 3473 3573
2780 3009 2980 3209 4354 4454
980 1780 1180 1980 8008 8108
2568 2311 2768 2511 4077 4177
3684 805 3884 1005 7454 7554
2475 2855 2675 3055 5378 5478
2941 3159 3141 3359 7981 8081
2491 3066 2691 3266 3543 3643
5426 2200 5626 2400 4417 4517
2280 1160 2480 1360 8193 8293
1574 321 1774 521 8892 8992
3433 2467 3633 2667 8705 8805
4676 675 4876 875 8906 9006
4941 3795 5141 3995 6792 6892
125 964 325 1164 6012 6112
3399 1722 3599 1922 3459 3559
1410 70 1610 270 7977 8077
3285 1725 3485 1925 6330 6430
2916 1201 3116 1401 3872 3972
5403 3601 5603 3801 6425 6525
4605 3085 4805 3285 6659 6759
5298 3546 5498 3746 6852 6952
3061 3509 3261 3709 3475 3575
3667 3178 3867 3378 6744 6844
1083 2403 1283 2603 6641 6741
3627 950 3827 1150 7423 7523
1796 400 1996 600 3418 3518
5121 3650 5321 3850 3589 3689
3900 3227 4100 3427 8340 8440
3768 2361 3968 2561 4759 4859
538 542 738 742 4144 4244
5181 618 5381 818 6596 6696
3553 1798 3753 1998 9009 9109
2199 2061 2399 2261 4684 4784
3765 1449 3965 1649 7243 7343
576 2297 776 2497 5344 5444
596 3659 796 3859 6663 6763
1278 355 1478 555 6053 6153
4885 1521 5085 1721 7774 7874
73 1016 273 1216 8785 8885
251 1533 451 1733 5729 5829
1353 1861 1553 2061 8217 8317
1095 3729 1295 3929 4576 4676
4078 2480 4278 2680 5083 5183
3961 3441 4161 3641 4328 4428
868 1505 1068 1705 8114 8214
3765 3727 3965 3927 3611 3711
2703 1043 2903 1243 4255 4355
891 512 1091 712 5755 5855
1246 3334 1446 3534 6104 6204
3454 969 3654 1169 8356 8456
762 2573 962 2773 4462 4562
4034 1820 4234 2020 5152 5252
5048 2221 5248 2421 4861 4961
1830 882 2030 1082 5383 5483
1030 1737 1230 1937 7478 7578
556 1936 756 2136 3862 3962
2282 3410 2482 3610 5919 6019
5536 2208 5736 2408 4109 4209
2936 3087 3136 3287 3402 3502
3892 2339 4092 2539 6766 6866
3300 2774 3500 2974 3636 3736
702 2003 902 2203 8575 8675
5062 2563 5262 2763 8635 8735
1886 1976 2086 2176 8288 8388
428 159 628 359 5738 5838
1187 201 1387 401 8627 8727
4684 431 4884 631 4822 4922
991 2733 1191 2933 8341 8441
484 1028 684 1228 8162 8262
3234 3194 3434 3394 8119 8219
3853 3162 4053 3362 3971 4071
3464 524 3664 724 7162 7262
3316 2810 3516 3010 6632 6732
1694 2627 1894 2827 4091 4191
2483 3418 2683 3618 4587 4687
1063 2887 1263 3087 8774 8874
970 1752 1170 1952 5555 5655
4983 265 5183 465 8731 8831
2485 3530 2685 3730 6839 6939
590 1947 790 2147 5122 5222
2449 3349 2649 3549 7636 7736
3411 2707 3611 2907 4135 4235
1642 3371 1842 3571 7737 7837
2190 3763 2390 3963 6087 6187
1319 2493 1519 2693 5286 5386
5550 1300 5750 1500 5351 5451
4080 3651 4280 3851 6775 6875
4833 1554 5033 1754 6435 6535
1987 1017 2187 1217 6651 6751
4045 2858 4245 3058 7454 7554
3691 3345 3891 3545 4062 4162
4151 2190 4351 2390 8077 8177
410 2190 610 2390 6118 6218
3170 575 3370 775 6609 6709
3037 852 3237 1052 8797 8897
439 3181 639 3381 5291 5391
1975 161 2175 361 3858 3958
1123 2887 1323 3087 5018 5118
4441 3429 4641 3629 8074 8174
1205 2075 1405 2275 6479 6579
64 3550 264 3750 6561 6661
4947 1885 5147 2085 8920 9020
2394 2196 2594 2396 7590 7690
1212 1961 1412 2161 7411 7511
3095 1539 3295 1739 3435 3535
4886 546 5086 746 8216 8316
1930 3401 2130 3601 6063 6163
914 2723 1114 2923 6407 6507
954 1840 1154 2040 8941 9041
4685 481 4885 681 5794 5894
1189 592 1389 792 7547 7647
4347 3254 4547 3454 5547 5647
421 1302 621 1502 7808 7908
2411 1907 2611 2107 8938 9038
1149 3502 1349 3702 4405 4505
3596 238 3796 438 6532 6632
3867 3288 4067 3488 4382 4482
401 360 601 560 6099 6199
3749 611 3949 811 5918 6018
4464 518 4664 718 6192 6292
1026 2938 1226 3138 5334 5434
2616 1344 2816 1544 8124 8224
2102 1729 2302 1929 5423 5523
5537 210 5737 410 5646 5746
4732 426 4932 626 6362 6462
2801 1697 3001 1897 4820 4920
31 3404 231 3604 7029 7129
4038 1168 4238 1368 3718 3818
4587 1679 4787 1879 3784 3884
555 3032 755 3232 7840 7940
4277 2764 4477 2964 6078 6178
4536 623 4736 823 4848 4948
637 25 837 225 8120 8220
616 1636 816 1836 6265 6365
5609 2877 5809 3077 5832 5932
1638 3017 1838 3217 5957 6057
5021 1071 5221 1271 8325 8425
615 3502 815 3702 7450 7550
615 100 815 300 6369 6469
334 3368 534 3568 4982 5082
4307 2386 4507 2586 8872 8972
2515 1546 2715 1746 5209 5309
4796 1094 4996 1294 7507 7607
365 3071 565 3271 6357 6457
2840 1043 3040 1243 7325 7425
2011 2314 2211 2514 5778 5878
1552 1051 1752 1251 4875 4975
5176 2811 5376 3011 8789 8889
2004 1884 2204 2084 7328 7428
1350 2682 1550 2882 6201 6301
2114 1184 2314 1384 6649 6749
5169 1067 5369 1267 6545 6645
1775 665 1975 865 6554 6654
5315 178 5515 378 8728 8828
4403 1346 4603 1546 4004 4104
3620 794 3820 994 4202 4302
202 1751 402 1951 7613 7713
5461 2289 5661 2489 4047 4147
719 566 919 766 5190 5290
1923 533 2123 733 8946 9046
3834 2951 4034 3151 5286 5386
5165 2243 5365 2443 7328 7428
4659 1303 4859 1503 5210 5310
2953 1687 3153 1887 5261 5361
587 2762 787 2962 4707 4807
3170 3603 3370 3803 6009 6109
983 1158 1183 1358 3576 3676
4688 1830 4888 2030 6450 6550
3618 1520 3818 1720 7374 7474
4029 327 4229 527 5257 5357
539 1620 739 1820 8958 9058
3095 183 3295 383 3812 3912
2931 624 3131 824 6155 6255
4615 975 4815 1175 4698 4798
2949 1298 3149 1498 8094 8194
619 3375 819 3575 8961 9061
5355 2712 5555 2912 7197 7297
1634 1097 1834 1297 8394 8494
424 2874 624 3074 5705 5805
3503 2323 3703 2523 7175 7275
1015 3659 1215 3859 5877 5977
639 1995 839 2195 5089 5189
1904 668 2104 868 3896 3996
943 1875 1143 2075 3901 4001
2995 1253 3195 1453 6372 6472
1107 2418 1307 2618 6273 6373
4615 1626 4815 1826 6015 6115
2363 2897 2563 3097 4172 4272
5378 2449 5578 2649 8669 8769
3173 850 3373 1050 7477 7577
3084 2432 3284 2632 4591 4691
3380 2546 3580 2746 3508 3608
3585 2695 3785 2895 4094 4194
2565 1121 2765 1321 4101 4201
3349 303 3549 503 5418 5518
731 3004 931 3204 5293 5393
3599 3694 3799 3894 7944 8044
1501 523 1701 723 6328 6428
4920 1391 5120 1591 6684 6784
323 1749 523 1949 5767 5867
3174 1922 3374 2122 8622 8722
2653 2001 2853 2201 3829 3929
1855 3698 2055 3898 4748 4848
3636 3099 3836 3299 8494 8594
1253 1916 1453 2116 5056 5156
3296 2241 3496 2441 7987 8087
4744 585 4944 785 4289 4389
5158 452 5358 652 5039 5139
609 3680 809 3880 5501 5601
2726 3269 2926 3469 8009 8109
3579 3075 3779 3275 6610 6710
4259 686 4459 886 3810 3910
5255 3430 5455 3630 8575 8675
2752 1310 2952 1510 6003 6103
3412 796 3612 996 7963 8063
4512 77 4712 277 7698 7798
1366 834 1566 1034 8109 8209
4231 3162 4431 3362 7752 7852
4112 1616 4312 1816 7428 7528
823 3186 1023 3386 4258 4358
3025 1912 3225 2112 4857 4957
2446 965 2646 1165 6355 6455
2618 2892 2818 3092 4802 4902
1258 3578 1458 3778 5009 5109
1082 1081 1282 1281 3617 3717
5213 1037 5413 1237 8343 8443
3176 1910 3376 2110 5682 5782
4135 3595 4335 3795 7455 7555
4027 2812 4227 3012 6863 6963
1902 2485 2102 2685 5639 5739
3726 3624 3926 3824 7759 7859
1543 2818 1743 3018 7136 7236
3418 3601 3618 3801 5809 5909
77 2068 277 2268 5154 5254
645 2849 845 3049 4627 4727
736 260 936 460 7493 7593
3569 1872 3769 2072 8610 8710
2682 2201 2882 2401 8897 8997
3083 1698 3283 1898 7512 7612
5379 242 5579 442 6585 6685
940 2635 1140 2835 6667 6767
4549 1287 4749 1487 5327 5427
3620 3009 3820 3209 8673 8773
3256 2837 3456 3037 4903 5003
491 2873 691 3073 3898 3998
4532 852 4732 1052 7742 7842
2814 3714 3014 3914 6263 6363
2270 891 2470 1091 8939 9039
1490 1615 1690 1815 8814 8914
4587 2962 4787 3162 5856 5956
1101 517 1301 717 6622 6722
5112 3794 5312 3994 6928 7028
2295 2354 2495 2554 4090 4190
835 2153 1035 2353 8368 8468
1912 1437 2112 1637 4393 4493
969 2817 1169 3017 7838 7938
3143 1998 3343 2198 8250 8350
329 1684 529 1884 7938 8038
2378 2406 2578 2606 5319 5419
1809 907 2009 1107 5465 5565
599 1203 799 1403 3396 3496
2399 3117 2599 3317 6659 6759
3035 3397 3235 3597 4523 4623
284 3373 484 3573 8255 8355
5505 3582 5705 3782 8299 8399
2268 2335 2468 2535 4333 4433
2668 2160 2868 2360 5219 5319
4481 1922 4681 2122 7368 7468
4899 2291 5099 2491 6547 6647
1138 2694 1338 2894 8477 8577
4293 1104 4493 1304 8196 8296
3946 156 4146 356 8998 9098
4572 398 4772 598 5592 5692
4225 1777 4425 1977 6439 6539
292 2590 492 2790 5823 5923
4700 378 4900 578 5851 5951
4980 2858 5180 3058 8386 8486
3872 2340 4072 2540 3402 3502
3646 1246 3846 1446 3715 3815
76 2723 276 2923 5012 5112
3389 600 3589 800 4109 4209
3404 727 3604 927 5837 5937
5234 2357 5434 2557 6504 6604
5381 2513 5581 2713 8409 8509
4832 1078 5032 1278 6791 6891
5348 1021 5548 1221 4252 4352
2256 1358 2456 1558 6840 6940
4190 3347 4390 3547 8095 8195
349 1811 549 2011 6916 7016
4164 3748 4364 3948 5251 5351
599 933 799 1133 4267 4367
1533 1432 1733 1632 6496 6596
