1000
4511 1528 4611 1628 7535 8035
5489 1735 5589 1835 6355 6855
5665 268 5765 368 8598 9098
4487 2055 4587 2155 5851 6351
3049 868 3149 968 3410 3910
2501 779 2601 879 4755 5255
1128 320 1228 420 6713 7213
534 1984 634 2084 7000 7500
2883 1842 2983 1942 3588 4088
2167 132 2267 232 4009 4509
2411 238 2511 338 5019 5519
5522 2038 5622 2138 4144 4644
2167 2500 2267 2600 5447 5947
1216 1303 1316 1403 4547 5047
3877 1530 3977 1630 7170 7670
3271 3854 3371 3954 7376 7876
113 2500 213 2600 6274 6774
2841 1200 2941 1300 4112 4612
2970 1871 3070 1971 6522 7022
3026 3390 3126 3490 4055 4555
1041 2396 1141 2496 4165 4665
14 593 114 693 6878 7378
3234 1107 3334 1207 8483 8983
4211 2829 4311 2929 3818 4318
3902 3760 4002 3860 7371 7871
4297 951 4397 1051 8488 8988
3981 160 4081 260 7459 7959
434 2671 534 2771 5414 5914
3381 2304 3481 2404 5938 6438
1888 3610 1988 3710 3916 4416
4778 1377 4878 1477 4107 4607
5632 877 5732 977 8087 8587
4200 2597 4300 2697 8302 8802
405 252 505 352 4712 5212
5581 1045 5681 1145 7746 8246
5555 697 5655 797 6907 7407
3381 2481 3481 2581 6261 6761
5376 1570 5476 1670 6562 7062
2250 2444 2350 2544 6170 6670
1523 1795 1623 1895 5398 5898
726 1005 826 1105 7471 7971
1718 2808 1818 2908 6180 6680
198 2844 298 2944 7569 8069
2969 2209 3069 2309 5761 6261
1424 2206 1524 2306 7298 7798
4074 466 4174 566 5441 5941
3263 841 3363 941 4194 4694
210 1932 310 2032 6460 6960
2945 881 3045 981 7808 8308
2955 3616 3055 3716 3437 3937
4374 1668 4474 1768 7251 7751
2502 86 2602 186 6921 7421
3093 711 3193 811 5953 6453
4193 1999 4293 2099 6873 7373
4274 2877 4374 2977 7446 7946
1496 1799 1596 1899 3911 4411
710 2371 810 2471 3973 4473
709 2098 809 2198 3864 4364
1375 1000 1475 1100 8308 8808
901 1381 1001 1481 4067 4567
1176 1544 1276 1644 4906 5406
2342 1620 2442 1720 6292 6792
3738 1081 3838 1181 5085 5585
3823 2525 3923 2625 3630 4130
4108 2302 4208 2402 5854 6354
4986 53 5086 153 5690 6190
5720 3029 5820 3129 3992 4492
5055 1851 5155 1951 6333 6833
2073 3397 2173 3497 5366 5866
132 902 232 1002 6571 7071
753 2717 853 2817 4121 4621
4111 3293 4211 3393 4798 5298
2099 2785 2199 2885 6141 6641
105 1384 205 1484 7081 7581
2204 1299 2304 1399 7515 8015
3526 836 3626 936 6007 6507
2958 460 3058 560 4722 5222
4868 2261 4968 2361 4483 4983
2621 1617 2721 1717 8379 8879
268 3311 368 3411 7723 8223
763 3157 863 3257 5168 5668
3294 169 3394 269 7275 7775
4069 2235 4169 2335 7058 7558
1545 2266 1645 2366 7192 7692
5657 2259 5757 2359 5912 6412
3456 3688 3556 3788 7291 7791
3285 3202 3385 3302 4015 4515
5301 3172 5401 3272 4637 5137
5578 3045 5678 3145 6968 7468
4940 3820 5040 3920 8185 8685
4840 324 4940 424 3714 4214
1266 1905 1366 2005 5630 6130
2302 975 2402 1075 3729 4229
1310 2517 1410 2617 4995 5495
1559 6 1659 106 4512 5012
1969 2141 2069 2241 4668 5168
1787 3826 1887 3926 5291 5791
1543 2784 1643 2884 4320 4820
553 3519 653 3619 4718 5218
1442 2875 1542 2975 5892 6392
4895 1754 4995 1854 8456 8956
5373 2874 5473 2974 7891 8391
2350 2973 2450 3073 5720 6220
4221 2185 4321 2285 7300 7800
5350 646 5450 746 5898 6398
2754 2152 2854 2252 5658 6158
5699 2389 5799 2489 6534 7034
1581 3065 1681 3165 4703 5203
5643 3789 5743 3889 6546 7046
4390 2277 4490 2377 6534 7034
4384 1684 4484 1784 6336 6836
1200 2670 1300 2770 7846 8346
3322 1346 3422 1446 7016 7516
4441 2602 4541 2702 4946 5446
363 3396 463 3496 5459 5959
2484 840 2584 940 5825 6325
3886 1118 3986 1218 4792 5292
2111 3530 2211 3630 8178 8678
2462 794 2562 894 4125 4625
5328 2352 5428 2452 4180 4680
4167 321 4267 421 5303 5803
3267 2827 3367 2927 7836 8336
5000 1321 5100 1421 6183 6683
5375 3175 5475 3275 8558 9058
513 607 613 707 6143 6643
4008 2673 4108 2773 7935 8435
1161 1060 1261 1160 7374 7874
4686 842 4786 942 3795 4295
11 2149 111 2249 6098 6598
5465 699 5565 799 4997 5497
631 615 731 715 5790 6290
781 2405 881 2505 8198 8698
912 2230 1012 2330 3617 4117
3374 569 3474 669 7615 8115
2014 2103 2114 2203 8316 8816
1075 3578 1175 3678 5660 6160
3864 3244 3964 3344 7204 7704
5706 3490 5806 3590 5667 6167
1886 829 1986 929 7652 8152
4343 1702 4443 1802 8478 8978
795 1833 895 1933 8626 9126
816 2906 916 3006 5888 6388
970 2285 1070 2385 4738 5238
4026 68 4126 168 6234 6734
4051 106 4151 206 4002 4502
300 3142 400 3242 5397 5897
2106 967 2206 1067 5114 5614
1873 2500 1973 2600 7161 7661
1158 2064 1258 2164 5808 6308
4084 454 4184 554 7077 7577
3942 22 4042 122 6604 7104
4901 2336 5001 2436 6226 6726
405 1174 505 1274 5234 5734
643 3006 743 3106 6440 6940
60 553 160 653 7080 7580
5463 2224 5563 2324 4754 5254
4192 2889 4292 2989 6611 7111
2594 3610 2694 3710 3531 4031
722 3824 822 3924 3889 4389
3222 1778 3322 1878 7731 8231
548 3320 648 3420 3652 4152
3154 1265 3254 1365 4516 5016
1998 3165 2098 3265 7389 7889
3733 3450 3833 3550 7153 7653
5440 2689 5540 2789 8148 8648
4497 2829 4597 2929 4780 5280
2532 3546 2632 3646 4609 5109
2858 2935 2958 3035 6294 6794
803 430 903 530 4274 4774
4549 759 4649 859 5419 5919
1216 1725 1316 1825 6980 7480
3633 2506 3733 2606 3770 4270
1136 3357 1236 3457 3574 4074
987 2660 1087 2760 7759 8259
920 1733 1020 1833 6065 6565
351 682 451 782 4390 4890
4214 2650 4314 2750 4762 5262
4794 801 4894 901 6432 6932
3964 131 4064 231 5145 5645
2328 1458 2428 1558 6114 6614
5078 2582 5178 2682 7776 8276
4120 2120 4220 2220 8096 8596
5462 3814 5562 3914 7342 7842
4321 879 4421 979 4789 5289
788 1626 888 1726 3506 4006
1770 2552 1870 2652 7204 7704
1800 1980 1900 2080 4139 4639
5072 2798 5172 2898 5504 6004
3250 816 3350 916 3508 4008
2798 1106 2898 1206 3939 4439
1750 296 1850 396 5982 6482
656 302 756 402 7237 7737
2669 2389 2769 2489 6262 6762
5706 1920 5806 2020 4490 4990
912 3595 1012 3695 5702 6202
575 1052 675 1152 6819 7319
2898 864 2998 964 3983 4483
589 1429 689 1529 3700 4200
1143 3029 1243 3129 6401 6901
727 2193 827 2293 7627 8127
3338 3425 3438 3525 4251 4751
5004 3300 5104 3400 7834 8334
4170 2920 4270 3020 5555 6055
1420 1741 1520 1841 8250 8750
4588 3671 4688 3771 4405 4905
2560 1238 2660 1338 7348 7848
1980 3082 2080 3182 7560 8060
1875 1241 1975 1341 3846 4346
1298 3071 1398 3171 7122 7622
4767 901 4867 1001 3452 3952
3128 1338 3228 1438 3528 4028
1459 1658 1559 1758 6488 6988
4986 2734 5086 2834 6614 7114
1948 3073 2048 3173 5195 5695
2961 3556 3061 3656 6331 6831
3071 659 3171 759 7571 8071
4603 679 4703 779 7478 7978
3615 447 3715 547 4234 4734
5732 1356 5832 1456 7923 8423
3829 2976 3929 3076 5464 5964
151 1105 251 1205 5374 5874
3294 2595 3394 2695 7679 8179
1881 1192 1981 1292 5705 6205
5426 1940 5526 2040 7614 8114
1861 2700 1961 2800 3987 4487
3579 670 3679 770 5200 5700
780 3300 880 3400 6656 7156
2103 999 2203 1099 3793 4293
2396 503 2496 603 4891 5391
3909 782 4009 882 5029 5529
522 2783 622 2883 8559 9059
2972 2129 3072 2229 5823 6323
4228 714 4328 814 6647 7147
3274 210 3374 310 5264 5764
2082 3607 2182 3707 3967 4467
5241 220 5341 320 6472 6972
4382 2990 4482 3090 3537 4037
1485 3296 1585 3396 7396 7896
4166 975 4266 1075 7988 8488
3347 1750 3447 1850 6381 6881
3244 3871 3344 3971 5338 5838
2349 2122 2449 2222 7700 8200
2675 815 2775 915 3458 3958
2914 2526 3014 2626 3712 4212
381 2527 481 2627 7699 8199
4329 473 4429 573 7938 8438
608 2172 708 2272 5945 6445
5303 3154 5403 3254 5924 6424
4805 2461 4905 2561 6149 6649
5400 201 5500 301 5905 6405
5729 1847 5829 1947 7285 7785
5391 3355 5491 3455 4435 4935
3045 2014 3145 2114 6934 7434
1125 2918 1225 3018 3990 4490
3952 204 4052 304 5116 5616
3563 1721 3663 1821 5659 6159
2431 1587 2531 1687 7543 8043
2996 448 3096 548 3515 4015
1620 1957 1720 2057 7122 7622
698 2559 798 2659 4172 4672
4694 3036 4794 3136 4274 4774
3201 3677 3301 3777 4667 5167
4931 2551 5031 2651 7896 8396
3737 3027 3837 3127 6701 7201
2340 2661 2440 2761 8243 8743
3928 1160 4028 1260 7945 8445
2260 3893 2360 3993 3544 4044
2824 2149 2924 2249 5840 6340
1364 3124 1464 3224 5733 6233
2046 1239 2146 1339 7840 8340
2476 742 2576 842 4633 5133
1264 1602 1364 1702 8618 9118
759 793 859 893 5729 6229
3082 221 3182 321 6591 7091
772 3817 872 3917 3595 4095
504 1000 604 1100 3846 4346
313 1293 413 1393 3960 4460
2468 1719 2568 1819 3925 4425
788 1374 888 1474 6293 6793
633 223 733 323 3400 3900
2213 963 2313 1063 8223 8723
5518 1542 5618 1642 6378 6878
4457 1413 4557 1513 4103 4603
3735 1186 3835 1286 7643 8143
3370 3779 3470 3879 7079 7579
2128 1594 2228 1694 4156 4656
4676 1501 4776 1601 3844 4344
1412 3840 1512 3940 7728 8228
2179 3753 2279 3853 5414 5914
2303 3196 2403 3296 5922 6422
3036 827 3136 927 4879 5379
3883 932 3983 1032 8458 8958
1753 632 1853 732 7416 7916
2681 2480 2781 2580 6374 6874
4665 2949 4765 3049 5980 6480
4855 2046 4955 2146 5932 6432
887 931 987 1031 8217 8717
760 2094 860 2194 5057 5557
3218 2533 3318 2633 4287 4787
3329 68 3429 168 8268 8768
3141 3739 3241 3839 8440 8940
494 2585 594 2685 5970 6470
2947 2110 3047 2210 3614 4114
4965 1702 5065 1802 6317 6817
4442 333 4542 433 6855 7355
3256 3068 3356 3168 8041 8541
1358 1858 1458 1958 7858 8358
167 3145 267 3245 6801 7301
1599 845 1699 945 8200 8700
1807 1481 1907 1581 7026 7526
1424 2624 1524 2724 8578 9078
2664 1336 2764 1436 4678 5178
668 407 768 507 3508 4008
4530 2 4630 102 5894 6394
2421 3803 2521 3903 5572 6072
2345 3886 2445 3986 3568 4068
1244 1845 1344 1945 6032 6532
4346 3083 4446 3183 8167 8667
1582 984 1682 1084 3889 4389
1425 1799 1525 1899 5684 6184
992 2325 1092 2425 8343 8843
3317 1986 3417 2086 8104 8604
1356 1714 1456 1814 4787 5287
2050 3388 2150 3488 7704 8204
3997 1688 4097 1788 4053 4553
5017 811 5117 911 7074 7574
141 149 241 249 6110 6610
1185 3287 1285 3387 3418 3918
3723 3112 3823 3212 5955 6455
5230 909 5330 1009 6781 7281
4402 491 4502 591 5523 6023
3827 448 3927 548 7250 7750
5657 3364 5757 3464 4120 4620
251 2144 351 2244 6818 7318
4610 3639 4710 3739 7847 8347
1871 1784 1971 1884 8106 8606
5665 3392 5765 3492 4313 4813
1786 23 1886 123 6320 6820
1332 3873 1432 3973 4432 4932
160 1431 260 1531 6065 6565
1184 3227 1284 3327 7018 7518
5275 184 5375 284 4644 5144
4169 2688 4269 2788 8105 8605
4275 3345 4375 3445 7095 7595
5489 3404 5589 3504 4139 4639
3937 2769 4037 2869 6706 7206
2518 2673 2618 2773 7138 7638
1923 3714 2023 3814 8096 8596
2416 2420 2516 2520 6520 7020
4473 3677 4573 3777 5612 6112
5437 77 5537 177 7684 8184
7 3152 107 3252 7170 7670
3535 534 3635 634 6218 6718
1261 2985 1361 3085 3655 4155
975 944 1075 1044 3721 4221
381 2496 481 2596 4606 5106
414 3303 514 3403 4648 5148
109 861 209 961 6683 7183
1757 2358 1857 2458 8170 8670
3341 451 3441 551 3743 4243
4350 3852 4450 3952 7445 7945
4552 2596 4652 2696 5621 6121
2032 2282 2132 2382 4832 5332
2447 3620 2547 3720 8510 9010
862 953 962 1053 6882 7382
1886 3069 1986 3169 4518 5018
2202 49 2302 149 3473 3973
1182 3087 1282 3187 7369 7869
2271 2999 2371 3099 3445 3945
5142 2412 5242 2512 8472 8972
132 1350 232 1450 6847 7347
4542 1794 4642 1894 7390 7890
1790 2523 1890 2623 6200 6700
1785 3730 1885 3830 8012 8512
2510 800 2610 900 6012 6512
5372 2444 5472 2544 3650 4150
2272 2224 2372 2324 6943 7443
1469 2815 1569 2915 3851 4351
5440 127 5540 227 7050 7550
5672 1731 5772 1831 6565 7065
896 3500 996 3600 4636 5136
2844 2860 2944 2960 5576 6076
5229 2962 5329 3062 8012 8512
1212 439 1312 539 4251 4751
3534 3427 3634 3527 7799 8299
2243 1166 2343 1266 8468 8968
2906 1302 3006 1402 4906 5406
1304 3237 1404 3337 6247 6747
3285 1280 3385 1380 8041 8541
4867 441 4967 541 4454 4954
4203 2420 4303 2520 6492 6992
456 614 556 714 5104 5604
3365 2768 3465 2868 5126 5626
4586 2115 4686 2215 8115 8615
827 870 927 970 6085 6585
4430 2638 4530 2738 5135 5635
60 33 160 133 6507 7007
1953 907 2053 1007 7621 8121
5551 545 5651 645 4715 5215
1643 3193 1743 3293 5718 6218
2220 2058 2320 2158 5289 5789
1672 1142 1772 1242 6809 7309
4542 3488 4642 3588 6536 7036
1691 2412 1791 2512 7299 7799
645 397 745 497 5790 6290
4469 3392 4569 3492 4649 5149
1863 2137 1963 2237 4251 4751
842 105 942 205 8168 8668
2874 1359 2974 1459 6344 6844
1918 877 2018 977 5139 5639
3646 1639 3746 1739 5160 5660
3766 3244 3866 3344 4991 5491
5122 1998 5222 2098 4250 4750
1461 863 1561 963 4991 5491
290 1527 390 1627 8095 8595
5696 1019 5796 1119 4864 5364
2146 348 2246 448 5761 6261
5135 817 5235 917 4370 4870
5037 1762 5137 1862 6249 6749
4032 1810 4132 1910 5530 6030
2352 2650 2452 2750 5979 6479
4202 1553 4302 1653 8129 8629
4848 1629 4948 1729 8446 8946
1363 2994 1463 3094 3509 4009
4626 2613 4726 2713 8602 9102
4535 1201 4635 1301 5362 5862
5522 2799 5622 2899 3505 4005
1351 3384 1451 3484 3485 3985
824 2615 924 2715 7062 7562
2643 2285 2743 2385 7627 8127
3818 1687 3918 1787 4942 5442
1934 2878 2034 2978 6192 6692
3850 3099 3950 3199 4374 4874
2626 3186 2726 3286 7920 8420
507 2898 607 2998 4953 5453
4432 2633 4532 2733 5843 6343
1094 3129 1194 3229 6598 7098
4945 2622 5045 2722 5511 6011
5344 2466 5444 2566 7381 7881
5718 119 5818 219 4641 5141
2245 1606 2345 1706 4330 4830
4865 3419 4965 3519 5649 6149
5308 2248 5408 2348 4950 5450
3508 1340 3608 1440 5794 6294
1481 1557 1581 1657 7121 7621
4704 527 4804 627 5797 6297
2204 515 2304 615 5999 6499
2421 466 2521 566 4848 5348
5303 2602 5403 2702 6026 6526
4405 727 4505 827 4554 5054
4311 551 4411 651 5180 5680
1633 2073 1733 2173 5243 5743
1126 1697 1226 1797 4326 4826
1897 896 1997 996 7506 8006
122 1415 222 1515 4382 4882
980 3215 1080 3315 8136 8636
4370 943 4470 1043 7635 8135
3228 51 3328 151 8187 8687
563 3768 663 3868 4826 5326
2387 3005 2487 3105 6419 6919
416 1296 516 1396 6683 7183
4761 2981 4861 3081 7284 7784
5321 483 5421 583 8363 8863
759 2050 859 2150 8334 8834
5736 1820 5836 1920 3797 4297
2984 2533 3084 2633 4285 4785
3781 2921 3881 3021 4414 4914
3482 3461 3582 3561 4729 5229
1844 1626 1944 1726 7371 7871
3657 2379 3757 2479 5906 6406
4264 1937 4364 2037 4192 4692
169 1907 269 2007 8457 8957
3085 402 3185 502 5267 5767
544 3573 644 3673 4057 4557
2900 1055 3000 1155 4758 5258
4789 3457 4889 3557 5757 6257
537 3504 637 3604 4211 4711
3832 2958 3932 3058 8113 8613
424 2287 524 2387 5719 6219
1911 1440 2011 1540 5050 5550
1216 3640 1316 3740 7288 7788
3756 389 3856 489 6292 6792
4870 1561 4970 1661 4029 4529
496 3549 596 3649 4041 4541
4013 2100 4113 2200 5290 5790
4616 3777 4716 3877 3423 3923
3836 92 3936 192 5981 6481
304 3692 404 3792 4010 4510
2436 2925 2536 3025 7595 8095
971 1402 1071 1502 7747 8247
3485 880 3585 980 4834 5334
18 2655 118 2755 4848 5348
519 501 619 601 3848 4348
5674 1455 5774 1555 4239 4739
4762 2262 4862 2362 5714 6214
4071 840 4171 940 6019 6519
1397 970 1497 1070 3576 4076
523 1674 623 1774 4603 5103
295 3759 395 3859 7870 8370
2557 1050 2657 1150 4254 4754
4673 2323 4773 2423 6826 7326
531 465 631 565 5966 6466
1781 3780 1881 3880 6663 7163
581 3620 681 3720 5641 6141
3216 906 3316 1006 6266 6766
1656 3090 1756 3190 4658 5158
692 679 792 779 5790 6290
1966 3573 2066 3673 5329 5829
3569 1780 3669 1880 8016 8516
185 1331 285 1431 5757 6257
572 1172 672 1272 5405 5905
204 884 304 984 8385 8885
3390 3509 3490 3609 6985 7485
3519 2808 3619 2908 7227 7727
1087 924 1187 1024 7194 7694
1765 2610 1865 2710 6125 6625
3877 2437 3977 2537 6752 7252
5517 3150 5617 3250 6513 7013
2355 1888 2455 1988 6047 6547
2568 2823 2668 2923 6896 7396
1939 2210 2039 2310 8358 8858
3953 3425 4053 3525 6531 7031
3440 74 3540 174 5575 6075
919 2955 1019 3055 3475 3975
2617 3227 2717 3327 6274 6774
1262 342 1362 442 5872 6372
2031 445 2131 545 7600 8100
579 1854 679 1954 3711 4211
3172 2342 3272 2442 3390 3890
4915 1767 5015 1867 5961 6461
2626 1179 2726 1279 4356 4856
1531 1496 1631 1596 7396 7896
2714 3183 2814 3283 4454 4954
2216 970 2316 1070 4188 4688
617 973 717 1073 3599 4099
2241 1447 2341 1547 8263 8763
3002 332 3102 432 3662 4162
3039 803 3139 903 5435 5935
5425 3781 5525 3881 7684 8184
2247 1996 2347 2096 7198 7698
4620 1927 4720 2027 6363 6863
2739 2095 2839 2195 4626 5126
3102 729 3202 829 7001 7501
3360 2588 3460 2688 6564 7064
737 182 837 282 4584 5084
3720 2079 3820 2179 4980 5480
1488 3088 1588 3188 7823 8323
4763 497 4863 597 6052 6552
1841 1359 1941 1459 8078 8578
1369 3502 1469 3602 6041 6541
729 2106 829 2206 6147 6647
2411 3125 2511 3225 5527 6027
4629 935 4729 1035 7247 7747
5633 3254 5733 3354 5750 6250
1156 1492 1256 1592 3726 4226
4743 3868 4843 3968 6762 7262
1540 3080 1640 3180 4234 4734
5060 3317 5160 3417 8322 8822
3847 1283 3947 1383 6147 6647
1627 1973 1727 2073 8360 8860
3868 601 3968 701 7013 7513
1162 3495 1262 3595 5775 6275
1333 447 1433 547 5987 6487
1356 3690 1456 3790 3560 4060
3447 1244 3547 1344 4580 5080
3034 479 3134 579 6688 7188
2913 2842 3013 2942 4239 4739
343 863 443 963 5474 5974
4659 495 4759 595 7190 7690
4616 2865 4716 2965 8526 9026
2462 2169 2562 2269 5454 5954
3369 2986 3469 3086 3552 4052
4888 3353 4988 3453 6854 7354
3829 100 3929 200 5770 6270
4656 2368 4756 2468 6176 6676
1814 2380 1914 2480 4015 4515
5316 968 5416 1068 6167 6667
5721 2468 5821 2568 4052 4552
2606 3475 2706 3575 5527 6027
3551 44 3651 144 4855 5355
4186 2230 4286 2330 7293 7793
52 1685 152 1785 7857 8357
5041 1534 5141 1634 8608 9108
820 1308 920 1408 5567 6067
4503 3013 4603 3113 3889 4389
576 1586 676 1686 3835 4335
77 2144 177 2244 6304 6804
4546 3866 4646 3966 4305 4805
1819 2268 1919 2368 7962 8462
2591 1129 2691 1229 4339 4839
1642 1173 1742 1273 3695 4195
5054 350 5154 450 6990 7490
1399 2155 1499 2255 3503 4003
4047 2976 4147 3076 3802 4302
3978 107 4078 207 5393 5893
4639 2437 4739 2537 6900 7400
3324 1397 3424 1497 3784 4284
2945 1076 3045 1176 4769 5269
4399 3586 4499 3686 4103 4603
863 1620 963 1720 8286 8786
2696 3192 2796 3292 6668 7168
1982 2670 2082 2770 4014 4514
2092 387 2192 487 8455 8955
2172 943 2272 1043 5082 5582
863 539 963 639 6832 7332
2823 2789 2923 2889 3385 3885
4676 1025 4776 1125 8511 9011
811 2612 911 2712 6611 7111
2136 2216 2236 2316 6318 6818
881 660 981 760 4519 5019
599 1888 699 1988 7967 8467
840 328 940 428 7459 7959
1656 2815 1756 2915 7483 7983
2902 3081 3002 3181 5324 5824
4843 3683 4943 3783 5955 6455
1608 2484 1708 2584 4531 5031
66 2318 166 2418 4293 4793
5483 1429 5583 1529 8078 8578
5735 3683 5835 3783 3792 4292
2641 894 2741 994 3880 4380
5639 3240 5739 3340 6820 7320
4336 192 4436 292 7572 8072
4340 2555 4440 2655 7169 7669
1309 3278 1409 3378 5837 6337
5585 1436 5685 1536 6596 7096
3922 1036 4022 1136 6198 6698
1514 615 1614 715 5586 6086
1685 2818 1785 2918 5173 5673
3297 2167 3397 2267 6359 6859
4455 3496 4555 3596 7287 7787
836 623 936 723 4923 5423
1428 3137 1528 3237 7833 8333
3027 759 3127 859 3630 4130
1431 1519 1531 1619 5255 5755
5105 1213 5205 1313 6562 7062
3984 1628 4084 1728 5745 6245
338 1651 438 1751 8182 8682
502 3557 602 3657 8380 8880
4735 2156 4835 2256 7087 7587
3691 913 3791 1013 7250 7750
4544 487 4644 587 4748 5248
2707 113 2807 213 4272 4772
4759 2774 4859 2874 4642 5142
1429 829 1529 929 4605 5105
1360 3757 1460 3857 6304 6804
4206 2290 4306 2390 6961 7461
95 2813 195 2913 5243 5743
1126 2338 1226 2438 7246 7746
749 3701 849 3801 7236 7736
5250 129 5350 229 8314 8814
602 1566 702 1666 8309 8809
3924 798 4024 898 5496 5996
2331 1918 2431 2018 6664 7164
716 2174 816 2274 7754 8254
942 3598 1042 3698 3377 3877
1746 3568 1846 3668 4614 5114
2416 623 2516 723 6436 6936
4466 1775 4566 1875 8471 8971
3841 2041 3941 2141 7252 7752
3838 2183 3938 2283 8450 8950
3723 1795 3823 1895 8125 8625
3781 2748 3881 2848 7735 8235
804 379 904 479 3980 4480
3008 594 3108 694 4977 5477
342 1013 442 1113 7341 7841
4758 2849 4858 2949 6406 6906
2464 2424 2564 2524 4548 5048
92 142 192 242 3991 4491
3332 807 3432 907 7063 7563
804 2676 904 2776 7036 7536
1385 1356 1485 1456 7791 8291
4433 2639 4533 2739 8118 8618
620 2581 720 2681 3650 4150
1551 1460 1651 1560 6290 6790
1810 2601 1910 2701 4052 4552
4416 1959 4516 2059 7822 8322
1539 576 1639 676 5381 5881
4758 3761 4858 3861 3967 4467
4269 2149 4369 2249 4772 5272
821 3343 921 3443 6392 6892
5407 2323 5507 2423 8598 9098
3063 497 3163 597 5789 6289
2903 1318 3003 1418 8042 8542
2070 150 2170 250 5525 6025
1834 414 1934 514 7890 8390
3689 1809 3789 1909 4605 5105
3087 2597 3187 2697 4959 5459
2998 904 3098 1004 4066 4566
2700 2250 2800 2350 4439 4939
294 3527 394 3627 4690 5190
5358 1613 5458 1713 4726 5226
4393 2204 4493 2304 4031 4531
1180 2741 1280 2841 6969 7469
3923 1109 4023 1209 6295 6795
3042 397 3142 497 6296 6796
5726 371 5826 471 8260 8760
5251 1227 5351 1327 4781 5281
4634 2738 4734 2838 7573 8073
3967 3796 4067 3896 4132 4632
1394 1152 1494 1252 3419 3919
3461 135 3561 235 3925 4425
624 3349 724 3449 4803 5303
2505 2978 2605 3078 5530 6030
5641 1603 5741 1703 3798 4298
102 1932 202 2032 5209 5709
4368 12 4468 112 7762 8262
998 2951 1098 3051 5465 5965
3566 3523 3666 3623 5598 6098
4795 2836 4895 2936 3487 3987
4319 3040 4419 3140 8484 8984
2960 2171 3060 2271 7805 8305
383 1306 483 1406 4088 4588
205 2189 305 2289 5117 5617
141 2238 241 2338 7610 8110
1710 1603 1810 1703 5867 6367
2109 698 2209 798 7087 7587
5029 3830 5129 3930 4555 5055
1521 643 1621 743 7903 8403
1431 2341 1531 2441 7195 7695
1165 2122 1265 2222 6179 6679
1571 3358 1671 3458 3589 4089
2819 1265 2919 1365 3462 3962
3007 1791 3107 1891 3775 4275
3868 3777 3968 3877 8222 8722
4138 529 4238 629 6602 7102
565 246 665 346 7109 7609
5168 3143 5268 3243 6776 7276
234 1397 334 1497 4332 4832
2986 1647 3086 1747 6661 7161
168 1136 268 1236 6667 7167
4655 2263 4755 2363 7080 7580
3793 1264 3893 1364 8456 8956
3947 240 4047 340 4369 4869
1328 765 1428 865 4836 5336
3236 3193 3336 3293 5109 5609
3479 251 3579 351 7027 7527
685 3654 785 3754 7125 7625
2145 750 2245 850 4912 5412
498 2863 598 2963 5200 5700
5727 2376 5827 2476 5520 6020
847 3577 947 3677 8397 8897
4934 834 5034 934 7727 8227
2254 3257 2354 3357 4229 4729
5048 2578 5148 2678 7598 8098
1975 1037 2075 1137 3586 4086
1039 2888 1139 2988 5322 5822
4350 2277 4450 2377 5983 6483
1372 3034 1472 3134 6755 7255
4002 3148 4102 3248 4313 4813
3296 1061 3396 1161 5163 5663
419 2795 519 2895 6846 7346
2684 1254 2784 1354 6992 7492
2533 1604 2633 1704 8279 8779
2420 2985 2520 3085 5938 6438
1580 122 1680 222 4820 5320
4150 2596 4250 2696 8155 8655
4954 197 5054 297 6556 7056
4526 3871 4626 3971 3430 3930
3100 659 3200 759 7688 8188
4216 2665 4316 2765 6813 7313
1747 1816 1847 1916 6784 7284
1455 1625 1555 1725 6041 6541
1945 2108 2045 2208 4400 4900
1425 2101 1525 2201 8224 8724
1222 1120 1322 1220 5757 6257
5679 2202 5779 2302 4101 4601
5687 449 5787 549 4231 4731
3038 765 3138 865 7409 7909
5618 2650 5718 2750 7225 7725
2444 1010 2544 1110 5509 6009
4983 874 5083 974 7091 7591
3155 1918 3255 2018 6554 7054
2445 919 2545 1019 5574 6074
5109 3786 5209 3886 7689 8189
5266 3891 5366 3991 6685 7185
5445 1023 5545 1123 5364 5864
943 3219 1043 3319 8359 8859
2406 1055 2506 1155 5158 5658
4910 2712 5010 2812 4508 5008
1530 3538 1630 3638 4669 5169
1303 1941 1403 2041 4848 5348
5202 1963 5302 2063 5931 6431
4981 2205 5081 2305 6272 6772
2067 1620 2167 1720 5509 6009
1094 1943 1194 2043 6305 6805
2534 645 2634 745 4840 5340
5351 322 5451 422 5898 6398
4122 1013 4222 1113 4808 5308
3374 192 3474 292 4312 4812
1019 3669 1119 3769 3458 3958
1827 3652 1927 3752 5782 6282
1251 1959 1351 2059 4066 4566
1851 215 1951 315 6344 6844
385 1777 485 1877 8377 8877
4019 943 4119 1043 7161 7661
3046 1329 3146 1429 7669 8169
2592 2642 2692 2742 8046 8546
4262 1273 4362 1373 6564 7064
4802 640 4902 740 7262 7762
5194 741 5294 841 3456 3956
1588 2585 1688 2685 5236 5736
4710 3147 4810 3247 5784 6284
1596 2940 1696 3040 8282 8782
5622 2883 5722 2983 6984 7484
4674 208 4774 308 3715 4215
4572 2707 4672 2807 4377 4877
5572 2196 5672 2296 5694 6194
3983 3143 4083 3243 4800 5300
1105 1453 1205 1553 6162 6662
2954 2335 3054 2435 8237 8737
5321 1525 5421 1625 4466 4966
3767 2213 3867 2313 6864 7364
4600 3709 4700 3809 4868 5368
1320 415 1420 515 6646 7146
2288 350 2388 450 6482 6982
2857 2960 2957 3060 7308 7808
5562 3585 5662 3685 5421 5921
4271 2547 4371 2647 8615 9115
4212 2107 4312 2207 7791 8291
3572 2457 3672 2557 6572 7072
2817 3366 2917 3466 7632 8132
4881 1932 4981 2032 8209 8709
5273 2611 5373 2711 3728 4228
656 1716 756 1816 7702 8202
2898 1026 2998 1126 6743 7243
5642 1325 5742 1425 4735 5235
451 1448 551 1548 8469 8969
1952 2632 2052 2732 4321 4821
2374 1002 2474 1102 8609 9109
2435 941 2535 1041 4148 4648
484 3349 584 3449 4338 4838
3849 2851 3949 2951 5682 6182
1123 2595 1223 2695 5417 5917
5386 1620 5486 1720 8456 8956
5589 158 5689 258 7874 8374
666 912 766 1012 4109 4609
1483 1441 1583 1541 3436 3936
2130 3784 2230 3884 5593 6093
1402 787 1502 887 4151 4651
957 2953 1057 3053 7172 7672
3749 2161 3849 2261 3715 4215
4171 3838 4271 3938 8094 8594
5437 990 5537 1090 5409 5909
1770 3881 1870 3981 7695 8195
233 2471 333 2571 5102 5602
4220 3664 4320 3764 3424 3924
4001 2461 4101 2561 4011 4511
502 1199 602 1299 3644 4144
3735 3673 3835 3773 4981 5481
1244 287 1344 387 4585 5085
1788 3797 1888 3897 8341 8841
4103 716 4203 816 7290 7790
1588 3276 1688 3376 6365 6865
4704 1137 4804 1237 8511 9011
3731 2411 3831 2511 7615 8115
1569 1572 1669 1672 4369 4869
3858 1349 3958 1449 8086 8586
122 3034 222 3134 8059 8559
3794 2862 3894 2962 7918 8418
1131 431 1231 531 7634 8134
5499 583 5599 683 5395 5895
157 113 257 213 7439 7939
1544 1872 1644 1972 5539 6039
4488 1901 4588 2001 7009 7509
3446 1821 3546 1921 3811 4311
4561 1789 4661 1889 5717 6217
3311 1312 3411 1412 8195 8695
1731 584 1831 684 3455 3955
1951 1984 2051 2084 6939 7439
186 1151 286 1251 3620 4120
3687 3533 3787 3633 7839 8339
4720 993 4820 1093 6908 7408
2823 2362 2923 2462 5552 6052
2880 2233 2980 2333 5807 6307
1472 3083 1572 3183 4143 4643
4575 985 4675 1085 7559 8059
292 3349 392 3449 5666 6166
4106 933 4206 1033 6960 7460
5590 1491 5690 1591 6447 6947
2186 2141 2286 2241 5830 6330
1431 519 1531 619 6230 6730
5666 1670 5766 1770 7443 7943
1772 3656 1872 3756 8120 8620
3925 705 4025 805 3398 3898
4793 351 4893 451 6275 6775
3473 2351 3573 2451 5282 5782
981 477 1081 577 6686 7186
2281 1225 2381 1325 7253 7753
649 3730 749 3830 3908 4408
2091 398 2191 498 6374 6874
337 711 437 811 5884 6384
2547 2599 2647 2699 7048 7548
3136 3524 3236 3624 6175 6675
3648 1456 3748 1556 8020 8520
3384 793 3484 893 8364 8864
49 2108 149 2208 7744 8244
3946 1884 4046 1984 5824 6324
2268 185 2368 285 4935 5435
2487 2746 2587 2846 7748 8248
815 3748 915 3848 4707 5207
3731 1689 3831 1789 6599 7099
3440 2756 3540 2856 7449 7949
5217 3884 5317 3984 5526 6026
5590 1039 5690 1139 5692 6192
2804 197 2904 297 7702 8202
4074 1947 4174 2047 7154 7654
1939 719 2039 819 5649 6149
4092 2359 4192 2459 8069 8569
3157 1403 3257 1503 4878 5378
5279 1839 5379 1939 7104 7604
607 1907 707 2007 6668 7168
2609 3375 2709 3475 3843 4343
4915 110 5015 210 5382 5882
4663 918 4763 1018 5498 5998
37 2603 137 2703 6899 7399
1571 1616 1671 1716 4633 5133
1809 1556 1909 1656 8468 8968
1179 2900 1279 3000 6007 6507
3068 2973 3168 3073 6401 6901
2386 1603 2486 1703 7601 8101
669 436 769 536 7340 7840
5656 1432 5756 1532 8133 8633
2671 636 2771 736 8387 8887
590 1572 690 1672 5733 6233
3615 3043 3715 3143 4820 5320
3648 693 3748 793 8054 8554
740 3027 840 3127 6590 7090
5129 226 5229 326 8243 8743
2415 2931 2515 3031 6723 7223
272 779 372 879 6311 6811
1174 2824 1274 2924 5757 6257
2559 2955 2659 3055 8384 8884
3232 3770 3332 3870 7734 8234
2669 2757 2769 2857 3373 3873
719 798 819 898 5480 5980
1293 3396 1393 3496 7941 8441
2723 2044 2823 2144 6685 7185
1207 3858 1307 3958 3988 4488
1391 2146 1491 2246 7232 7732
1244 808 1344 908 7385 7885
857 2931 957 3031 5594 6094
838 1374 938 1474 7838 8338
3242 3254 3342 3354 6734 7234
2608 3534 2708 3634 4293 4793
4153 1725 4253 1825 8006 8506
2173 432 2273 532 5594 6094
3979 1271 4079 1371 3589 4089
1004 493 1104 593 4500 5000
5357 2402 5457 2502 5696 6196
3436 766 3536 866 7525 8025
3921 1087 4021 1187 6456 6956
1188 3803 1288 3903 6459 6959
1998 1139 2098 1239 6931 7431
3836 1534 3936 1634 7809 8309
1549 2658 1649 2758 6092 6592
3942 1002 4042 1102 6006 6506
4286 2408 4386 2508 6869 7369
2768 2102 2868 2202 6728 7228
437 2805 537 2905 5185 5685
3788 3549 3888 3649 8274 8774
3825 1210 3925 1310 8398 8898
1168 2515 1268 2615 7943 8443
4671 1212 4771 1312 6747 7247
896 3723 996 3823 6493 6993
3443 3598 3543 3698 4595 5095
2101 1636 2201 1736 8431 8931
5010 3886 5110 3986 6861 7361
2859 3186 2959 3286 8466 8966
3702 3393 3802 3493 8596 9096
3190 99 3290 199 5843 6343
2566 3163 2666 3263 6902 7402
3795 3813 3895 3913 6140 6640
1421 770 1521 870 7931 8431
4979 1190 5079 1290 7876 8376
961 2052 1061 2152 6803 7303
3896 1181 3996 1281 6855 7355
394 1505 494 1605 7575 8075
5363 1801 5463 1901 4005 4505
3136 2403 3236 2503 7814 8314
5366 566 5466 666 5520 6020
3454 3453 3554 3553 3960 4460
2981 3100 3081 3200 6218 6718
4028 1907 4128 2007 4941 5441
3406 2418 3506 2518 6274 6774
5504 861 5604 961 4214 4714
5577 3796 5677 3896 4069 4569
2933 1769 3033 1869 8569 9069
1858 3744 1958 3844 5406 5906
5672 2616 5772 2716 5887 6387
2779 2437 2879 2537 3970 4470
3813 2857 3913 2957 7147 7647
1670 2432 1770 2532 7414 7914
3260 2430 3360 2530 6661 7161
2878 1410 2978 1510 8266 8766
866 442 966 542 4811 5311
1222 471 1322 571 8155 8655
5492 1887 5592 1987 7550 8050
2018 616 2118 716 6486 6986
506 2497 606 2597 4791 5291
4106 469 4206 569 5102 5602
