1000
2769 3537 2869 3637 4514 8514
1110 3085 1210 3185 4387 8387
1249 1073 1349 1173 3462 7462
4620 3004 4720 3104 3625 7625
1861 685 1961 785 3745 7745
392 355 492 455 3476 7476
5072 1942 5172 2042 5082 9082
5005 450 5105 550 3491 7491
689 405 789 505 3697 7697
1840 1744 1940 1844 4198 8198
1793 2540 1893 2640 4657 8657
2292 452 2392 552 4674 8674
5359 3755 5459 3855 4222 8222
420 2063 520 2163 3890 7890
825 1262 925 1362 4719 8719
4116 674 4216 774 4472 8472
1732 2568 1832 2668 4345 8345
3930 76 4030 176 4318 8318
4495 3115 4595 3215 5047 9047
1183 610 1283 710 3610 7610
4864 1215 4964 1315 4177 8177
5393 1327 5493 1427 3794 7794
3507 3825 3607 3925 4563 8563
1458 2209 1558 2309 4972 8972
3774 159 3874 259 3489 7489
1204 539 1304 639 4164 8164
2441 2999 2541 3099 3819 7819
1555 3296 1655 3396 4337 8337
2460 2468 2560 2568 3927 7927
5314 1695 5414 1795 4981 8981
4152 2723 4252 2823 4943 8943
1190 3781 1290 3881 4164 8164
3281 154 3381 254 4640 8640
1296 3368 1396 3468 3714 7714
5598 3321 5698 3421 4387 8387
1376 3350 1476 3450 3496 7496
506 1158 606 1258 3893 7893
2872 1183 2972 1283 3750 7750
2551 2627 2651 2727 3374 7374
5419 1994 5519 2094 3883 7883
2389 871 2489 971 3544 7544
1548 3203 1648 3303 4620 8620
4634 236 4734 336 3898 7898
890 3527 990 3627 4186 8186
1665 3435 1765 3535 3443 7443
3151 1222 3251 1322 3807 7807
3169 60 3269 160 4798 8798
4558 2515 4658 2615 3665 7665
4954 863 5054 963 5080 9080
4219 3368 4319 3468 4621 8621
2982 2837 3082 2937 5087 9087
1473 1735 1573 1835 4724 8724
5638 2637 5738 2737 4933 8933
1763 318 1863 418 4348 8348
2787 3385 2887 3485 3778 7778
2109 293 2209 393 4320 8320
380 1880 480 1980 4811 8811
594 2095 694 2195 5096 9096
4306 2829 4406 2929 3394 7394
2494 1402 2594 1502 4776 8776
1025 757 1125 857 3778 7778
4604 2369 4704 2469 4719 8719
1833 2061 1933 2161 4853 8853
3394 1391 3494 1491 3682 7682
4842 2323 4942 2423 4294 8294
846 376 946 476 3378 7378
4818 1553 4918 1653 3806 7806
40 2954 140 3054 5122 9122
1974 613 2074 713 4354 8354
583 3711 683 3811 5044 9044
2391 2382 2491 2482 4165 8165
4048 150 4148 250 3661 7661
808 1466 908 1566 3988 7988
3598 2667 3698 2767 3906 7906
2379 3377 2479 3477 4417 8417
4559 3132 4659 3232 4615 8615
2358 3153 2458 3253 5123 9123
4135 2095 4235 2195 3830 7830
4623 1227 4723 1327 3777 7777
2484 1411 2584 1511 4904 8904
2490 709 2590 809 4923 8923
2434 712 2534 812 3968 7968
3236 501 3336 601 4183 8183
160 61 260 161 3593 7593
155 3611 255 3711 5130 9130
1375 2834 1475 2934 4081 8081
186 1924 286 2024 4747 8747
3264 107 3364 207 4239 8239
5460 3379 5560 3479 3492 7492
153 215 253 315 3506 7506
1870 2314 1970 2414 4709 8709
156 1384 256 1484 4948 8948
166 2290 266 2390 3990 7990
4288 3193 4388 3293 4108 8108
4434 1583 4534 1683 4822 8822
259 3683 359 3783 4496 8496
4643 662 4743 762 4905 8905
5736 628 5836 728 4904 8904
3577 1229 3677 1329 4475 8475
141 581 241 681 3624 7624
2305 2238 2405 2338 4210 8210
1531 2186 1631 2286 3490 7490
1869 418 1969 518 4314 8314
3572 2300 3672 2400 4926 8926
5605 1451 5705 1551 4885 8885
5158 3743 5258 3843 4445 8445
1602 2010 1702 2110 4060 8060
3038 3150 3138 3250 3713 7713
2117 2861 2217 2961 4052 8052
3464 965 3564 1065 4504 8504
4928 2774 5028 2874 4043 8043
2705 2444 2805 2544 4221 8221
5523 686 5623 786 4846 8846
5137 3150 5237 3250 3982 7982
2812 691 2912 791 3807 7807
4445 821 4545 921 3521 7521
5670 3722 5770 3822 4625 8625
2038 3515 2138 3615 4167 8167
2555 1555 2655 1655 4783 8783
646 2471 746 2571 5014 9014
3864 3823 3964 3923 4015 8015
1492 2778 1592 2878 4104 8104
532 561 632 661 4297 8297
1704 2117 1804 2217 3445 7445
3555 2837 3655 2937 5032 9032
4780 2899 4880 2999 3435 7435
1001 3490 1101 3590 5084 9084
2051 1215 2151 1315 4439 8439
2737 3255 2837 3355 4989 8989
1447 386 1547 486 5092 9092
4616 989 4716 1089 5000 9000
2515 3403 2615 3503 3970 7970
4075 607 4175 707 3891 7891
4871 3474 4971 3574 4915 8915
3288 1197 3388 1297 4080 8080
4930 532 5030 632 4858 8858
5132 1164 5232 1264 4783 8783
4392 2609 4492 2709 3755 7755
1664 2710 1764 2810 3884 7884
3702 428 3802 528 4269 8269
3594 629 3694 729 5066 9066
528 3436 628 3536 3596 7596
2949 3489 3049 3589 5037 9037
265 228 365 328 3790 7790
3907 3199 4007 3299 4189 8189
4651 2639 4751 2739 4903 8903
1754 3270 1854 3370 3522 7522
1993 2261 2093 2361 4839 8839
559 3127 659 3227 3551 7551
1667 868 1767 968 3631 7631
4856 453 4956 553 3371 7371
4169 3208 4269 3308 4997 8997
5733 2704 5833 2804 5101 9101
5444 2157 5544 2257 3631 7631
4453 3526 4553 3626 4385 8385
1129 3252 1229 3352 4509 8509
1356 2829 1456 2929 3463 7463
5031 1848 5131 1948 4542 8542
3829 2770 3929 2870 4674 8674
1040 1050 1140 1150 4498 8498
3852 2223 3952 2323 3966 7966
212 3376 312 3476 3917 7917
4669 2608 4769 2708 4159 8159
3524 3179 3624 3279 4422 8422
2754 2010 2854 2110 4480 8480
5647 1545 5747 1645 5043 9043
5651 2316 5751 2416 5038 9038
2711 1588 2811 1688 4899 8899
1771 563 1871 663 3429 7429
3943 1953 4043 2053 3701 7701
2000 1035 2100 1135 4052 8052
5279 2184 5379 2284 4597 8597
3377 3687 3477 3787 3605 7605
4433 2478 4533 2578 3906 7906
4630 2688 4730 2788 3965 7965
1028 3613 1128 3713 3808 7808
5125 2588 5225 2688 3386 7386
2006 2882 2106 2982 4432 8432
4592 2856 4692 2956 5064 9064
3068 2984 3168 3084 3693 7693
3736 2729 3836 2829 4116 8116
2181 49 2281 149 3773 7773
915 648 1015 748 4292 8292
2142 3328 2242 3428 4051 8051
3905 2446 4005 2546 4101 8101
282 2774 382 2874 3875 7875
3884 3665 3984 3765 3533 7533
5138 145 5238 245 4935 8935
3336 459 3436 559 5111 9111
2306 2230 2406 2330 4386 8386
3642 3854 3742 3954 4678 8678
267 3653 367 3753 4209 8209
4429 2352 4529 2452 4131 8131
3574 2558 3674 2658 4627 8627
1227 3550 1327 3650 4001 8001
694 2032 794 2132 3550 7550
2436 2202 2536 2302 3968 7968
1175 2475 1275 2575 4361 8361
5363 3035 5463 3135 3698 7698
101 1792 201 1892 4597 8597
814 2104 914 2204 4829 8829
3762 949 3862 1049 3493 7493
3294 510 3394 610 3398 7398
2788 575 2888 675 4964 8964
936 968 1036 1068 3420 7420
2370 1724 2470 1824 3876 7876
3482 1309 3582 1409 4209 8209
3657 904 3757 1004 3456 7456
4901 740 5001 840 3656 7656
877 3671 977 3771 4922 8922
949 2228 1049 2328 4827 8827
3110 3040 3210 3140 5096 9096
4355 3504 4455 3604 4361 8361
5046 367 5146 467 4521 8521
2690 2106 2790 2206 3510 7510
1192 713 1292 813 4992 8992
834 2863 934 2963 4956 8956
312 3171 412 3271 4541 8541
5318 3030 5418 3130 3542 7542
1964 247 2064 347 3700 7700
4038 952 4138 1052 4448 8448
3701 1197 3801 1297 4345 8345
2879 736 2979 836 4417 8417
261 1919 361 2019 4446 8446
4055 2000 4155 2100 4897 8897
5667 3279 5767 3379 4818 8818
5237 1236 5337 1336 4390 8390
5202 3220 5302 3320 4208 8208
1549 2658 1649 2758 4473 8473
196 1180 296 1280 4719 8719
1796 579 1896 679 3427 7427
1423 305 1523 405 4011 8011
3392 2557 3492 2657 4825 8825
68 42 168 142 4126 8126
533 2385 633 2485 4485 8485
5723 2753 5823 2853 3392 7392
786 1465 886 1565 3912 7912
1792 1235 1892 1335 3531 7531
5550 2811 5650 2911 4894 8894
844 1783 944 1883 3959 7959
588 418 688 518 4231 8231
5176 2192 5276 2292 3630 7630
2156 3748 2256 3848 3881 7881
1071 3284 1171 3384 3600 7600
1780 3820 1880 3920 3751 7751
1231 3404 1331 3504 4660 8660
618 255 718 355 3621 7621
1881 3632 1981 3732 3986 7986
4227 1103 4327 1203 4367 8367
2597 3500 2697 3600 3956 7956
4143 3269 4243 3369 5039 9039
1976 2610 2076 2710 3386 7386
349 1471 449 1571 4487 8487
2142 1838 2242 1938 5059 9059
1875 323 1975 423 3430 7430
4709 331 4809 431 4851 8851
4830 3738 4930 3838 3693 7693
1734 75 1834 175 4514 8514
622 366 722 466 4800 8800
4150 715 4250 815 3884 7884
1032 3551 1132 3651 3906 7906
4546 402 4646 502 5108 9108
4080 1872 4180 1972 3616 7616
4685 63 4785 163 3631 7631
5323 1571 5423 1671 4325 8325
1892 979 1992 1079 4253 8253
668 885 768 985 5018 9018
1333 257 1433 357 3811 7811
1595 2827 1695 2927 3539 7539
712 3604 812 3704 3768 7768
633 470 733 570 4484 8484
1393 240 1493 340 3799 7799
3535 1205 3635 1305 4720 8720
2920 559 3020 659 4219 8219
1173 2991 1273 3091 4294 8294
74 461 174 561 4534 8534
854 2927 954 3027 3668 7668
5239 190 5339 290 3716 7716
3074 1031 3174 1131 3711 7711
4880 2651 4980 2751 3671 7671
1773 749 1873 849 3577 7577
3084 1090 3184 1190 4119 8119
413 1136 513 1236 3543 7543
5591 3606 5691 3706 4130 8130
3537 3784 3637 3884 4821 8821
2973 1993 3073 2093 4884 8884
2868 3714 2968 3814 4030 8030
2310 981 2410 1081 3373 7373
3035 1672 3135 1772 3451 7451
1028 3500 1128 3600 4717 8717
441 3281 541 3381 5124 9124
2857 663 2957 763 4416 8416
1342 2447 1442 2547 4331 8331
527 1453 627 1553 5113 9113
5099 242 5199 342 3486 7486
3709 383 3809 483 5105 9105
3992 2857 4092 2957 4569 8569
1427 1995 1527 2095 4502 8502
3088 3202 3188 3302 3576 7576
196 255 296 355 3915 7915
4943 3156 5043 3256 4938 8938
1294 672 1394 772 3430 7430
2123 2092 2223 2192 5126 9126
36 819 136 919 4485 8485
3695 3810 3795 3910 3937 7937
2238 1105 2338 1205 4406 8406
2585 3462 2685 3562 4682 8682
5038 858 5138 958 4874 8874
4460 3781 4560 3881 4725 8725
3925 312 4025 412 4575 8575
3125 3400 3225 3500 3747 7747
3835 842 3935 942 3611 7611
3950 126 4050 226 4730 8730
4437 1140 4537 1240 4903 8903
4593 2186 4693 2286 4703 8703
3322 493 3422 593 4184 8184
3596 3204 3696 3304 4674 8674
3095 2330 3195 2430 3481 7481
4131 2753 4231 2853 5123 9123
3996 839 4096 939 3396 7396
4273 1493 4373 1593 5139 9139
5403 2691 5503 2791 5031 9031
5607 1195 5707 1295 4304 8304
488 3353 588 3453 4709 8709
2607 1412 2707 1512 3660 7660
5581 2167 5681 2267 3831 7831
2192 3349 2292 3449 4584 8584
2171 2509 2271 2609 3579 7579
1206 395 1306 495 4507 8507
3490 1457 3590 1557 4222 8222
3478 3296 3578 3396 4059 8059
374 1268 474 1368 4794 8794
1211 2442 1311 2542 4719 8719
3479 2512 3579 2612 4796 8796
919 2141 1019 2241 4372 8372
3521 2643 3621 2743 4012 8012
2594 1066 2694 1166 3961 7961
723 2277 823 2377 4739 8739
4052 1827 4152 1927 4311 8311
5006 3498 5106 3598 5011 9011
2322 3701 2422 3801 4504 8504
231 3184 331 3284 5122 9122
2016 136 2116 236 4360 8360
1804 1236 1904 1336 4554 8554
2925 1071 3025 1171 4677 8677
4785 422 4885 522 4292 8292
5518 2435 5618 2535 3421 7421
2426 3760 2526 3860 5138 9138
5451 173 5551 273 3454 7454
396 2229 496 2329 3847 7847
3845 312 3945 412 3595 7595
2849 1064 2949 1164 3675 7675
2257 2029 2357 2129 4167 8167
2489 1591 2589 1691 4234 8234
5139 608 5239 708 4237 8237
226 2988 326 3088 4652 8652
178 3096 278 3196 4170 8170
2000 3033 2100 3133 4982 8982
1569 1250 1669 1350 4736 8736
644 3450 744 3550 4568 8568
3268 633 3368 733 4351 8351
1991 3899 2091 3999 4169 8169
2927 160 3027 260 4467 8467
1547 908 1647 1008 4034 8034
1883 853 1983 953 4295 8295
4301 3384 4401 3484 3691 7691
1946 2095 2046 2195 3654 7654
2600 547 2700 647 4170 8170
1245 2267 1345 2367 3673 7673
2486 2683 2586 2783 3478 7478
5588 3890 5688 3990 5037 9037
1944 1786 2044 1886 4363 8363
3267 3457 3367 3557 4978 8978
646 3733 746 3833 3540 7540
1624 2602 1724 2702 3794 7794
3387 3631 3487 3731 3693 7693
342 3341 442 3441 4951 8951
3750 2919 3850 3019 5057 9057
5106 819 5206 919 4009 8009
4122 1115 4222 1215 4638 8638
2300 3383 2400 3483 4860 8860
2933 133 3033 233 3920 7920
4234 2727 4334 2827 4079 8079
2166 244 2266 344 3573 7573
325 3325 425 3425 4056 8056
3850 2122 3950 2222 4812 8812
1484 2276 1584 2376 3584 7584
4888 1578 4988 1678 4709 8709
5686 1813 5786 1913 3700 7700
4896 2825 4996 2925 3878 7878
3161 2917 3261 3017 4484 8484
4303 68 4403 168 4916 8916
5678 2079 5778 2179 3412 7412
4472 1308 4572 1408 3815 7815
2232 3814 2332 3914 4043 8043
841 2647 941 2747 4415 8415
5706 2440 5806 2540 4274 8274
1550 2635 1650 2735 4090 8090
3008 1126 3108 1226 3686 7686
5584 2834 5684 2934 3550 7550
835 3888 935 3988 3789 7789
1196 1624 1296 1724 4301 8301
2870 481 2970 581 3518 7518
3383 2511 3483 2611 4816 8816
3382 3645 3482 3745 4036 8036
5597 3832 5697 3932 4347 8347
827 1554 927 1654 3512 7512
2556 2648 2656 2748 4880 8880
2498 983 2598 1083 4039 8039
19 3775 119 3875 3396 7396
900 1841 1000 1941 3429 7429
596 2308 696 2408 3856 7856
3697 160 3797 260 4437 8437
1851 3274 1951 3374 5087 9087
4623 1438 4723 1538 4241 8241
857 1880 957 1980 3560 7560
144 166 244 266 4487 8487
5074 2475 5174 2575 4673 8673
2759 3831 2859 3931 4480 8480
5732 3394 5832 3494 4422 8422
561 1337 661 1437 4030 8030
2995 576 3095 676 3624 7624
113 2427 213 2527 3960 7960
3887 1168 3987 1268 4099 8099
1014 603 1114 703 4674 8674
20 2050 120 2150 3610 7610
1745 2850 1845 2950 3906 7906
1519 2790 1619 2890 3718 7718
5528 3257 5628 3357 4745 8745
1216 1320 1316 1420 3949 7949
4542 3870 4642 3970 4071 8071
777 2937 877 3037 4924 8924
2047 1550 2147 1650 3714 7714
293 34 393 134 5104 9104
4085 2304 4185 2404 4443 8443
137 2800 237 2900 4163 8163
340 2701 440 2801 3660 7660
334 3562 434 3662 4842 8842
1568 1476 1668 1576 3913 7913
2458 1329 2558 1429 4286 8286
2471 342 2571 442 4219 8219
3060 1605 3160 1705 4748 8748
5374 2276 5474 2376 3797 7797
1629 1112 1729 1212 4203 8203
522 1387 622 1487 5121 9121
382 1885 482 1985 3883 7883
2067 587 2167 687 3427 7427
1639 1559 1739 1659 4867 8867
3065 723 3165 823 4200 8200
5022 3158 5122 3258 4304 8304
1209 3210 1309 3310 4647 8647
4221 809 4321 909 4912 8912
5571 1839 5671 1939 3769 7769
185 3420 285 3520 3576 7576
3432 2820 3532 2920 5063 9063
4845 1890 4945 1990 5016 9016
5549 29 5649 129 4839 8839
995 86 1095 186 4090 8090
4739 2199 4839 2299 4885 8885
5638 1823 5738 1923 4269 8269
4355 2775 4455 2875 4590 8590
798 3776 898 3876 3987 7987
1485 1210 1585 1310 4991 8991
2723 1775 2823 1875 4408 8408
5357 1606 5457 1706 4762 8762
1991 353 2091 453 3774 7774
4797 2065 4897 2165 4006 8006
2635 393 2735 493 3977 7977
2131 2644 2231 2744 4368 8368
5408 2492 5508 2592 4139 8139
3441 19 3541 119 4996 8996
4996 1963 5096 2063 3460 7460
1651 2129 1751 2229 4631 8631
5076 139 5176 239 3443 7443
5416 3660 5516 3760 4453 8453
3195 2219 3295 2319 4894 8894
5088 354 5188 454 4488 8488
2234 3802 2334 3902 5060 9060
1460 1014 1560 1114 3777 7777
643 514 743 614 5008 9008
5358 312 5458 412 4377 8377
145 3461 245 3561 4931 8931
154 1720 254 1820 4860 8860
26 830 126 930 4561 8561
5689 1558 5789 1658 3449 7449
2799 169 2899 269 4007 8007
3048 1207 3148 1307 3551 7551
1056 643 1156 743 3736 7736
3007 3869 3107 3969 5096 9096
3816 2629 3916 2729 5002 9002
2274 1242 2374 1342 4166 8166
3844 2485 3944 2585 4785 8785
3582 2331 3682 2431 3937 7937
2974 1990 3074 2090 4407 8407
4743 1834 4843 1934 3509 7509
3317 814 3417 914 3798 7798
1240 1938 1340 2038 4700 8700
2756 3211 2856 3311 4290 8290
5313 3780 5413 3880 4943 8943
5301 3636 5401 3736 4305 8305
2940 1371 3040 1471 3935 7935
2777 3400 2877 3500 3689 7689
3514 2637 3614 2737 4822 8822
1615 1054 1715 1154 4869 8869
2708 195 2808 295 4090 8090
175 3563 275 3663 4357 8357
4058 426 4158 526 3842 7842
1669 188 1769 288 3663 7663
2089 99 2189 199 3740 7740
484 2419 584 2519 4665 8665
4344 2515 4444 2615 4352 8352
1251 1945 1351 2045 3993 7993
3387 1519 3487 1619 3380 7380
5716 303 5816 403 4189 8189
3078 1781 3178 1881 4072 8072
1162 2205 1262 2305 4085 8085
2768 496 2868 596 3886 7886
14 357 114 457 3842 7842
5440 1183 5540 1283 5109 9109
5383 1537 5483 1637 5084 9084
3658 147 3758 247 3629 7629
3093 3404 3193 3504 3494 7494
2344 3339 2444 3439 4137 8137
4993 3688 5093 3788 3752 7752
1979 2382 2079 2482 4166 8166
5445 9 5545 109 3935 7935
932 3779 1032 3879 4277 8277
1162 2679 1262 2779 3961 7961
3703 1170 3803 1270 4884 8884
2388 3031 2488 3131 4289 8289
3070 196 3170 296 3901 7901
2949 433 3049 533 4471 8471
5355 3241 5455 3341 4549 8549
2322 3455 2422 3555 3816 7816
1204 2129 1304 2229 4750 8750
4711 3202 4811 3302 4532 8532
2087 3840 2187 3940 4938 8938
3686 1816 3786 1916 5045 9045
4881 3715 4981 3815 4958 8958
3681 1835 3781 1935 3465 7465
15 2496 115 2596 4607 8607
3970 2907 4070 3007 4849 8849
679 1113 779 1213 4022 8022
4458 2533 4558 2633 3904 7904
3802 916 3902 1016 4522 8522
2894 1945 2994 2045 4017 8017
2897 1271 2997 1371 4872 8872
838 2042 938 2142 5042 9042
3025 1962 3125 2062 4207 8207
2865 2215 2965 2315 4897 8897
5739 1685 5839 1785 4495 8495
4931 518 5031 618 4239 8239
2979 1962 3079 2062 5041 9041
2782 2959 2882 3059 4318 8318
3590 644 3690 744 3429 7429
2196 3796 2296 3896 3961 7961
4596 3374 4696 3474 3917 7917
4877 1752 4977 1852 4392 8392
5305 362 5405 462 4020 8020
4397 2869 4497 2969 4502 8502
3988 3254 4088 3354 4986 8986
2512 2962 2612 3062 3444 7444
3471 3674 3571 3774 3723 7723
740 2076 840 2176 3463 7463
2380 375 2480 475 5066 9066
4409 701 4509 801 4416 8416
5244 2198 5344 2298 3841 7841
1783 1060 1883 1160 3928 7928
3455 2847 3555 2947 4584 8584
4211 2226 4311 2326 4044 8044
2544 2279 2644 2379 4172 8172
3659 1602 3759 1702 3644 7644
42 3102 142 3202 4918 8918
4962 2587 5062 2687 4919 8919
5100 1342 5200 1442 3577 7577
4811 1530 4911 1630 3625 7625
1249 3850 1349 3950 4920 8920
3605 3019 3705 3119 3655 7655
1787 2326 1887 2426 5040 9040
4009 2486 4109 2586 4791 8791
2760 1813 2860 1913 4248 8248
3779 3241 3879 3341 4722 8722
516 734 616 834 3543 7543
2244 2807 2344 2907 5129 9129
263 1965 363 2065 4328 8328
4458 1348 4558 1448 4738 8738
354 2258 454 2358 3411 7411
4583 109 4683 209 3639 7639
4246 3208 4346 3308 3885 7885
5201 2710 5301 2810 3820 7820
918 1484 1018 1584 3784 7784
1124 1536 1224 1636 3624 7624
3145 524 3245 624 3599 7599
5263 2120 5363 2220 4854 8854
2477 600 2577 700 4921 8921
4569 239 4669 339 4704 8704
3359 2987 3459 3087 3480 7480
5197 3240 5297 3340 4465 8465
5574 3306 5674 3406 3701 7701
2755 3379 2855 3479 3379 7379
2059 537 2159 637 4359 8359
4923 2208 5023 2308 4695 8695
5183 2191 5283 2291 4847 8847
1777 936 1877 1036 3616 7616
771 2278 871 2378 3715 7715
973 3659 1073 3759 3393 7393
2558 55 2658 155 4861 8861
482 1871 582 1971 4174 8174
4644 2918 4744 3018 4363 8363
161 373 261 473 3746 7746
2524 624 2624 724 4534 8534
3564 2831 3664 2931 4255 8255
1872 2434 1972 2534 4259 8259
4260 166 4360 266 4719 8719
1489 82 1589 182 5020 9020
670 1495 770 1595 4350 8350
520 604 620 704 4078 8078
2499 915 2599 1015 3451 7451
4896 2537 4996 2637 4508 8508
475 2124 575 2224 4225 8225
1284 2386 1384 2486 5008 9008
1948 2154 2048 2254 3544 7544
4144 1717 4244 1817 3813 7813
5276 193 5376 293 4273 8273
4866 951 4966 1051 3848 7848
204 690 304 790 4879 8879
1599 2302 1699 2402 3581 7581
928 3468 1028 3568 4577 8577
4496 3527 4596 3627 3469 7469
5287 3132 5387 3232 4310 8310
1976 513 2076 613 3572 7572
2363 2606 2463 2706 4010 8010
5076 3815 5176 3915 3412 7412
4923 3680 5023 3780 5022 9022
3128 482 3228 582 3966 7966
462 402 562 502 4126 8126
4746 3041 4846 3141 3755 7755
1315 2058 1415 2158 3552 7552
1026 3067 1126 3167 5111 9111
4441 1184 4541 1284 3513 7513
4875 685 4975 785 4440 8440
5405 3441 5505 3541 3748 7748
3853 1986 3953 2086 4091 8091
2645 1250 2745 1350 4775 8775
5488 2647 5588 2747 4400 8400
4048 1110 4148 1210 4011 8011
3630 3285 3730 3385 3611 7611
119 1973 219 2073 4883 8883
1755 3239 1855 3339 3580 7580
1952 1818 2052 1918 4377 8377
1185 1084 1285 1184 3800 7800
1291 769 1391 869 3485 7485
4773 375 4873 475 3606 7606
4292 371 4392 471 3814 7814
490 3446 590 3546 5011 9011
3974 2749 4074 2849 4136 8136
4573 218 4673 318 3675 7675
2780 808 2880 908 4817 8817
628 28 728 128 3461 7461
3168 157 3268 257 4221 8221
3651 1674 3751 1774 3708 7708
5160 2439 5260 2539 3704 7704
4317 3654 4417 3754 5036 9036
1563 2737 1663 2837 4207 8207
715 3211 815 3311 3659 7659
5454 410 5554 510 3383 7383
5313 3785 5413 3885 4925 8925
405 2023 505 2123 5131 9131
2972 1083 3072 1183 3391 7391
3113 1378 3213 1478 4983 8983
5268 1440 5368 1540 3951 7951
3384 549 3484 649 4111 8111
2866 898 2966 998 4862 8862
1826 1820 1926 1920 4366 8366
3462 1912 3562 2012 5003 9003
2333 3821 2433 3921 4266 8266
1934 2103 2034 2203 4750 8750
1260 44 1360 144 4739 8739
5618 2270 5718 2370 3374 7374
646 2812 746 2912 4214 8214
4966 993 5066 1093 3937 7937
2540 1641 2640 1741 3950 7950
953 376 1053 476 4367 8367
5532 69 5632 169 4445 8445
2793 3744 2893 3844 3836 7836
72 2987 172 3087 3389 7389
1344 1952 1444 2052 3682 7682
253 3353 353 3453 4415 8415
5321 1444 5421 1544 3498 7498
506 154 606 254 3580 7580
1011 2293 1111 2393 4117 8117
4746 2981 4846 3081 3490 7490
5389 3252 5489 3352 4779 8779
2069 2861 2169 2961 4529 8529
2643 3296 2743 3396 4367 8367
1532 2463 1632 2563 4768 8768
4743 2020 4843 2120 3975 7975
920 603 1020 703 4520 8520
1949 2733 2049 2833 4625 8625
5615 3094 5715 3194 4310 8310
3549 2909 3649 3009 3605 7605
1572 2368 1672 2468 4068 8068
3068 3270 3168 3370 3692 7692
527 3858 627 3958 3968 7968
410 805 510 905 3519 7519
1544 2418 1644 2518 4581 8581
1074 3470 1174 3570 3907 7907
381 757 481 857 3667 7667
1278 2126 1378 2226 3648 7648
4195 3293 4295 3393 4643 8643
4037 516 4137 616 4935 8935
29 1342 129 1442 5091 9091
1005 2106 1105 2206 4108 8108
2730 3184 2830 3284 3772 7772
5550 1992 5650 2092 4366 8366
5409 2274 5509 2374 3609 7609
4040 3116 4140 3216 3475 7475
2232 1164 2332 1264 3483 7483
240 3672 340 3772 3700 7700
4491 381 4591 481 4440 8440
3457 1743 3557 1843 4143 8143
4995 1001 5095 1101 3555 7555
2371 2384 2471 2484 3773 7773
421 1342 521 1442 3458 7458
2321 580 2421 680 3955 7955
4972 3551 5072 3651 3513 7513
4167 2105 4267 2205 4507 8507
5202 3568 5302 3668 4981 8981
2150 3239 2250 3339 5106 9106
4360 2601 4460 2701 3576 7576
4859 2097 4959 2197 4077 8077
2561 3231 2661 3331 4283 8283
4226 3221 4326 3321 3913 7913
2546 33 2646 133 4266 8266
3236 1425 3336 1525 3379 7379
2071 1648 2171 1748 4940 8940
595 1874 695 1974 4060 8060
5623 1513 5723 1613 4814 8814
1419 2729 1519 2829 4938 8938
743 1092 843 1192 4897 8897
2049 2393 2149 2493 4007 8007
4739 1997 4839 2097 4018 8018
3654 2496 3754 2596 4883 8883
4987 688 5087 788 3988 7988
1093 1164 1193 1264 4293 8293
3815 1856 3915 1956 4234 8234
787 2544 887 2644 5027 9027
2343 1036 2443 1136 4217 8217
5527 1151 5627 1251 3685 7685
4840 5 4940 105 4737 8737
5325 3130 5425 3230 4113 8113
4145 564 4245 664 3377 7377
1109 1112 1209 1212 3691 7691
4881 602 4981 702 4665 8665
4954 378 5054 478 4617 8617
3096 1020 3196 1120 4132 8132
197 3426 297 3526 4517 8517
5614 3147 5714 3247 4951 8951
2690 3752 2790 3852 3693 7693
5058 677 5158 777 3457 7457
5596 425 5696 525 3470 7470
3977 2440 4077 2540 3833 7833
2761 3400 2861 3500 3502 7502
987 2625 1087 2725 4976 8976
1201 148 1301 248 4634 8634
1453 2543 1553 2643 3461 7461
4366 2409 4466 2509 4006 8006
3689 214 3789 314 4209 8209
963 1373 1063 1473 3746 7746
2797 3466 2897 3566 3579 7579
4745 1031 4845 1131 5048 9048
3116 363 3216 463 3669 7669
3755 806 3855 906 4418 8418
4024 955 4124 1055 3502 7502
4274 1499 4374 1599 3492 7492
5045 948 5145 1048 4334 8334
5518 1159 5618 1259 4329 8329
739 2023 839 2123 5135 9135
5085 675 5185 775 4060 8060
1673 2168 1773 2268 4352 8352
531 3854 631 3954 3652 7652
2902 1061 3002 1161 3681 7681
343 2156 443 2256 3653 7653
811 2944 911 3044 3890 7890
3999 2780 4099 2880 3915 7915
2825 2042 2925 2142 3998 7998
2044 347 2144 447 4296 8296
749 1120 849 1220 3999 7999
5658 3608 5758 3708 4083 8083
2240 3604 2340 3704 3893 7893
1292 1942 1392 2042 3701 7701
3224 138 3324 238 4399 8399
531 2037 631 2137 3887 7887
2267 3082 2367 3182 4067 8067
3678 748 3778 848 4962 8962
1332 1581 1432 1681 4110 8110
2421 322 2521 422 3558 7558
384 1877 484 1977 4731 8731
4649 1311 4749 1411 5117 9117
64 2492 164 2592 4904 8904
908 2489 1008 2589 3696 7696
1549 2178 1649 2278 4939 8939
4550 1921 4650 2021 4602 8602
3292 2525 3392 2625 4523 8523
1797 3540 1897 3640 4043 8043
4894 1317 4994 1417 3470 7470
5592 3201 5692 3301 4558 8558
4775 1300 4875 1400 4915 8915
3182 133 3282 233 3557 7557
710 377 810 477 4900 8900
4773 298 4873 398 3640 7640
4973 3751 5073 3851 4575 8575
4212 94 4312 194 3685 7685
3939 1782 4039 1882 4791 8791
3861 1461 3961 1561 5061 9061
3340 1753 3440 1853 4061 8061
15 2205 115 2305 4376 8376
1670 3007 1770 3107 4183 8183
3313 2783 3413 2883 4298 8298
5416 1083 5516 1183 4455 8455
3923 2916 4023 3016 4573 8573
1787 2265 1887 2365 4795 8795
2232 1921 2332 2021 3589 7589
48 1268 148 1368 4219 8219
3243 3389 3343 3489 3842 7842
5120 3726 5220 3826 5029 9029
716 3859 816 3959 4981 8981
5041 1458 5141 1558 4863 8863
703 1053 803 1153 4266 8266
4939 2551 5039 2651 4145 8145
1145 642 1245 742 4264 8264
1156 2963 1256 3063 5135 9135
1335 3892 1435 3992 4788 8788
1596 2695 1696 2795 3663 7663
4125 3147 4225 3247 4682 8682
898 3638 998 3738 4187 8187
1442 180 1542 280 4048 8048
975 3776 1075 3876 4661 8661
4823 2775 4923 2875 4032 8032
4135 1054 4235 1154 4304 8304
172 1644 272 1744 4258 8258
4003 2190 4103 2290 3561 7561
3929 1293 4029 1393 4208 8208
4164 296 4264 396 4930 8930
2905 2229 3005 2329 4400 8400
4566 752 4666 852 4496 8496
1007 1519 1107 1619 5117 9117
5382 1428 5482 1528 4521 8521
1034 2238 1134 2338 4685 8685
3863 1427 3963 1527 4580 8580
2062 1483 2162 1583 4500 8500
109 1263 209 1363 4064 8064
4978 3032 5078 3132 4698 8698
3338 3563 3438 3663 3873 7873
5060 1471 5160 1571 3415 7415
3566 1394 3666 1494 4774 8774
3974 503 4074 603 4300 8300
1261 2657 1361 2757 4583 8583
1019 2761 1119 2861 3577 7577
4506 1868 4606 1968 3947 7947
5731 3778 5831 3878 4697 8697
5286 1330 5386 1430 4162 8162
247 2637 347 2737 4106 8106
2323 3789 2423 3889 4178 8178
2736 927 2836 1027 3878 7878
5057 1100 5157 1200 3728 7728
5549 144 5649 244 4730 8730
5656 3387 5756 3487 4815 8815
1163 249 1263 349 4482 8482
2083 60 2183 160 4581 8581
1622 2469 1722 2569 4087 8087
1057 2567 1157 2667 4076 8076
3840 2543 3940 2643 4738 8738
2970 1037 3070 1137 4350 8350
2611 999 2711 1099 3680 7680
481 2005 581 2105 4549 8549
1146 907 1246 1007 3939 7939
5060 3124 5160 3224 3411 7411
1489 2125 1589 2225 3511 7511
2948 1555 3048 1655 3785 7785
2371 1435 2471 1535 3485 7485
2928 3248 3028 3348 4907 8907
3620 1704 3720 1804 3436 7436
5345 1083 5445 1183 3938 7938
5698 3701 5798 3801 3377 7377
3447 573 3547 673 4546 8546
4370 897 4470 997 3726 7726
5040 1273 5140 1373 4408 8408
2638 2955 2738 3055 4453 8453
3370 2307 3470 2407 4068 8068
813 3694 913 3794 4806 8806
699 1843 799 1943 3478 7478
2573 3233 2673 3333 4600 8600
1494 2700 1594 2800 3415 7415
339 132 439 232 4453 8453
737 1604 837 1704 3894 7894
4216 416 4316 516 4655 8655
3739 1861 3839 1961 3765 7765
878 1523 978 1623 3646 7646
1433 2148 1533 2248 3642 7642
2852 3796 2952 3896 4170 8170
1569 1136 1669 1236 4179 8179
3830 1882 3930 1982 4374 8374
2545 3273 2645 3373 4354 8354
684 1196 784 1296 4493 8493
1413 1800 1513 1900 4915 8915
24 3189 124 3289 4425 8425
3405 3618 3505 3718 3403 7403
499 2310 599 2410 3847 7847
3172 2637 3272 2737 5106 9106
4549 2255 4649 2355 4056 8056
706 2597 806 2697 4350 8350
867 359 967 459 4172 8172
3463 3642 3563 3742 3400 7400
2357 3232 2457 3332 3767 7767
3802 176 3902 276 5092 9092
5503 2850 5603 2950 4408 8408
348 1696 448 1796 3653 7653
226 1888 326 1988 5028 9028
1479 3730 1579 3830 4123 8123
3397 1726 3497 1826 4569 8569
5686 818 5786 918 4075 8075
4411 1445 4511 1545 3726 7726
2145 1691 2245 1791 3962 7962
384 2852 484 2952 4825 8825
18 3811 118 3911 4048 8048
1786 3520 1886 3620 3736 7736
4715 3643 4815 3743 3591 7591
1062 893 1162 993 4007 8007
3742 3190 3842 3290 3491 7491
2705 978 2805 1078 4082 8082
1910 3203 2010 3303 4998 8998
2373 3199 2473 3299 5091 9091
2184 195 2284 295 4762 8762
4994 1366 5094 1466 4805 8805
4 106 104 206 4762 8762
4746 710 4846 810 4408 8408
3678 2467 3778 2567 4006 8006
5395 3846 5495 3946 4380 8380
19 3100 119 3200 3445 7445
1652 370 1752 470 4894 8894
3361 1655 3461 1755 3918 7918
664 3156 764 3256 4430 8430
170 3826 270 3926 3506 7506
154 2160 254 2260 4901 8901
2419 1233 2519 1333 3703 7703
393 1377 493 1477 4382 8382
5318 2632 5418 2732 4437 8437
5509 1546 5609 1646 4150 8150
2298 1255 2398 1355 3410 7410
2904 2836 3004 2936 4133 8133
5538 213 5638 313 3794 7794
4955 602 5055 702 4073 8073
5015 2951 5115 3051 4536 8536
3780 3647 3880 3747 4983 8983
1634 1641 1734 1741 4307 8307
4891 3396 4991 3496 4956 8956
3853 3225 3953 3325 4735 8735
3790 872 3890 972 3865 7865
575 1130 675 1230 4937 8937
3691 3288 3791 3388 4348 8348
5468 523 5568 623 3972 7972
969 2435 1069 2535 4460 8460
4601 519 4701 619 4971 8971
1880 2773 1980 2873 4336 8336
4094 1513 4194 1613 4782 8782
317 590 417 690 3557 7557
485 2119 585 2219 4259 8259
3640 3260 3740 3360 4963 8963
3695 58 3795 158 4910 8910
1223 3415 1323 3515 4361 8361
3064 3248 3164 3348 4840 8840
1649 1211 1749 1311 4333 8333
3937 460 4037 560 3901 7901
3804 2170 3904 2270 4657 8657
1958 698 2058 798 4593 8593
1371 1178 1471 1278 4229 8229
1883 3583 1983 3683 4575 8575
3625 1495 3725 1595 4139 8139
623 1610 723 1710 3700 7700
2024 2529 2124 2629 5066 9066
4990 536 5090 636 4671 8671
4130 3646 4230 3746 4706 8706
3848 758 3948 858 5083 9083
4522 1221 4622 1321 4220 8220
4746 879 4846 979 4708 8708
5600 1375 5700 1475 4736 8736
1599 3450 1699 3550 4308 8308
2339 1124 2439 1224 4787 8787
126 1823 226 1923 3922 7922
2384 2775 2484 2875 3465 7465
1321 1963 1421 2063 4393 8393
2406 2563 2506 2663 3771 7771
867 1705 967 1805 4642 8642
2411 2561 2511 2661 4092 8092
2626 3845 2726 3945 4063 8063
969 1922 1069 2022 4197 8197
2947 2531 3047 2631 4868 8868
4410 3891 4510 3991 4217 8217
3256 55 3356 155 3835 7835
