1000
1957 2626 2057 2726 6809 6909
3627 2064 3727 2164 6195 6295
1488 857 1588 957 5066 5166
1364 2301 1464 2401 3432 3532
1417 2520 1517 2620 7999 8099
5409 383 5509 483 4073 4173
3606 1595 3706 1695 7571 7671
4936 2930 5036 3030 3584 3684
5298 1116 5398 1216 4636 4736
2889 483 2989 583 7846 7946
5429 236 5529 336 6219 6319
4855 3476 4955 3576 7618 7718
5016 2315 5116 2415 7297 7397
1651 230 1751 330 7079 7179
2760 999 2860 1099 5315 5415
3121 3300 3221 3400 4601 4701
2064 2081 2164 2181 3904 4004
1273 2972 1373 3072 8300 8400
2514 1440 2614 1540 4227 4327
3082 3753 3182 3853 8178 8278
4812 2447 4912 2547 5134 5234
4606 3185 4706 3285 4978 5078
3617 2363 3717 2463 5195 5295
602 3125 702 3225 6814 6914
1770 412 1870 512 4202 4302
2763 794 2863 894 8501 8601
3619 604 3719 704 7659 7759
502 192 602 292 8622 8722
5651 2475 5751 2575 4340 4440
5416 583 5516 683 5679 5779
4080 2900 4180 3000 7338 7438
4153 194 4253 294 8668 8768
3523 3736 3623 3836 6823 6923
4230 1276 4330 1376 3498 3598
1345 1668 1445 1768 6004 6104
3685 879 3785 979 3542 3642
4071 540 4171 640 6571 6671
921 998 1021 1098 5444 5544
277 2530 377 2630 6044 6144
1144 3599 1244 3699 5547 5647
2329 2192 2429 2292 8427 8527
3519 2289 3619 2389 7774 7874
3276 970 3376 1070 7837 7937
1981 393 2081 493 6871 6971
1287 3441 1387 3541 4497 4597
3953 658 4053 758 4239 4339
2172 493 2272 593 5747 5847
3196 1126 3296 1226 3885 3985
3112 224 3212 324 6742 6842
5539 631 5639 731 7925 8025
972 2201 1072 2301 6572 6672
1623 2075 1723 2175 6026 6126
5252 3438 5352 3538 7895 7995
5100 3505 5200 3605 4244 4344
1768 2747 1868 2847 5767 5867
2769 2825 2869 2925 6044 6144
488 3285 588 3385 6118 6218
3181 2078 3281 2178 7766 7866
1525 645 1625 745 8992 9092
620 1461 720 1561 6675 6775
5327 2456 5427 2556 4703 4803
4164 2630 4264 2730 8625 8725
730 3424 830 3524 6729 6829
4842 3427 4942 3527 8138 8238
3508 1262 3608 1362 8889 8989
4367 3745 4467 3845 3438 3538
174 1300 274 1400 7383 7483
188 1022 288 1122 8497 8597
696 1256 796 1356 8853 8953
869 3126 969 3226 8617 8717
3511 2429 3611 2529 6803 6903
4656 1358 4756 1458 7540 7640
2635 797 2735 897 6401 6501
725 469 825 569 5343 5443
1460 2014 1560 2114 3779 3879
5574 2321 5674 2421 8503 8603
903 800 1003 900 4957 5057
5736 441 5836 541 6855 6955
1412 2369 1512 2469 4955 5055
2524 256 2624 356 8296 8396
3682 1286 3782 1386 7586 7686
671 2355 771 2455 4446 4546
5490 389 5590 489 4693 4793
2087 1324 2187 1424 7180 7280
749 861 849 961 8693 8793
4351 1749 4451 1849 7539 7639
3627 2910 3727 3010 4810 4910
5359 1077 5459 1177 6415 6515
1800 980 1900 1080 5410 5510
769 1860 869 1960 7416 7516
2333 1277 2433 1377 4400 4500
1444 1689 1544 1789 6523 6623
1712 3071 1812 3171 6121 6221
4973 3700 5073 3800 8133 8233
4036 1697 4136 1797 4407 4507
2408 2225 2508 2325 3621 3721
5562 2475 5662 2575 5843 5943
1638 1095 1738 1195 5327 5427
3412 511 3512 611 5618 5718
652 1824 752 1924 8110 8210
4602 1761 4702 1861 4202 4302
3211 2596 3311 2696 8664 8764
27 3191 127 3291 7079 7179
4534 2939 4634 3039 7217 7317
787 2308 887 2408 3800 3900
1176 660 1276 760 8576 8676
1451 2969 1551 3069 7159 7259
1964 3483 2064 3583 5226 5326
3263 1236 3363 1336 6260 6360
1572 3748 1672 3848 7756 7856
5709 977 5809 1077 8971 9071
2687 1853 2787 1953 4362 4462
4105 929 4205 1029 6341 6441
4526 2497 4626 2597 4894 4994
849 77 949 177 6989 7089
116 2334 216 2434 6611 6711
384 1810 484 1910 7928 8028
93 166 193 266 4201 4301
4602 2382 4702 2482 8233 8333
4783 2882 4883 2982 6636 6736
1404 875 1504 975 3454 3554
3647 1538 3747 1638 5387 5487
368 6 468 106 7409 7509
125 3253 225 3353 6602 6702
1598 622 1698 722 6147 6247
4188 2861 4288 2961 8660 8760
4009 1740 4109 1840 4635 4735
882 2389 982 2489 3792 3892
2741 595 2841 695 6507 6607
2068 3425 2168 3525 5270 5370
5256 3496 5356 3596 7980 8080
239 2568 339 2668 8218 8318
1708 586 1808 686 7189 7289
3951 3394 4051 3494 4512 4612
1126 3476 1226 3576 5614 5714
4397 2983 4497 3083 3675 3775
5116 79 5216 179 5480 5580
4182 2883 4282 2983 3480 3580
4665 521 4765 621 5198 5298
4089 3280 4189 3380 5345 5445
4578 552 4678 652 3568 3668
913 3770 1013 3870 4537 4637
2075 2927 2175 3027 7663 7763
134 356 234 456 4580 4680
5359 2300 5459 2400 4058 4158
1927 1190 2027 1290 5628 5728
1438 452 1538 552 6859 6959
4828 648 4928 748 8221 8321
156 1944 256 2044 4874 4974
4059 169 4159 269 8930 9030
4651 3354 4751 3454 5067 5167
3336 2076 3436 2176 4706 4806
4868 1617 4968 1717 7356 7456
2767 3389 2867 3489 5716 5816
4005 189 4105 289 4597 4697
3887 2937 3987 3037 6776 6876
1966 2792 2066 2892 7784 7884
1697 1494 1797 1594 8885 8985
3963 2680 4063 2780 6411 6511
23 3045 123 3145 5079 5179
4533 3360 4633 3460 5207 5307
4420 569 4520 669 4808 4908
1583 1140 1683 1240 5567 5667
2365 3007 2465 3107 7215 7315
895 514 995 614 6803 6903
2933 3536 3033 3636 8155 8255
2502 2104 2602 2204 4326 4426
5269 1447 5369 1547 6256 6356
3936 1795 4036 1895 5223 5323
3167 1173 3267 1273 7796 7896
1863 51 1963 151 8699 8799
4603 3039 4703 3139 4040 4140
1371 3297 1471 3397 6324 6424
5723 1254 5823 1354 5996 6096
1124 2417 1224 2517 8354 8454
3862 1284 3962 1384 5908 6008
5488 1540 5588 1640 5003 5103
1700 2389 1800 2489 6619 6719
3620 3075 3720 3175 4268 4368
5109 3046 5209 3146 6702 6802
5039 1067 5139 1167 4053 4153
2320 1739 2420 1839 3686 3786
843 1991 943 2091 8516 8616
4921 2035 5021 2135 5522 5622
1206 111 1306 211 5878 5978
4631 2805 4731 2905 7649 7749
2967 104 3067 204 6064 6164
3921 1196 4021 1296 5536 5636
2896 2428 2996 2528 5911 6011
4961 1174 5061 1274 6139 6239
3845 479 3945 579 7930 8030
5187 3704 5287 3804 4941 5041
1372 3458 1472 3558 8367 8467
832 3534 932 3634 3399 3499
190 386 290 486 6797 6897
894 2330 994 2430 6568 6668
5326 1199 5426 1299 5914 6014
422 1593 522 1693 8952 9052
1829 2306 1929 2406 5649 5749
2554 3885 2654 3985 6685 6785
575 2197 675 2297 3569 3669
2944 3847 3044 3947 8876 8976
3335 1420 3435 1520 6270 6370
3673 708 3773 808 5953 6053
3940 470 4040 570 8971 9071
5259 1718 5359 1818 8039 8139
563 3084 663 3184 8205 8305
1636 2207 1736 2307 8590 8690
4436 70 4536 170 5195 5295
2207 1155 2307 1255 3655 3755
5247 549 5347 649 4143 4243
1925 724 2025 824 6410 6510
301 2015 401 2115 7613 7713
2879 2511 2979 2611 4718 4818
2544 3001 2644 3101 5546 5646
1055 943 1155 1043 8515 8615
3597 3044 3697 3144 4985 5085
2208 2853 2308 2953 8060 8160
808 2815 908 2915 6986 7086
2293 2705 2393 2805 4303 4403
696 2451 796 2551 4361 4461
415 3779 515 3879 6048 6148
5530 3839 5630 3939 6847 6947
1297 2189 1397 2289 6084 6184
583 3611 683 3711 3787 3887
3025 1938 3125 2038 4964 5064
3776 904 3876 1004 7141 7241
4081 1553 4181 1653 8774 8874
3256 1577 3356 1677 8195 8295
4237 3283 4337 3383 3593 3693
3283 2753 3383 2853 3952 4052
2075 781 2175 881 5380 5480
3558 1214 3658 1314 3625 3725
5326 1571 5426 1671 4746 4846
124 2560 224 2660 8167 8267
3926 1998 4026 2098 7219 7319
3662 2852 3762 2952 4992 5092
1556 1651 1656 1751 7900 8000
3877 3257 3977 3357 4154 4254
4687 3681 4787 3781 6918 7018
451 1583 551 1683 6717 6817
2711 1256 2811 1356 5903 6003
1357 2178 1457 2278 7517 7617
2984 1056 3084 1156 4461 4561
5284 1808 5384 1908 5333 5433
4507 3377 4607 3477 8217 8317
2813 2963 2913 3063 5341 5441
3801 799 3901 899 3987 4087
3938 1143 4038 1243 6335 6435
4584 2753 4684 2853 4663 4763
2845 1937 2945 2037 5572 5672
5711 989 5811 1089 5963 6063
2116 1192 2216 1292 4425 4525
3884 3733 3984 3833 8522 8622
829 1593 929 1693 7120 7220
5016 3691 5116 3791 6306 6406
2801 105 2901 205 7671 7771
4254 2193 4354 2293 5229 5329
1975 2303 2075 2403 4383 4483
4960 3417 5060 3517 5869 5969
1331 3512 1431 3612 8328 8428
110 1441 210 1541 8254 8354
3374 3133 3474 3233 7654 7754
3199 2002 3299 2102 8364 8464
277 867 377 967 7669 7769
472 3537 572 3637 4696 4796
1969 306 2069 406 4875 4975
2691 1830 2791 1930 4157 4257
5298 3205 5398 3305 4562 4662
1634 1134 1734 1234 5295 5395
3233 3200 3333 3300 5812 5912
4251 3184 4351 3284 7881 7981
2211 3589 2311 3689 4275 4375
4765 41 4865 141 4809 4909
2862 1397 2962 1497 6486 6586
2893 1664 2993 1764 5597 5697
3070 1566 3170 1666 8570 8670
1572 1414 1672 1514 4457 4557
2200 759 2300 859 8371 8471
2599 3239 2699 3339 6270 6370
3271 2559 3371 2659 6695 6795
766 3152 866 3252 6180 6280
796 859 896 959 8896 8996
1395 772 1495 872 6139 6239
707 72 807 172 7150 7250
5302 1599 5402 1699 7500 7600
2972 2491 3072 2591 6035 6135
2814 1605 2914 1705 5476 5576
4447 3630 4547 3730 6751 6851
2999 3069 3099 3169 3625 3725
4537 685 4637 785 4265 4365
4650 2644 4750 2744 5449 5549
4002 3833 4102 3933 6393 6493
5414 3484 5514 3584 4130 4230
1711 3601 1811 3701 5233 5333
4650 3645 4750 3745 4243 4343
3223 599 3323 699 8154 8254
5692 77 5792 177 7132 7232
3266 1097 3366 1197 5123 5223
1798 469 1898 569 8988 9088
3474 1822 3574 1922 5223 5323
45 1803 145 1903 7608 7708
1504 3596 1604 3696 6806 6906
4874 1740 4974 1840 7810 7910
3992 21 4092 121 5460 5560
1166 1241 1266 1341 5381 5481
397 509 497 609 8870 8970
3647 640 3747 740 8209 8309
2667 395 2767 495 6063 6163
4844 3187 4944 3287 7432 7532
1296 395 1396 495 5458 5558
2141 1133 2241 1233 7554 7654
2404 1998 2504 2098 6771 6871
2328 1198 2428 1298 8634 8734
4967 2157 5067 2257 6154 6254
5289 3542 5389 3642 8778 8878
2853 3052 2953 3152 6790 6890
633 525 733 625 5363 5463
1996 1466 2096 1566 5673 5773
5649 1547 5749 1647 3852 3952
3108 2589 3208 2689 7402 7502
18 1376 118 1476 5881 5981
474 395 574 495 4526 4626
3292 3636 3392 3736 8868 8968
2956 2723 3056 2823 7400 7500
1730 1258 1830 1358 6073 6173
3713 2886 3813 2986 5760 5860
1197 2899 1297 2999 7154 7254
5064 128 5164 228 5840 5940
2462 818 2562 918 7659 7759
930 2785 1030 2885 8470 8570
3943 50 4043 150 6036 6136
64 3466 164 3566 6174 6274
2833 1024 2933 1124 6650 6750
5641 862 5741 962 7814 7914
1553 3001 1653 3101 6087 6187
3769 3534 3869 3634 3478 3578
651 2813 751 2913 8648 8748
2142 2882 2242 2982 3759 3859
5719 79 5819 179 6000 6100
5299 244 5399 344 6515 6615
1623 1121 1723 1221 4882 4982
4234 3841 4334 3941 6866 6966
2946 1197 3046 1297 7037 7137
1748 3594 1848 3694 8150 8250
5053 1328 5153 1428 7319 7419
2033 595 2133 695 4282 4382
731 1794 831 1894 4040 4140
2885 1550 2985 1650 4495 4595
4198 3825 4298 3925 4790 4890
5131 1115 5231 1215 6057 6157
3051 1158 3151 1258 5078 5178
3718 1430 3818 1530 5944 6044
2418 3574 2518 3674 4141 4241
2443 3423 2543 3523 6745 6845
1008 2296 1108 2396 6449 6549
950 203 1050 303 7535 7635
240 2527 340 2627 8303 8403
76 464 176 564 5288 5388
334 1944 434 2044 8207 8307
4029 3884 4129 3984 5923 6023
56 3764 156 3864 5115 5215
4395 3038 4495 3138 6869 6969
439 1116 539 1216 4229 4329
1397 1673 1497 1773 3636 3736
2536 267 2636 367 6373 6473
5407 2551 5507 2651 8558 8658
2299 200 2399 300 8719 8819
5344 1333 5444 1433 6463 6563
14 873 114 973 6920 7020
3512 1552 3612 1652 3888 3988
3912 961 4012 1061 3673 3773
3945 2718 4045 2818 7785 7885
998 2862 1098 2962 4292 4392
5416 2591 5516 2691 8199 8299
1726 192 1826 292 4769 4869
1273 2299 1373 2399 7707 7807
5539 2954 5639 3054 4078 4178
4879 1298 4979 1398 5889 5989
2177 1535 2277 1635 8595 8695
2737 935 2837 1035 5437 5537
5397 1861 5497 1961 4770 4870
2279 324 2379 424 4212 4312
3396 2902 3496 3002 4758 4858
236 1466 336 1566 4667 4767
432 688 532 788 5735 5835
357 2864 457 2964 6951 7051
408 2890 508 2990 8391 8491
1378 2047 1478 2147 5228 5328
3896 3295 3996 3395 3470 3570
2555 3430 2655 3530 3863 3963
1384 1029 1484 1129 6451 6551
440 1263 540 1363 7309 7409
5223 3111 5323 3211 8356 8456
4137 3788 4237 3888 3852 3952
4875 1068 4975 1168 7910 8010
4783 3018 4883 3118 5595 5695
2423 1736 2523 1836 4605 4705
1200 1321 1300 1421 7779 7879
716 455 816 555 8450 8550
1539 1257 1639 1357 4500 4600
887 2785 987 2885 6203 6303
4331 3346 4431 3446 5683 5783
3230 3006 3330 3106 7355 7455
4874 1974 4974 2074 6471 6571
4305 2842 4405 2942 3771 3871
3249 1901 3349 2001 4741 4841
3531 2697 3631 2797 5539 5639
4951 3037 5051 3137 3713 3813
906 2814 1006 2914 4941 5041
419 2315 519 2415 8777 8877
487 1070 587 1170 7529 7629
766 2189 866 2289 4177 4277
4090 846 4190 946 5231 5331
2924 1191 3024 1291 3900 4000
3247 3287 3347 3387 7150 7250
856 2672 956 2772 6006 6106
1297 2210 1397 2310 8139 8239
4977 2140 5077 2240 6302 6402
2900 1855 3000 1955 8949 9049
3597 750 3697 850 3914 4014
4436 3503 4536 3603 7114 7214
1612 3341 1712 3441 6204 6304
755 1528 855 1628 5121 5221
1898 1018 1998 1118 4762 4862
3439 449 3539 549 7188 7288
5618 891 5718 991 7181 7281
1735 2708 1835 2808 5385 5485
5697 1082 5797 1182 4615 4715
2034 2485 2134 2585 6769 6869
3496 2221 3596 2321 5589 5689
5328 144 5428 244 7873 7973
4336 1692 4436 1792 6695 6795
4298 1003 4398 1103 4367 4467
2703 3736 2803 3836 8035 8135
4426 2660 4526 2760 3791 3891
3948 616 4048 716 6533 6633
3414 3406 3514 3506 8803 8903
1719 621 1819 721 4591 4691
3262 3099 3362 3199 5578 5678
4867 1952 4967 2052 7664 7764
659 1991 759 2091 6497 6597
3713 387 3813 487 4657 4757
3866 575 3966 675 6109 6209
4656 3403 4756 3503 7045 7145
4372 3507 4472 3607 5485 5585
521 273 621 373 3629 3729
252 1523 352 1623 5692 5792
4311 417 4411 517 5105 5205
2110 343 2210 443 7958 8058
1185 2999 1285 3099 6912 7012
498 2738 598 2838 5670 5770
5039 2906 5139 3006 6395 6495
4938 1696 5038 1796 3743 3843
950 3131 1050 3231 3553 3653
715 3082 815 3182 6286 6386
2483 592 2583 692 4422 4522
1498 3106 1598 3206 5860 5960
4682 2878 4782 2978 6018 6118
1063 3486 1163 3586 8647 8747
5263 3514 5363 3614 8969 9069
3002 1283 3102 1383 3531 3631
714 2085 814 2185 4086 4186
2184 3713 2284 3813 6707 6807
780 1862 880 1962 4214 4314
4394 1675 4494 1775 6940 7040
1335 506 1435 606 8055 8155
1292 1623 1392 1723 4124 4224
1939 1879 2039 1979 8757 8857
4995 3143 5095 3243 3660 3760
3345 3365 3445 3465 8045 8145
750 3092 850 3192 3531 3631
5270 3067 5370 3167 7741 7841
2842 1025 2942 1125 3374 3474
3072 2690 3172 2790 6087 6187
242 3663 342 3763 5707 5807
4465 2145 4565 2245 4347 4447
4780 2311 4880 2411 7936 8036
1993 1782 2093 1882 5877 5977
5602 977 5702 1077 4644 4744
1047 1487 1147 1587 7244 7344
1549 2411 1649 2511 3371 3471
1865 1180 1965 1280 5082 5182
1847 702 1947 802 5644 5744
1244 20 1344 120 5428 5528
1008 2264 1108 2364 7778 7878
2407 63 2507 163 8358 8458
2182 1809 2282 1909 8221 8321
1833 2808 1933 2908 8926 9026
1405 632 1505 732 4291 4391
1410 1421 1510 1521 6843 6943
1368 729 1468 829 5171 5271
5389 1246 5489 1346 6686 6786
1598 2403 1698 2503 6434 6534
4767 2607 4867 2707 7750 7850
3642 1226 3742 1326 4881 4981
3723 2430 3823 2530 5485 5585
5238 2824 5338 2924 8576 8676
210 1379 310 1479 5149 5249
954 1222 1054 1322 7841 7941
2090 346 2190 446 4021 4121
1222 711 1322 811 5614 5714
5393 261 5493 361 7111 7211
2652 2063 2752 2163 8792 8892
1582 1837 1682 1937 3412 3512
66 1024 166 1124 6605 6705
4089 636 4189 736 6861 6961
1446 165 1546 265 5156 5256
3765 1922 3865 2022 6056 6156
1003 3789 1103 3889 6397 6497
5609 188 5709 288 6525 6625
856 1815 956 1915 7153 7253
880 3122 980 3222 5773 5873
1806 1387 1906 1487 4095 4195
4928 2463 5028 2563 5974 6074
561 2469 661 2569 3708 3808
2303 1015 2403 1115 5793 5893
5712 3315 5812 3415 3371 3471
2043 3375 2143 3475 5379 5479
5164 2756 5264 2856 3527 3627
4997 1933 5097 2033 8492 8592
2954 1080 3054 1180 6739 6839
1508 2174 1608 2274 5739 5839
5495 2560 5595 2660 6297 6397
5032 1988 5132 2088 8316 8416
251 413 351 513 3910 4010
1089 2961 1189 3061 8435 8535
4974 2855 5074 2955 4489 4589
474 1673 574 1773 8616 8716
388 636 488 736 5587 5687
4564 2371 4664 2471 7121 7221
4164 1919 4264 2019 4111 4211
962 3892 1062 3992 8557 8657
352 3403 452 3503 4685 4785
351 3762 451 3862 3583 3683
2542 1502 2642 1602 6874 6974
1803 299 1903 399 6453 6553
2224 2038 2324 2138 4231 4331
62 330 162 430 6733 6833
4272 1000 4372 1100 7816 7916
291 2529 391 2629 6417 6517
4659 2611 4759 2711 5691 5791
2115 1656 2215 1756 6910 7010
4467 133 4567 233 5229 5329
3145 2083 3245 2183 8620 8720
3078 761 3178 861 4259 4359
4827 2539 4927 2639 7911 8011
5507 1877 5607 1977 8151 8251
5090 2090 5190 2190 7488 7588
430 0 530 100 7002 7102
2434 2264 2534 2364 5268 5368
5169 1607 5269 1707 7407 7507
660 1764 760 1864 5451 5551
1345 2256 1445 2356 4926 5026
2343 1743 2443 1843 7180 7280
2393 2212 2493 2312 8979 9079
2851 1425 2951 1525 5193 5293
4255 936 4355 1036 6556 6656
95 1106 195 1206 7588 7688
3988 3451 4088 3551 4706 4806
3734 3457 3834 3557 8954 9054
4451 3496 4551 3596 8657 8757
5114 181 5214 281 8644 8744
391 1307 491 1407 5922 6022
2670 1225 2770 1325 5896 5996
1373 1046 1473 1146 7848 7948
5337 3520 5437 3620 6452 6552
5435 2391 5535 2491 7951 8051
3893 1102 3993 1202 3447 3547
1325 1076 1425 1176 4479 4579
1450 815 1550 915 8896 8996
479 1445 579 1545 5246 5346
2517 428 2617 528 8767 8867
4491 669 4591 769 3483 3583
5128 3548 5228 3648 8258 8358
2385 3348 2485 3448 4085 4185
5635 829 5735 929 6352 6452
1928 2274 2028 2374 8260 8360
4173 511 4273 611 8921 9021
4319 1531 4419 1631 8363 8463
4454 2682 4554 2782 4549 4649
1826 2326 1926 2426 6625 6725
496 666 596 766 5708 5808
2785 2119 2885 2219 5460 5560
3744 2389 3844 2489 9015 9115
529 3217 629 3317 7264 7364
720 263 820 363 7396 7496
2534 101 2634 201 5564 5664
3379 3666 3479 3766 6534 6634
5009 1611 5109 1711 7273 7373
4567 1288 4667 1388 5029 5129
1704 2252 1804 2352 8544 8644
5506 1445 5606 1545 4518 4618
4971 298 5071 398 5473 5573
5678 116 5778 216 5782 5882
5110 2126 5210 2226 6391 6491
4 2068 104 2168 3599 3699
887 3462 987 3562 6155 6255
2817 2145 2917 2245 8883 8983
4499 3121 4599 3221 6190 6290
965 911 1065 1011 6432 6532
5700 232 5800 332 7887 7987
2513 3777 2613 3877 4252 4352
215 2926 315 3026 6593 6693
3298 3495 3398 3595 5263 5363
4301 2480 4401 2580 3569 3669
1529 1981 1629 2081 3807 3907
64 1421 164 1521 6447 6547
1833 3075 1933 3175 7551 7651
635 900 735 1000 6069 6169
236 2983 336 3083 3835 3935
454 2797 554 2897 6767 6867
3117 2670 3217 2770 5201 5301
2979 3266 3079 3366 7144 7244
3932 1400 4032 1500 4926 5026
4532 3362 4632 3462 5771 5871
4203 1913 4303 2013 7905 8005
5324 1219 5424 1319 8103 8203
4687 3877 4787 3977 7630 7730
5671 1849 5771 1949 8069 8169
2358 1897 2458 1997 7653 7753
5607 2656 5707 2756 3952 4052
5089 3724 5189 3824 3719 3819
1674 3894 1774 3994 8100 8200
5522 3464 5622 3564 3770 3870
5088 2550 5188 2650 4480 4580
1401 627 1501 727 3491 3591
4288 3663 4388 3763 6700 6800
5366 765 5466 865 7135 7235
1158 632 1258 732 6218 6318
2458 2328 2558 2428 6768 6868
4489 1615 4589 1715 7759 7859
2577 1220 2677 1320 8037 8137
4976 3673 5076 3773 4395 4495
420 1445 520 1545 5724 5824
4794 3180 4894 3280 5738 5838
4624 3558 4724 3658 7144 7244
1992 1905 2092 2005 3781 3881
3257 3545 3357 3645 6903 7003
4511 2344 4611 2444 8423 8523
649 609 749 709 6300 6400
3388 3819 3488 3919 7317 7417
2807 3067 2907 3167 7623 7723
917 3678 1017 3778 3379 3479
1803 3611 1903 3711 5607 5707
3656 366 3756 466 7684 7784
79 3702 179 3802 6342 6442
1571 2581 1671 2681 6114 6214
1972 2125 2072 2225 7643 7743
783 3556 883 3656 3851 3951
4227 2171 4327 2271 5105 5205
3180 2520 3280 2620 5928 6028
3804 705 3904 805 5323 5423
5445 1698 5545 1798 8378 8478
4591 2839 4691 2939 5323 5423
1021 1038 1121 1138 6967 7067
378 2747 478 2847 5590 5690
3510 790 3610 890 4472 4572
4883 1326 4983 1426 6942 7042
3015 2625 3115 2725 7007 7107
5360 13 5460 113 7514 7614
4000 3621 4100 3721 7770 7870
2870 1955 2970 2055 8076 8176
5102 1541 5202 1641 7427 7527
4190 1995 4290 2095 8429 8529
2213 861 2313 961 7764 7864
2306 1318 2406 1418 3712 3812
5011 1620 5111 1720 7294 7394
839 3671 939 3771 7583 7683
5081 561 5181 661 4022 4122
4474 3686 4574 3786 7334 7434
773 3199 873 3299 5019 5119
3106 1671 3206 1771 8274 8374
2798 3419 2898 3519 8433 8533
1320 1664 1420 1764 7085 7185
5663 19 5763 119 8045 8145
3918 96 4018 196 4290 4390
1353 1698 1453 1798 6040 6140
92 2256 192 2356 6279 6379
2107 3738 2207 3838 5191 5291
2441 652 2541 752 7345 7445
133 2970 233 3070 8807 8907
3550 105 3650 205 3956 4056
381 1969 481 2069 7663 7763
1811 2303 1911 2403 4767 4867
949 1449 1049 1549 7629 7729
5112 289 5212 389 5348 5448
3195 1570 3295 1670 4883 4983
5556 3429 5656 3529 5754 5854
5596 638 5696 738 9024 9124
36 1130 136 1230 6991 7091
1085 859 1185 959 5379 5479
1259 2198 1359 2298 4498 4598
3430 3202 3530 3302 4964 5064
1771 106 1871 206 5165 5265
473 2708 573 2808 6069 6169
2301 1413 2401 1513 7981 8081
3822 193 3922 293 3993 4093
4859 668 4959 768 6857 6957
1616 2451 1716 2551 7867 7967
3810 3607 3910 3707 7674 7774
350 3765 450 3865 6153 6253
3493 3628 3593 3728 4952 5052
5414 3461 5514 3561 4886 4986
2619 1536 2719 1636 5347 5447
2722 2012 2822 2112 7542 7642
457 3660 557 3760 8895 8995
5483 24 5583 124 4657 4757
1930 1850 2030 1950 4746 4846
819 3594 919 3694 7981 8081
4811 2439 4911 2539 4844 4944
229 2938 329 3038 6558 6658
3325 1508 3425 1608 7223 7323
1531 2155 1631 2255 4914 5014
1522 293 1622 393 8012 8112
5110 3376 5210 3476 4067 4167
1209 1148 1309 1248 7095 7195
1225 2950 1325 3050 3647 3747
3165 2548 3265 2648 8152 8252
2209 720 2309 820 5986 6086
2847 3252 2947 3352 8472 8572
481 3472 581 3572 7892 7992
2489 3488 2589 3588 5326 5426
3837 349 3937 449 5989 6089
2767 2407 2867 2507 7387 7487
1605 1965 1705 2065 7225 7325
1375 328 1475 428 8200 8300
3274 1560 3374 1660 7673 7773
1301 707 1401 807 3758 3858
5504 3427 5604 3527 7190 7290
828 627 928 727 7966 8066
3120 3558 3220 3658 3792 3892
1247 3035 1347 3135 7208 7308
5549 33 5649 133 8459 8559
3666 3162 3766 3262 6549 6649
4510 2256 4610 2356 7545 7645
5063 3228 5163 3328 7440 7540
1147 3183 1247 3283 4508 4608
3988 2147 4088 2247 7284 7384
4033 564 4133 664 5806 5906
2655 2028 2755 2128 4684 4784
4665 1177 4765 1277 6970 7070
5657 3445 5757 3545 8603 8703
2110 1291 2210 1391 5257 5357
3508 3266 3608 3366 6653 6753
4525 614 4625 714 5165 5265
5638 1860 5738 1960 4000 4100
2868 2846 2968 2946 4372 4472
2629 126 2729 226 6557 6657
4003 2645 4103 2745 8088 8188
2354 2073 2454 2173 4982 5082
1635 257 1735 357 4850 4950
2880 670 2980 770 4034 4134
2284 245 2384 345 8580 8680
4237 3234 4337 3334 7258 7358
25 341 125 441 4085 4185
3840 3828 3940 3928 6075 6175
5576 1074 5676 1174 3559 3659
2766 2688 2866 2788 7159 7259
3007 1575 3107 1675 8435 8535
319 2412 419 2512 8695 8795
2379 1923 2479 2023 6867 6967
272 3668 372 3768 6530 6630
2091 1473 2191 1573 8363 8463
1351 1927 1451 2027 3607 3707
2824 2885 2924 2985 8357 8457
4726 2703 4826 2803 8202 8302
1191 708 1291 808 7211 7311
4848 1331 4948 1431 4011 4111
3016 1414 3116 1514 6605 6705
4916 273 5016 373 3581 3681
2826 3836 2926 3936 6011 6111
1964 174 2064 274 7736 7836
1142 3187 1242 3287 4229 4329
4128 1058 4228 1158 7134 7234
2395 954 2495 1054 4307 4407
1023 3489 1123 3589 6371 6471
461 68 561 168 6706 6806
3025 92 3125 192 7893 7993
968 3529 1068 3629 9030 9130
3481 1480 3581 1580 5075 5175
1991 3663 2091 3763 7399 7499
4979 1286 5079 1386 3634 3734
3291 167 3391 267 4200 4300
5505 552 5605 652 6130 6230
4931 526 5031 626 7640 7740
2145 274 2245 374 5357 5457
436 3624 536 3724 6072 6172
743 2600 843 2700 7466 7566
93 3634 193 3734 7657 7757
1493 1905 1593 2005 6040 6140
73 2320 173 2420 3852 3952
5061 1654 5161 1754 6167 6267
4694 922 4794 1022 4808 4908
1062 2845 1162 2945 6347 6447
2916 1549 3016 1649 5351 5451
1046 3820 1146 3920 8387 8487
1284 657 1384 757 7367 7467
4820 3066 4920 3166 3624 3724
5021 3330 5121 3430 3465 3565
268 209 368 309 4457 4557
666 3026 766 3126 6809 6909
4959 15 5059 115 4984 5084
2522 1647 2622 1747 5856 5956
1346 812 1446 912 7774 7874
5557 3560 5657 3660 8832 8932
1435 1797 1535 1897 4299 4399
379 259 479 359 6003 6103
4508 1668 4608 1768 4362 4462
4812 810 4912 910 5478 5578
3366 3867 3466 3967 6833 6933
3098 3114 3198 3214 6971 7071
811 2213 911 2313 8992 9092
1484 1045 1584 1145 5909 6009
3773 3679 3873 3779 5801 5901
1149 2865 1249 2965 7338 7438
5389 376 5489 476 5031 5131
863 389 963 489 4956 5056
42 1222 142 1322 7305 7405
4222 2980 4322 3080 4835 4935
1463 1337 1563 1437 4992 5092
5291 3506 5391 3606 7286 7386
4299 1350 4399 1450 4019 4119
4654 1674 4754 1774 5237 5337
4203 1497 4303 1597 6708 6808
5667 2261 5767 2361 4161 4261
5669 366 5769 466 6824 6924
66 880 166 980 8375 8475
2732 3055 2832 3155 8723 8823
709 2156 809 2256 8119 8219
5314 264 5414 364 8239 8339
5332 84 5432 184 4500 4600
2536 1991 2636 2091 7588 7688
1885 2097 1985 2197 3689 3789
160 3299 260 3399 5047 5147
5002 2506 5102 2606 6307 6407
110 627 210 727 8840 8940
3590 707 3690 807 7907 8007
4338 1756 4438 1856 7718 7818
2227 2789 2327 2889 3597 3697
2071 1964 2171 2064 8988 9088
1494 1900 1594 2000 6258 6358
3042 3058 3142 3158 4676 4776
3444 3750 3544 3850 4195 4295
3080 3617 3180 3717 4844 4944
534 3841 634 3941 7472 7572
3802 3231 3902 3331 7868 7968
498 3567 598 3667 6114 6214
3520 2586 3620 2686 3794 3894
1427 105 1527 205 8003 8103
5289 1758 5389 1858 8867 8967
4534 2328 4634 2428 8009 8109
5006 1420 5106 1520 5253 5353
77 385 177 485 8498 8598
5329 896 5429 996 8270 8370
3108 1798 3208 1898 5399 5499
4822 203 4922 303 8853 8953
4106 2876 4206 2976 6657 6757
2132 1646 2232 1746 5396 5496
1079 817 1179 917 6333 6433
2210 1140 2310 1240 4458 4558
5097 383 5197 483 8730 8830
4696 2374 4796 2474 8009 8109
2991 55 3091 155 4934 5034
2973 1920 3073 2020 8651 8751
4801 3466 4901 3566 7919 8019
2550 3299 2650 3399 5674 5774
2624 640 2724 740 4876 4976
1766 2752 1866 2852 4393 4493
232 934 332 1034 4483 4583
5438 473 5538 573 6952 7052
2231 837 2331 937 6079 6179
4693 2522 4793 2622 4751 4851
3279 783 3379 883 7434 7534
3092 2025 3192 2125 6122 6222
365 658 465 758 7030 7130
2479 522 2579 622 7008 7108
1202 949 1302 1049 8046 8146
3878 2851 3978 2951 5638 5738
1441 1014 1541 1114 7455 7555
2716 691 2816 791 8371 8471
406 988 506 1088 6635 6735
149 332 249 432 8463 8563
1212 1393 1312 1493 4401 4501
4225 653 4325 753 5245 5345
3587 1506 3687 1606 7715 7815
2406 599 2506 699 8172 8272
5506 633 5606 733 4849 4949
322 3236 422 3336 8280 8380
1022 3499 1122 3599 5063 5163
2391 2239 2491 2339 5410 5510
2005 1845 2105 1945 7248 7348
4408 1452 4508 1552 3669 3769
3366 2028 3466 2128 3401 3501
1872 3630 1972 3730 8006 8106
4005 1624 4105 1724 8917 9017
2530 2130 2630 2230 3434 3534
552 1892 652 1992 8358 8458
1248 2799 1348 2899 6606 6706
91 2454 191 2554 6451 6551
4159 386 4259 486 4916 5016
1669 3624 1769 3724 7163 7263
591 2549 691 2649 8650 8750
985 931 1085 1031 8250 8350
5024 803 5124 903 4357 4457
237 288 337 388 6970 7070
3658 1292 3758 1392 8412 8512
545 438 645 538 8230 8330
4135 1169 4235 1269 7011 7111
1635 2594 1735 2694 5442 5542
229 1669 329 1769 3518 3618
2632 2985 2732 3085 7819 7919
4062 3629 4162 3729 6183 6283
35 1282 135 1382 6211 6311
2691 2484 2791 2584 6425 6525
138 88 238 188 7118 7218
1705 1997 1805 2097 8546 8646
4610 2412 4710 2512 5752 5852
2324 563 2424 663 4304 4404
1463 3587 1563 3687 5022 5122
3602 2031 3702 2131 5508 5608
5392 3284 5492 3384 6223 6323
3096 2637 3196 2737 4446 4546
1677 2791 1777 2891 8654 8754
3947 625 4047 725 3449 3549
850 3514 950 3614 6384 6484
2685 2783 2785 2883 7580 7680
500 407 600 507 7099 7199
37 3582 137 3682 5839 5939
3649 2001 3749 2101 7037 7137
5133 769 5233 869 8103 8203
4015 2770 4115 2870 6494 6594
1962 2578 2062 2678 7582 7682
673 2741 773 2841 5308 5408
27 1538 127 1638 4553 4653
967 1020 1067 1120 7881 7981
3176 1475 3276 1575 5975 6075
5678 294 5778 394 5456 5556
2724 412 2824 512 5513 5613
109 2998 209 3098 5697 5797
4103 2845 4203 2945 6500 6600
4559 1621 4659 1721 5560 5660
4109 906 4209 1006 7324 7424
1075 3083 1175 3183 4848 4948
2338 1630 2438 1730 6641 6741
4848 1529 4948 1629 5999 6099
2451 1620 2551 1720 5089 5189
4251 3900 4351 4000 8157 8257
2824 1575 2924 1675 4667 4767
494 3009 594 3109 8469 8569
5020 88 5120 188 4209 4309
3333 1238 3433 1338 6941 7041
825 695 925 795 4091 4191
1700 3591 1800 3691 6492 6592
786 1015 886 1115 5581 5681
3691 1394 3791 1494 5525 5625
4416 1689 4516 1789 5247 5347
2119 2030 2219 2130 4869 4969
1934 1576 2034 1676 8117 8217
5557 1257 5657 1357 3614 3714
4603 3073 4703 3173 8873 8973
4205 2488 4305 2588 3440 3540
4296 3677 4396 3777 7445 7545
5733 1260 5833 1360 5584 5684
4553 2036 4653 2136 5463 5563
1338 3484 1438 3584 8264 8364
1690 2723 1790 2823 4651 4751
4149 2477 4249 2577 6985 7085
3464 3040 3564 3140 5086 5186
2914 2172 3014 2272 3603 3703
1501 217 1601 317 6444 6544
4988 22 5088 122 6980 7080
158 3206 258 3306 5820 5920
2604 222 2704 322 8498 8598
3023 1955 3123 2055 5152 5252
4308 3480 4408 3580 4723 4823
5012 2427 5112 2527 7330 7430
2951 1664 3051 1764 9023 9123
2377 1191 2477 1291 8918 9018
373 2582 473 2682 4224 4324
3726 2293 3826 2393 5707 5807
5423 1660 5523 1760 6027 6127
3607 673 3707 773 7175 7275
5399 2524 5499 2624 5782 5882
1017 3002 1117 3102 8128 8228
3281 3121 3381 3221 7596 7696
4402 1623 4502 1723 7920 8020
3054 2693 3154 2793 6886 6986
1909 3214 2009 3314 4414 4514
3455 3513 3555 3613 4320 4420
2320 789 2420 889 5268 5368
2555 3422 2655 3522 7091 7191
3729 792 3829 892 7349 7449
3846 3129 3946 3229 6027 6127
3451 2488 3551 2588 3760 3860
1908 3558 2008 3658 4219 4319
1110 1863 1210 1963 6629 6729
2194 1532 2294 1632 8181 8281
4673 2389 4773 2489 8400 8500
530 922 630 1022 7422 7522
