1000
3087 3355 3487 3755 4259 6259
5062 514 5462 914 3940 5940
1222 266 1622 666 4905 6905
2882 702 3282 1102 4498 6498
1496 84 1896 484 6074 8074
906 2078 1306 2478 7001 9001
3094 3292 3494 3692 4005 6005
1452 2852 1852 3252 6886 8886
2746 1710 3146 2110 5495 7495
888 2619 1288 3019 6452 8452
4141 1269 4541 1669 5104 7104
3427 2376 3827 2776 5008 7008
4546 187 4946 587 4823 6823
1725 177 2125 577 6448 8448
3197 1985 3597 2385 6184 8184
4642 2452 5042 2852 6519 8519
3691 2636 4091 3036 5109 7109
4558 1293 4958 1693 7047 9047
4489 3305 4889 3705 4162 6162
2772 916 3172 1316 6868 8868
4479 2709 4879 3109 6953 8953
4782 237 5182 637 6791 8791
2320 643 2720 1043 3810 5810
2665 2442 3065 2842 3833 5833
3401 3066 3801 3466 6421 8421
331 1697 731 2097 4137 6137
1532 1637 1932 2037 5021 7021
4880 1991 5280 2391 4447 6447
3309 2363 3709 2763 6139 8139
2617 1872 3017 2272 6510 8510
3127 1001 3527 1401 4764 6764
5363 1015 5763 1415 5981 7981
3504 917 3904 1317 5290 7290
1650 2485 2050 2885 5896 7896
5248 2820 5648 3220 3486 5486
5225 3515 5625 3915 4531 6531
5052 3049 5452 3449 3451 5451
5260 2621 5660 3021 4649 6649
4737 1484 5137 1884 6199 8199
789 767 1189 1167 4360 6360
5186 3088 5586 3488 6404 8404
620 425 1020 825 6105 8105
1401 846 1801 1246 5522 7522
3756 1867 4156 2267 4434 6434
4283 644 4683 1044 5497 7497
739 91 1139 491 4408 6408
644 3243 1044 3643 5988 7988
5126 3442 5526 3842 4861 6861
4985 3492 5385 3892 4703 6703
5024 1006 5424 1406 6304 8304
5137 1082 5537 1482 3952 5952
1800 156 2200 556 6671 8671
5236 558 5636 958 5323 7323
1443 2349 1843 2749 5791 7791
1404 2861 1804 3261 6863 8863
202 978 602 1378 6148 8148
3924 1998 4324 2398 4412 6412
3222 356 3622 756 5402 7402
2975 1064 3375 1464 4752 6752
1366 1374 1766 1774 5230 7230
3577 2578 3977 2978 6206 8206
4730 565 5130 965 5304 7304
2499 2973 2899 3373 3885 5885
74 496 474 896 3444 5444
1983 2241 2383 2641 5257 7257
29 1735 429 2135 6920 8920
2316 983 2716 1383 4574 6574
2698 363 3098 763 5414 7414
1311 3077 1711 3477 3603 5603
2890 736 3290 1136 3644 5644
2785 2818 3185 3218 6947 8947
3617 2190 4017 2590 6913 8913
3445 1716 3845 2116 6699 8699
792 2825 1192 3225 4686 6686
2292 3200 2692 3600 5707 7707
4224 1977 4624 2377 4773 6773
1886 2266 2286 2666 6690 8690
1678 108 2078 508 6537 8537
3286 2547 3686 2947 4133 6133
812 181 1212 581 6673 8673
4721 1217 5121 1617 5785 7785
1266 3136 1666 3536 5819 7819
3443 3424 3843 3824 4633 6633
5292 3218 5692 3618 4180 6180
3130 2778 3530 3178 6879 8879
3802 2872 4202 3272 7011 9011
2069 2389 2469 2789 3585 5585
4733 1815 5133 2215 5180 7180
1572 2437 1972 2837 4617 6617
3565 2299 3965 2699 4949 6949
4073 685 4473 1085 6364 8364
4112 1682 4512 2082 4159 6159
91 2255 491 2655 6133 8133
2830 1776 3230 2176 5261 7261
4399 160 4799 560 3712 5712
1341 1739 1741 2139 5469 7469
2003 2556 2403 2956 4447 6447
3262 3013 3662 3413 4367 6367
2374 3475 2774 3875 6849 8849
3528 1907 3928 2307 7108 9108
4490 3575 4890 3975 5415 7415
2602 2586 3002 2986 3675 5675
4361 549 4761 949 5430 7430
4893 1270 5293 1670 4374 6374
5306 374 5706 774 6014 8014
2450 479 2850 879 5148 7148
236 2052 636 2452 3601 5601
3743 3178 4143 3578 4269 6269
3768 364 4168 764 5300 7300
3596 1269 3996 1669 5359 7359
4039 2472 4439 2872 6076 8076
4379 79 4779 479 4000 6000
3632 1758 4032 2158 5773 7773
4928 2800 5328 3200 5118 7118
2675 152 3075 552 4517 6517
320 2284 720 2684 5806 7806
4226 2774 4626 3174 3837 5837
3019 412 3419 812 5940 7940
4309 2123 4709 2523 5135 7135
1350 1633 1750 2033 4343 6343
3463 2751 3863 3151 5141 7141
1276 471 1676 871 5504 7504
4343 76 4743 476 4124 6124
1873 3239 2273 3639 5860 7860
5016 3024 5416 3424 3391 5391
4725 3193 5125 3593 6691 8691
2343 1303 2743 1703 4457 6457
2750 3510 3150 3910 4053 6053
889 2025 1289 2425 6051 8051
2013 323 2413 723 6815 8815
1646 3331 2046 3731 6313 8313
1715 220 2115 620 7012 9012
1945 780 2345 1180 5449 7449
1570 3467 1970 3867 3682 5682
2607 260 3007 660 4811 6811
5236 2336 5636 2736 6037 8037
1024 2971 1424 3371 3697 5697
1091 2127 1491 2527 5558 7558
1176 1472 1576 1872 4981 6981
5362 2301 5762 2701 4318 6318
3485 2280 3885 2680 3461 5461
2463 1792 2863 2192 5115 7115
1233 3006 1633 3406 6563 8563
3743 1407 4143 1807 4766 6766
3724 378 4124 778 6913 8913
1603 999 2003 1399 4938 6938
3142 1953 3542 2353 5047 7047
1685 905 2085 1305 4360 6360
566 1285 966 1685 7119 9119
1216 107 1616 507 5878 7878
5300 2022 5700 2422 5377 7377
5084 1071 5484 1471 5713 7713
5038 2836 5438 3236 5251 7251
4063 1120 4463 1520 6840 8840
1156 1834 1556 2234 5432 7432
1648 1730 2048 2130 6911 8911
2259 2490 2659 2890 7060 9060
5334 3328 5734 3728 6965 8965
3054 3570 3454 3970 3540 5540
1751 2223 2151 2623 3657 5657
3438 537 3838 937 4894 6894
4636 1845 5036 2245 4751 6751
4496 2765 4896 3165 5198 7198
2087 476 2487 876 6638 8638
4734 1467 5134 1867 5615 7615
1285 2396 1685 2796 5663 7663
2732 1998 3132 2398 5681 7681
2095 2664 2495 3064 6418 8418
3030 2920 3430 3320 5868 7868
4149 636 4549 1036 4391 6391
2811 1135 3211 1535 6704 8704
2501 3095 2901 3495 5359 7359
3120 1106 3520 1506 4195 6195
3023 3286 3423 3686 4732 6732
826 3259 1226 3659 4596 6596
2816 1984 3216 2384 3561 5561
31 1389 431 1789 3617 5617
3616 1918 4016 2318 4345 6345
1812 2384 2212 2784 6733 8733
626 1982 1026 2382 5743 7743
1276 2910 1676 3310 5555 7555
3935 3008 4335 3408 4405 6405
2806 1839 3206 2239 6732 8732
2927 1657 3327 2057 6878 8878
357 2073 757 2473 6641 8641
4573 2830 4973 3230 4311 6311
898 1477 1298 1877 5526 7526
5353 1085 5753 1485 6435 8435
4386 800 4786 1200 6865 8865
1050 592 1450 992 5312 7312
5417 592 5817 992 5831 7831
2039 1338 2439 1738 4503 6503
3556 493 3956 893 4382 6382
3898 822 4298 1222 3948 5948
5151 2220 5551 2620 4373 6373
1167 1044 1567 1444 6228 8228
1551 2710 1951 3110 6363 8363
3594 503 3994 903 7090 9090
4264 109 4664 509 6012 8012
837 2357 1237 2757 3532 5532
3216 680 3616 1080 4861 6861
454 3417 854 3817 6218 8218
3370 767 3770 1167 5399 7399
4518 1040 4918 1440 5747 7747
1165 320 1565 720 6527 8527
5334 1286 5734 1686 5195 7195
3518 810 3918 1210 6135 8135
1190 3303 1590 3703 3727 5727
1966 3481 2366 3881 4810 6810
2216 1636 2616 2036 5210 7210
4 2770 404 3170 3529 5529
2047 3173 2447 3573 4047 6047
4276 1671 4676 2071 6126 8126
1178 103 1578 503 3493 5493
1436 1636 1836 2036 3846 5846
2529 3232 2929 3632 5015 7015
3590 3540 3990 3940 4170 6170
391 1945 791 2345 3889 5889
849 115 1249 515 5142 7142
1345 1870 1745 2270 4307 6307
367 600 767 1000 4999 6999
3332 2589 3732 2989 4236 6236
1399 2902 1799 3302 6921 8921
3879 2613 4279 3013 4852 6852
3788 1382 4188 1782 4473 6473
837 2011 1237 2411 4688 6688
1949 3452 2349 3852 5010 7010
357 634 757 1034 4661 6661
5410 1842 5810 2242 5687 7687
2172 913 2572 1313 6962 8962
5240 2295 5640 2695 6972 8972
1507 976 1907 1376 5536 7536
5188 1884 5588 2284 5499 7499
452 675 852 1075 5122 7122
450 3501 850 3901 5106 7106
591 1388 991 1788 6936 8936
3962 2826 4362 3226 6570 8570
2884 3513 3284 3913 3426 5426
1426 2571 1826 2971 5399 7399
1553 1390 1953 1790 4717 6717
355 96 755 496 4892 6892
3278 878 3678 1278 6505 8505
4365 1800 4765 2200 4368 6368
2450 2441 2850 2841 3754 5754
1589 2905 1989 3305 4364 6364
3219 2737 3619 3137 5422 7422
4428 1570 4828 1970 4803 6803
803 851 1203 1251 7076 9076
1053 2527 1453 2927 3548 5548
3151 1021 3551 1421 5201 7201
3314 1805 3714 2205 4183 6183
1911 1877 2311 2277 3372 5372
1958 227 2358 627 4057 6057
43 2777 443 3177 6018 8018
2294 3429 2694 3829 5295 7295
4810 1473 5210 1873 5086 7086
110 432 510 832 4612 6612
1339 2247 1739 2647 3840 5840
537 1279 937 1679 6156 8156
549 1462 949 1862 4241 6241
3549 108 3949 508 3784 5784
3893 2531 4293 2931 4616 6616
3405 2506 3805 2906 3883 5883
4395 1917 4795 2317 5388 7388
1874 2951 2274 3351 5438 7438
4926 3415 5326 3815 4097 6097
2946 1098 3346 1498 7026 9026
210 2427 610 2827 4020 6020
5045 3131 5445 3531 4769 6769
5117 670 5517 1070 3763 5763
2293 1546 2693 1946 4446 6446
2370 163 2770 563 6665 8665
937 999 1337 1399 3921 5921
2045 745 2445 1145 3499 5499
140 3350 540 3750 3686 5686
5129 918 5529 1318 5476 7476
1032 3387 1432 3787 5901 7901
596 943 996 1343 5969 7969
2061 131 2461 531 6041 8041
3918 1386 4318 1786 4198 6198
998 1548 1398 1948 4367 6367
2372 912 2772 1312 5686 7686
4510 2865 4910 3265 4389 6389
1366 1944 1766 2344 4931 6931
987 925 1387 1325 6612 8612
543 1146 943 1546 5491 7491
4843 1991 5243 2391 5380 7380
3430 870 3830 1270 5847 7847
208 961 608 1361 3593 5593
4031 2032 4431 2432 5594 7594
2005 3455 2405 3855 6856 8856
3120 1737 3520 2137 4023 6023
386 919 786 1319 4205 6205
2966 3507 3366 3907 4145 6145
4373 34 4773 434 5861 7861
3604 2745 4004 3145 5978 7978
458 70 858 470 5223 7223
446 2401 846 2801 3481 5481
4092 780 4492 1180 3497 5497
119 2520 519 2920 6670 8670
1648 2020 2048 2420 5854 7854
2968 2916 3368 3316 5893 7893
1323 1189 1723 1589 6735 8735
2776 1441 3176 1841 6834 8834
4248 814 4648 1214 4645 6645
436 569 836 969 6349 8349
1912 114 2312 514 4839 6839
1389 2254 1789 2654 6416 8416
2657 731 3057 1131 4043 6043
4898 2878 5298 3278 6679 8679
1465 2298 1865 2698 3421 5421
1358 2630 1758 3030 4900 6900
4388 1185 4788 1585 4220 6220
1618 2338 2018 2738 6592 8592
2735 832 3135 1232 3941 5941
3284 1193 3684 1593 3700 5700
3808 1894 4208 2294 5895 7895
4025 1908 4425 2308 7092 9092
1924 13 2324 413 6422 8422
591 190 991 590 4107 6107
1180 871 1580 1271 4043 6043
3132 3420 3532 3820 4696 6696
1565 280 1965 680 6295 8295
2305 153 2705 553 4232 6232
3193 274 3593 674 5146 7146
283 1258 683 1658 4414 6414
58 1669 458 2069 6315 8315
413 1576 813 1976 3490 5490
4672 1291 5072 1691 5684 7684
604 1592 1004 1992 5485 7485
2088 2910 2488 3310 6616 8616
5331 1573 5731 1973 3598 5598
5297 496 5697 896 5243 7243
746 869 1146 1269 5281 7281
5337 532 5737 932 5503 7503
4431 3319 4831 3719 3413 5413
1343 1089 1743 1489 6183 8183
3426 1156 3826 1556 5646 7646
4067 1594 4467 1994 6943 8943
3358 1041 3758 1441 5305 7305
758 867 1158 1267 6136 8136
610 1277 1010 1677 5293 7293
4271 1302 4671 1702 6826 8826
5249 34 5649 434 5719 7719
5161 3414 5561 3814 3520 5520
1616 2981 2016 3381 6664 8664
462 2019 862 2419 5847 7847
2944 1842 3344 2242 5688 7688
2521 1337 2921 1737 4466 6466
1116 1446 1516 1846 5233 7233
4763 851 5163 1251 4956 6956
1197 1932 1597 2332 6402 8402
4431 907 4831 1307 7127 9127
24 3168 424 3568 4614 6614
3724 3176 4124 3576 3493 5493
155 3297 555 3697 3865 5865
166 2697 566 3097 6775 8775
1568 3047 1968 3447 5954 7954
1896 1740 2296 2140 6965 8965
698 648 1098 1048 4583 6583
3703 2875 4103 3275 3442 5442
2433 3547 2833 3947 6363 8363
1904 2727 2304 3127 6459 8459
5167 912 5567 1312 3929 5929
1770 481 2170 881 6127 8127
5369 1965 5769 2365 6395 8395
1510 2992 1910 3392 4354 6354
4981 3141 5381 3541 4912 6912
321 2987 721 3387 4901 6901
5359 524 5759 924 6221 8221
1688 1904 2088 2304 4941 6941
1264 2883 1664 3283 4250 6250
1819 2648 2219 3048 6070 8070
5376 2500 5776 2900 4646 6646
3110 383 3510 783 6094 8094
812 2731 1212 3131 3450 5450
2345 214 2745 614 7122 9122
3047 1471 3447 1871 7029 9029
421 1723 821 2123 3392 5392
2429 1727 2829 2127 4845 6845
4747 838 5147 1238 6134 8134
4133 1998 4533 2398 5077 7077
1786 1447 2186 1847 6376 8376
2451 93 2851 493 6674 8674
396 2613 796 3013 5541 7541
2540 1382 2940 1782 4772 6772
3595 1207 3995 1607 4862 6862
3729 3274 4129 3674 5868 7868
4823 2849 5223 3249 6605 8605
3019 1670 3419 2070 6475 8475
2208 387 2608 787 5442 7442
3214 1294 3614 1694 3575 5575
466 2826 866 3226 3868 5868
1311 509 1711 909 5638 7638
32 366 432 766 6099 8099
1279 2879 1679 3279 4238 6238
2416 2811 2816 3211 4751 6751
4954 2572 5354 2972 5277 7277
2992 1702 3392 2102 5684 7684
5170 1099 5570 1499 5405 7405
3088 2796 3488 3196 3944 5944
4190 1496 4590 1896 4546 6546
4298 82 4698 482 4320 6320
2668 2713 3068 3113 4293 6293
4678 2596 5078 2996 5740 7740
2555 2204 2955 2604 4269 6269
2552 1597 2952 1997 7076 9076
1890 3080 2290 3480 4931 6931
3615 2432 4015 2832 5685 7685
2393 2886 2793 3286 3494 5494
968 479 1368 879 3602 5602
4088 3250 4488 3650 3753 5753
2441 304 2841 704 5230 7230
376 290 776 690 5597 7597
659 2721 1059 3121 4810 6810
3687 3008 4087 3408 6714 8714
3995 443 4395 843 3499 5499
2616 3434 3016 3834 4194 6194
716 852 1116 1252 5854 7854
240 657 640 1057 4175 6175
4524 918 4924 1318 6454 8454
4892 3534 5292 3934 5127 7127
1997 2595 2397 2995 6264 8264
1745 2439 2145 2839 6593 8593
321 3573 721 3973 6708 8708
2885 1254 3285 1654 5570 7570
147 1381 547 1781 4044 6044
5407 3164 5807 3564 5608 7608
1853 3483 2253 3883 6726 8726
798 2531 1198 2931 5942 7942
1970 2335 2370 2735 5290 7290
3017 2671 3417 3071 5767 7767
125 854 525 1254 4355 6355
470 2658 870 3058 6195 8195
1279 1504 1679 1904 6345 8345
2105 3588 2505 3988 3828 5828
5188 3331 5588 3731 7079 9079
5390 2912 5790 3312 4729 6729
1725 1229 2125 1629 4201 6201
684 713 1084 1113 4042 6042
2099 2160 2499 2560 4374 6374
1496 938 1896 1338 4179 6179
401 1807 801 2207 5089 7089
1570 2980 1970 3380 3946 5946
5066 1727 5466 2127 6320 8320
3858 3210 4258 3610 4441 6441
1633 1724 2033 2124 3748 5748
2387 2823 2787 3223 6043 8043
3610 649 4010 1049 6706 8706
3454 1165 3854 1565 4453 6453
4723 845 5123 1245 5953 7953
3937 1189 4337 1589 5078 7078
3425 1549 3825 1949 5257 7257
5185 919 5585 1319 4364 6364
2958 3249 3358 3649 5621 7621
5383 3400 5783 3800 6924 8924
1587 2046 1987 2446 5029 7029
2913 2077 3313 2477 6052 8052
3886 1548 4286 1948 6788 8788
3798 3361 4198 3761 6825 8825
882 2845 1282 3245 7060 9060
2551 244 2951 644 5644 7644
3816 321 4216 721 7069 9069
1926 1838 2326 2238 6454 8454
3105 253 3505 653 7046 9046
3193 90 3593 490 5956 7956
4295 1916 4695 2316 4062 6062
3595 2790 3995 3190 6747 8747
3921 2023 4321 2423 4485 6485
4119 845 4519 1245 5643 7643
4874 2989 5274 3389 7125 9125
3159 1321 3559 1721 4490 6490
470 2471 870 2871 6086 8086
2649 464 3049 864 4419 6419
384 371 784 771 3833 5833
1620 1246 2020 1646 5606 7606
2211 1190 2611 1590 7038 9038
3789 1925 4189 2325 6834 8834
3302 2675 3702 3075 5993 7993
4360 1998 4760 2398 4081 6081
2412 2569 2812 2969 4278 6278
2181 122 2581 522 5819 7819
2164 376 2564 776 4547 6547
3223 1860 3623 2260 4444 6444
2225 3403 2625 3803 4832 6832
2127 2561 2527 2961 6287 8287
3187 2736 3587 3136 6920 8920
1551 2373 1951 2773 6294 8294
132 1457 532 1857 5417 7417
253 3048 653 3448 3936 5936
3150 3305 3550 3705 5730 7730
1386 1473 1786 1873 4852 6852
3268 815 3668 1215 4000 6000
1416 1654 1816 2054 6870 8870
948 716 1348 1116 3567 5567
4970 1275 5370 1675 3630 5630
3230 1911 3630 2311 3779 5779
2588 1868 2988 2268 5130 7130
4390 916 4790 1316 6866 8866
4238 497 4638 897 5082 7082
811 3549 1211 3949 5821 7821
4739 1675 5139 2075 6970 8970
5420 1890 5820 2290 4208 6208
3639 972 4039 1372 4019 6019
1731 2987 2131 3387 3681 5681
395 2614 795 3014 5753 7753
4130 1099 4530 1499 7028 9028
4264 1143 4664 1543 5731 7731
2024 1070 2424 1470 5325 7325
712 2046 1112 2446 6759 8759
4689 1886 5089 2286 4878 6878
359 1651 759 2051 4782 6782
3347 882 3747 1282 6823 8823
5252 2047 5652 2447 5061 7061
3856 1313 4256 1713 6012 8012
4262 2085 4662 2485 6118 8118
278 3322 678 3722 6199 8199
3725 3579 4125 3979 6458 8458
4957 118 5357 518 3955 5955
1858 2527 2258 2927 7022 9022
5249 33 5649 433 6592 8592
5149 470 5549 870 5024 7024
2631 2291 3031 2691 4221 6221
4156 40 4556 440 4814 6814
5384 3152 5784 3552 6532 8532
2452 961 2852 1361 5802 7802
15 1942 415 2342 4980 6980
1619 806 2019 1206 6570 8570
1847 929 2247 1329 6466 8466
2526 1138 2926 1538 6490 8490
5018 419 5418 819 7104 9104
5007 230 5407 630 6565 8565
1791 157 2191 557 6800 8800
791 2088 1191 2488 4877 6877
520 1305 920 1705 3541 5541
2395 793 2795 1193 6871 8871
1684 3168 2084 3568 5941 7941
5397 1745 5797 2145 6504 8504
4351 1269 4751 1669 3383 5383
3135 719 3535 1119 4397 6397
5338 632 5738 1032 5395 7395
2205 222 2605 622 6212 8212
4977 3232 5377 3632 4490 6490
3556 2760 3956 3160 4105 6105
3196 855 3596 1255 6324 8324
5189 339 5589 739 4999 6999
38 1787 438 2187 6223 8223
2096 2830 2496 3230 5710 7710
3893 3446 4293 3846 6547 8547
5259 1661 5659 2061 3876 5876
49 3 449 403 5118 7118
1516 1525 1916 1925 4282 6282
4242 76 4642 476 6792 8792
5419 2477 5819 2877 6382 8382
1198 2148 1598 2548 6168 8168
2405 1660 2805 2060 5966 7966
3488 3484 3888 3884 6111 8111
1586 2361 1986 2761 6540 8540
4072 2116 4472 2516 6682 8682
4791 78 5191 478 5865 7865
3705 986 4105 1386 3862 5862
2954 1658 3354 2058 6079 8079
4983 1743 5383 2143 4403 6403
3579 3490 3979 3890 6032 8032
2412 1785 2812 2185 5358 7358
4564 953 4964 1353 4646 6646
1865 278 2265 678 5302 7302
4002 2346 4402 2746 4875 6875
3242 190 3642 590 4404 6404
1060 3211 1460 3611 3901 5901
589 3416 989 3816 6488 8488
2043 857 2443 1257 4978 6978
1869 3538 2269 3938 3885 5885
2483 1218 2883 1618 6425 8425
2314 2348 2714 2748 4120 6120
1680 0 2080 400 5790 7790
3208 206 3608 606 5523 7523
1495 2662 1895 3062 4077 6077
4392 2997 4792 3397 4214 6214
2034 3146 2434 3546 5342 7342
2556 588 2956 988 4196 6196
568 2529 968 2929 4198 6198
462 3292 862 3692 6681 8681
1041 861 1441 1261 3759 5759
2598 1315 2998 1715 5982 7982
3452 3201 3852 3601 6513 8513
882 979 1282 1379 6698 8698
3819 1152 4219 1552 5084 7084
2965 2480 3365 2880 3592 5592
2394 2898 2794 3298 3436 5436
1771 3065 2171 3465 3765 5765
4800 1875 5200 2275 5070 7070
3554 2496 3954 2896 4196 6196
453 981 853 1381 6366 8366
4519 2910 4919 3310 6704 8704
4717 2286 5117 2686 3428 5428
172 2153 572 2553 3678 5678
1068 118 1468 518 3944 5944
524 2709 924 3109 3634 5634
2098 822 2498 1222 4205 6205
3972 690 4372 1090 6186 8186
1609 618 2009 1018 3485 5485
2494 882 2894 1282 3574 5574
3055 3511 3455 3911 6545 8545
334 429 734 829 6663 8663
2401 2696 2801 3096 4255 6255
2618 3112 3018 3512 5932 7932
4507 3392 4907 3792 6308 8308
1561 507 1961 907 6091 8091
3612 1055 4012 1455 4450 6450
1812 980 2212 1380 5452 7452
1282 870 1682 1270 6155 8155
340 584 740 984 5288 7288
1698 1902 2098 2302 4913 6913
1586 1505 1986 1905 5417 7417
4850 2797 5250 3197 3970 5970
1812 1779 2212 2179 5387 7387
4237 2450 4637 2850 3785 5785
2183 2360 2583 2760 5069 7069
4372 1899 4772 2299 5691 7691
2316 2455 2716 2855 5716 7716
3228 1402 3628 1802 3865 5865
3904 615 4304 1015 5607 7607
5019 498 5419 898 4228 6228
1901 2034 2301 2434 6915 8915
1632 2439 2032 2839 3599 5599
3488 2491 3888 2891 6067 8067
5080 160 5480 560 4991 6991
2033 2767 2433 3167 6811 8811
314 2218 714 2618 4252 6252
2334 2936 2734 3336 6109 8109
1185 1431 1585 1831 5987 7987
3916 411 4316 811 5672 7672
2455 2269 2855 2669 3696 5696
5298 1804 5698 2204 3656 5656
1899 2465 2299 2865 4651 6651
99 1837 499 2237 4219 6219
5394 942 5794 1342 7018 9018
3407 3172 3807 3572 4678 6678
4016 1250 4416 1650 3688 5688
5394 3433 5794 3833 3877 5877
3911 1990 4311 2390 6904 8904
3727 2902 4127 3302 4668 6668
2621 2571 3021 2971 4952 6952
2290 1390 2690 1790 3433 5433
1758 2373 2158 2773 4253 6253
2997 2626 3397 3026 4665 6665
132 2418 532 2818 6262 8262
2524 1528 2924 1928 4441 6441
1791 806 2191 1206 4245 6245
2303 1569 2703 1969 6745 8745
3815 3253 4215 3653 6748 8748
4114 3078 4514 3478 6423 8423
1663 1660 2063 2060 4658 6658
4359 1588 4759 1988 6081 8081
658 714 1058 1114 7120 9120
3074 1478 3474 1878 4235 6235
4529 678 4929 1078 3891 5891
4661 565 5061 965 6035 8035
2941 1235 3341 1635 4475 6475
2561 1886 2961 2286 4283 6283
414 2781 814 3181 4429 6429
3127 2333 3527 2733 3760 5760
4049 370 4449 770 5000 7000
5319 3345 5719 3745 6380 8380
4547 3186 4947 3586 4414 6414
3317 2941 3717 3341 4576 6576
2043 1774 2443 2174 3944 5944
3241 1209 3641 1609 6166 8166
2315 236 2715 636 5011 7011
718 1615 1118 2015 7086 9086
3844 3087 4244 3487 4935 6935
2159 23 2559 423 4187 6187
4832 3455 5232 3855 6563 8563
1038 1551 1438 1951 4010 6010
1386 2903 1786 3303 4127 6127
4757 2101 5157 2501 4450 6450
3581 261 3981 661 6274 8274
868 1311 1268 1711 4952 6952
1706 1089 2106 1489 3650 5650
5322 2490 5722 2890 7011 9011
575 2903 975 3303 7102 9102
2162 468 2562 868 3955 5955
754 3376 1154 3776 4390 6390
891 2484 1291 2884 5926 7926
4055 891 4455 1291 3735 5735
2900 820 3300 1220 5758 7758
502 150 902 550 5321 7321
1703 3158 2103 3558 4617 6617
2847 1118 3247 1518 6733 8733
4310 2467 4710 2867 6909 8909
3214 1308 3614 1708 4384 6384
5413 2514 5813 2914 5657 7657
590 2725 990 3125 5675 7675
798 2312 1198 2712 6069 8069
789 2529 1189 2929 4404 6404
2232 2961 2632 3361 5494 7494
755 858 1155 1258 6775 8775
3527 85 3927 485 5473 7473
2907 1269 3307 1669 3960 5960
1527 3136 1927 3536 4301 6301
104 1029 504 1429 4767 6767
5046 126 5446 526 6924 8924
5067 450 5467 850 5722 7722
2437 3365 2837 3765 6450 8450
3635 1129 4035 1529 5978 7978
4605 1756 5005 2156 5485 7485
1787 145 2187 545 3954 5954
1955 3178 2355 3578 4713 6713
537 1945 937 2345 3900 5900
1801 2064 2201 2464 3468 5468
3065 915 3465 1315 5384 7384
4905 2911 5305 3311 4170 6170
1479 3409 1879 3809 4177 6177
1860 2186 2260 2586 4753 6753
4376 2654 4776 3054 6778 8778
4763 593 5163 993 4753 6753
3359 1936 3759 2336 3582 5582
665 3230 1065 3630 6890 8890
3826 433 4226 833 6710 8710
5122 1284 5522 1684 4733 6733
3422 3140 3822 3540 6593 8593
4819 1616 5219 2016 3669 5669
966 738 1366 1138 4535 6535
3649 1719 4049 2119 3535 5535
5347 3272 5747 3672 3789 5789
4287 141 4687 541 6331 8331
138 981 538 1381 6169 8169
1658 958 2058 1358 4612 6612
1807 1667 2207 2067 4185 6185
616 776 1016 1176 5053 7053
5366 2932 5766 3332 5225 7225
5281 1961 5681 2361 5673 7673
5405 3102 5805 3502 6604 8604
2803 1694 3203 2094 4505 6505
2790 522 3190 922 4551 6551
997 2805 1397 3205 3906 5906
4593 2518 4993 2918 6357 8357
4797 1316 5197 1716 5374 7374
3566 868 3966 1268 6066 8066
4315 2537 4715 2937 5195 7195
3403 3276 3803 3676 5375 7375
3896 1329 4296 1729 6525 8525
132 1698 532 2098 4002 6002
4159 2680 4559 3080 6572 8572
4706 190 5106 590 3889 5889
3272 481 3672 881 3551 5551
4935 2638 5335 3038 5267 7267
4736 2324 5136 2724 5481 7481
3655 3349 4055 3749 3941 5941
5202 1966 5602 2366 4411 6411
4247 969 4647 1369 6157 8157
3899 1988 4299 2388 6960 8960
3850 948 4250 1348 7117 9117
5066 96 5466 496 4448 6448
3193 3243 3593 3643 4136 6136
700 2277 1100 2677 5348 7348
5068 940 5468 1340 5179 7179
5237 215 5637 615 4756 6756
3180 2569 3580 2969 5319 7319
706 377 1106 777 6009 8009
992 1617 1392 2017 4741 6741
1717 3530 2117 3930 7136 9136
5284 875 5684 1275 6287 8287
3652 356 4052 756 3753 5753
2504 65 2904 465 6111 8111
4630 2036 5030 2436 3657 5657
461 1871 861 2271 4464 6464
2593 1508 2993 1908 3980 5980
5257 753 5657 1153 4632 6632
3700 3495 4100 3895 4923 6923
5116 1468 5516 1868 5427 7427
4904 1548 5304 1948 6053 8053
4081 884 4481 1284 6185 8185
532 1755 932 2155 6879 8879
3542 2658 3942 3058 5893 7893
4687 1694 5087 2094 7091 9091
4361 1434 4761 1834 5635 7635
2373 2426 2773 2826 6767 8767
3461 2812 3861 3212 3809 5809
3274 2921 3674 3321 4447 6447
4453 2049 4853 2449 4701 6701
2925 3255 3325 3655 3590 5590
26 2836 426 3236 6376 8376
5363 1740 5763 2140 6343 8343
2238 1573 2638 1973 5820 7820
2164 1977 2564 2377 5995 7995
399 3138 799 3538 5498 7498
4891 1814 5291 2214 5715 7715
4552 2403 4952 2803 4685 6685
1 1201 401 1601 4356 6356
5389 675 5789 1075 5693 7693
3136 352 3536 752 4202 6202
87 1671 487 2071 5744 7744
4404 398 4804 798 4024 6024
3415 3508 3815 3908 6962 8962
2504 2356 2904 2756 4318 6318
860 1998 1260 2398 6012 8012
1822 2794 2222 3194 5176 7176
5105 560 5505 960 7035 9035
2521 2672 2921 3072 4888 6888
649 311 1049 711 6154 8154
2041 56 2441 456 5774 7774
406 1366 806 1766 4334 6334
3016 1523 3416 1923 4649 6649
2086 191 2486 591 6880 8880
4034 2121 4434 2521 3915 5915
2667 1222 3067 1622 3668 5668
5222 1021 5622 1421 6306 8306
3192 3361 3592 3761 4342 6342
2916 2344 3316 2744 3656 5656
5104 890 5504 1290 3652 5652
451 1977 851 2377 3987 5987
199 730 599 1130 4881 6881
1813 914 2213 1314 3896 5896
2337 1248 2737 1648 6101 8101
4325 2724 4725 3124 4311 6311
4499 699 4899 1099 5343 7343
381 1331 781 1731 3786 5786
55 741 455 1141 5752 7752
2317 3425 2717 3825 5017 7017
4607 710 5007 1110 4663 6663
4308 1053 4708 1453 7012 9012
4558 2134 4958 2534 5358 7358
2881 515 3281 915 4169 6169
803 1703 1203 2103 4100 6100
2055 1425 2455 1825 5396 7396
3699 527 4099 927 5236 7236
1156 1007 1556 1407 4587 6587
4567 2987 4967 3387 5256 7256
2715 407 3115 807 7138 9138
3876 1049 4276 1449 6307 8307
382 1623 782 2023 5548 7548
2592 96 2992 496 5591 7591
345 3524 745 3924 5304 7304
4663 2048 5063 2448 4291 6291
4185 3060 4585 3460 4388 6388
2947 1479 3347 1879 6141 8141
3616 39 4016 439 4403 6403
3409 1269 3809 1669 4207 6207
2957 2840 3357 3240 6522 8522
5176 1985 5576 2385 4097 6097
4287 2613 4687 3013 4751 6751
743 1591 1143 1991 3659 5659
3061 1159 3461 1559 6099 8099
5051 141 5451 541 5058 7058
731 2805 1131 3205 7036 9036
183 1652 583 2052 5858 7858
2150 2494 2550 2894 5593 7593
1886 2480 2286 2880 6232 8232
2324 2350 2724 2750 6810 8810
27 1930 427 2330 5206 7206
5356 3440 5756 3840 6480 8480
857 2240 1257 2640 6736 8736
1970 1046 2370 1446 6288 8288
3573 1302 3973 1702 5934 7934
3905 1691 4305 2091 6828 8828
5023 3059 5423 3459 3456 5456
5184 2331 5584 2731 5644 7644
2982 515 3382 915 6649 8649
2984 598 3384 998 7105 9105
2465 897 2865 1297 7010 9010
2738 2461 3138 2861 3437 5437
4185 1220 4585 1620 4850 6850
1394 873 1794 1273 3836 5836
3030 2852 3430 3252 4424 6424
5436 2003 5836 2403 3765 5765
2231 806 2631 1206 4972 6972
4366 2831 4766 3231 7047 9047
2013 915 2413 1315 5580 7580
1459 858 1859 1258 6849 8849
221 2479 621 2879 6891 8891
911 3583 1311 3983 6431 8431
2376 1089 2776 1489 6851 8851
2481 2282 2881 2682 3420 5420
2039 1118 2439 1518 5980 7980
3223 759 3623 1159 7008 9008
1323 409 1723 809 4727 6727
2280 1720 2680 2120 3722 5722
5364 3587 5764 3987 4117 6117
1896 2215 2296 2615 5429 7429
2203 537 2603 937 3558 5558
1186 3503 1586 3903 4108 6108
1640 1659 2040 2059 4747 6747
4421 846 4821 1246 5071 7071
933 19 1333 419 5900 7900
2753 2571 3153 2971 6452 8452
656 2411 1056 2811 6415 8415
2229 506 2629 906 5874 7874
2089 1278 2489 1678 5429 7429
339 1061 739 1461 6686 8686
2842 453 3242 853 5841 7841
4059 3372 4459 3772 6532 8532
1289 3566 1689 3966 5481 7481
1594 1675 1994 2075 4165 6165
3491 663 3891 1063 5147 7147
2321 1291 2721 1691 4036 6036
642 1961 1042 2361 6670 8670
1000 2900 1400 3300 5861 7861
4883 1827 5283 2227 6959 8959
3739 1168 4139 1568 6731 8731
1904 3291 2304 3691 4888 6888
2162 3473 2562 3873 4948 6948
5425 1697 5825 2097 6204 8204
3502 2072 3902 2472 5021 7021
4314 3279 4714 3679 6890 8890
4459 744 4859 1144 5209 7209
1720 918 2120 1318 5711 7711
613 1538 1013 1938 4311 6311
540 3396 940 3796 6801 8801
1425 204 1825 604 4717 6717
2600 3471 3000 3871 5982 7982
827 2350 1227 2750 4918 6918
2735 927 3135 1327 6454 8454
4836 3299 5236 3699 6526 8526
356 1601 756 2001 6832 8832
3986 963 4386 1363 4461 6461
2473 1867 2873 2267 6261 8261
1913 3121 2313 3521 6067 8067
1658 3142 2058 3542 6380 8380
4112 1116 4512 1516 3818 5818
1295 196 1695 596 7138 9138
1805 1764 2205 2164 4157 6157
4260 481 4660 881 5575 7575
4509 1423 4909 1823 4290 6290
1583 2663 1983 3063 4866 6866
4728 2773 5128 3173 3637 5637
5068 3045 5468 3445 7133 9133
3561 1839 3961 2239 5251 7251
4085 3565 4485 3965 4673 6673
3203 1338 3603 1738 5217 7217
4971 2947 5371 3347 6475 8475
2972 2971 3372 3371 4522 6522
5126 2793 5526 3193 6377 8377
535 508 935 908 3991 5991
705 1210 1105 1610 6128 8128
4824 976 5224 1376 5424 7424
3592 2061 3992 2461 3717 5717
4484 1781 4884 2181 5445 7445
5237 1676 5637 2076 5681 7681
1265 960 1665 1360 6607 8607
4560 1927 4960 2327 5375 7375
4592 265 4992 665 5021 7021
4752 417 5152 817 5417 7417
5211 2727 5611 3127 3783 5783
2802 3294 3202 3694 3697 5697
3322 116 3722 516 4850 6850
5316 1360 5716 1760 6238 8238
3569 1691 3969 2091 5731 7731
5120 47 5520 447 5602 7602
3622 3173 4022 3573 5516 7516
3187 2890 3587 3290 3823 5823
5426 2997 5826 3397 6387 8387
3825 3166 4225 3566 4783 6783
80 278 480 678 7081 9081
4143 2377 4543 2777 6662 8662
1274 3414 1674 3814 5020 7020
4519 1980 4919 2380 6613 8613
2624 1122 3024 1522 3898 5898
4906 587 5306 987 4619 6619
1691 340 2091 740 4213 6213
4501 3229 4901 3629 4950 6950
4862 1400 5262 1800 4069 6069
306 1424 706 1824 4816 6816
1399 2493 1799 2893 4756 6756
674 935 1074 1335 6605 8605
1714 3070 2114 3470 5582 7582
3903 1163 4303 1563 5836 7836
5391 295 5791 695 6040 8040
2974 737 3374 1137 6596 8596
1574 2076 1974 2476 3949 5949
210 3179 610 3579 5527 7527
3126 864 3526 1264 3701 5701
1470 506 1870 906 6408 8408
5435 431 5835 831 3965 5965
1346 3368 1746 3768 4745 6745
2887 3316 3287 3716 5306 7306
5376 2484 5776 2884 7127 9127
3247 141 3647 541 3864 5864
71 1579 471 1979 3742 5742
966 1154 1366 1554 3551 5551
4430 2038 4830 2438 5012 7012
2452 3521 2852 3921 3558 5558
3652 2908 4052 3308 5552 7552
3851 345 4251 745 3618 5618
251 640 651 1040 5236 7236
5316 1059 5716 1459 6158 8158
3995 2925 4395 3325 4264 6264
3687 3107 4087 3507 4894 6894
1573 637 1973 1037 5227 7227
2561 1213 2961 1613 6090 8090
2901 1573 3301 1973 7074 9074
4847 2856 5247 3256 3894 5894
4626 2861 5026 3261 6459 8459
298 3012 698 3412 5330 7330
4143 1620 4543 2020 5661 7661
513 1712 913 2112 6917 8917
2319 2176 2719 2576 5444 7444
5146 2664 5546 3064 4130 6130
940 1380 1340 1780 3971 5971
