1000
5238 495 5638 895 7739 8739
5094 3294 5494 3694 3807 4807
2223 3398 2623 3798 4828 5828
4308 83 4708 483 5973 6973
4802 2671 5202 3071 6557 7557
5348 1012 5748 1412 6824 7824
3463 1542 3863 1942 6520 7520
420 2985 820 3385 4746 5746
3360 3238 3760 3638 7879 8879
1178 1901 1578 2301 7141 8141
5036 1484 5436 1884 4352 5352
1140 1576 1540 1976 6566 7566
3172 2434 3572 2834 4972 5972
3276 1118 3676 1518 5603 6603
3164 49 3564 449 7841 8841
5262 2852 5662 3252 5412 6412
17 1843 417 2243 6915 7915
1899 1805 2299 2205 7661 8661
726 2137 1126 2537 7506 8506
2955 3050 3355 3450 3810 4810
4095 3491 4495 3891 4786 5786
2174 1429 2574 1829 4783 5783
4991 461 5391 861 5505 6505
39 1092 439 1492 6839 7839
1018 2489 1418 2889 4124 5124
2697 2352 3097 2752 7831 8831
3737 996 4137 1396 4221 5221
2990 2551 3390 2951 7037 8037
3469 1044 3869 1444 5177 6177
5194 289 5594 689 6118 7118
1931 1563 2331 1963 7586 8586
4361 1760 4761 2160 4411 5411
1254 2663 1654 3063 6568 7568
589 1980 989 2380 7796 8796
1235 1302 1635 1702 4801 5801
5430 1792 5830 2192 3719 4719
2200 278 2600 678 5053 6053
764 3415 1164 3815 4237 5237
1543 3385 1943 3785 7415 8415
5334 1335 5734 1735 6609 7609
4995 2768 5395 3168 7411 8411
438 1384 838 1784 6032 7032
1121 851 1521 1251 5669 6669
1898 2 2298 402 6796 7796
3482 2976 3882 3376 6875 7875
1034 1110 1434 1510 5607 6607
2694 2367 3094 2767 6855 7855
159 808 559 1208 7573 8573
1086 2419 1486 2819 6154 7154
443 1556 843 1956 3787 4787
4380 1269 4780 1669 3857 4857
354 866 754 1266 4833 5833
1735 1777 2135 2177 4052 5052
5197 2953 5597 3353 4775 5775
212 3395 612 3795 4575 5575
3807 3503 4207 3903 4204 5204
107 517 507 917 5176 6176
540 544 940 944 5391 6391
407 444 807 844 3748 4748
3176 1261 3576 1661 3874 4874
596 3283 996 3683 6694 7694
2919 292 3319 692 5760 6760
3622 3341 4022 3741 6881 7881
4276 107 4676 507 3716 4716
2591 1284 2991 1684 4332 5332
2680 3062 3080 3462 6518 7518
1970 1541 2370 1941 6546 7546
2661 2112 3061 2512 7226 8226
75 3078 475 3478 3528 4528
1198 42 1598 442 4267 5267
482 31 882 431 7911 8911
3236 122 3636 522 7835 8835
1581 1699 1981 2099 4881 5881
2392 2011 2792 2411 4988 5988
4691 2571 5091 2971 6812 7812
3955 663 4355 1063 4320 5320
1219 1000 1619 1400 6338 7338
4618 2347 5018 2747 3865 4865
3744 3421 4144 3821 4050 5050
4810 951 5210 1351 6729 7729
3133 2184 3533 2584 6422 7422
3094 2697 3494 3097 6563 7563
2168 2776 2568 3176 3847 4847
5284 2688 5684 3088 5544 6544
1316 3294 1716 3694 3521 4521
1360 2298 1760 2698 5572 6572
1217 1112 1617 1512 5940 6940
996 2344 1396 2744 7125 8125
4115 846 4515 1246 7505 8505
2977 84 3377 484 3383 4383
758 3408 1158 3808 7747 8747
1248 2719 1648 3119 3718 4718
1609 1910 2009 2310 4350 5350
338 2231 738 2631 4311 5311
4589 189 4989 589 5072 6072
630 87 1030 487 6468 7468
2023 1967 2423 2367 6877 7877
2736 1680 3136 2080 4705 5705
2865 1336 3265 1736 7449 8449
5050 3434 5450 3834 6855 7855
5363 2903 5763 3303 4514 5514
4286 1286 4686 1686 7914 8914
2493 2306 2893 2706 4263 5263
1564 1970 1964 2370 4611 5611
3892 2289 4292 2689 6498 7498
3601 2233 4001 2633 6777 7777
4331 1885 4731 2285 3449 4449
4738 2825 5138 3225 6072 7072
4314 3218 4714 3618 5601 6601
1362 795 1762 1195 4536 5536
3572 2197 3972 2597 6236 7236
316 1827 716 2227 6035 7035
3007 871 3407 1271 4176 5176
369 15 769 415 7033 8033
3127 3457 3527 3857 7933 8933
4592 87 4992 487 7028 8028
3563 915 3963 1315 6517 7517
941 1361 1341 1761 6023 7023
3479 168 3879 568 4531 5531
4410 3293 4810 3693 5049 6049
3835 18 4235 418 5767 6767
263 2463 663 2863 5165 6165
383 454 783 854 6539 7539
2927 1011 3327 1411 4972 5972
229 675 629 1075 7300 8300
2633 3236 3033 3636 6380 7380
5328 1578 5728 1978 3488 4488
4898 2780 5298 3180 6899 7899
1514 1320 1914 1720 5461 6461
3484 2135 3884 2535 6200 7200
4976 2968 5376 3368 3757 4757
472 3121 872 3521 6991 7991
13 280 413 680 4319 5319
3216 1861 3616 2261 5043 6043
3639 2634 4039 3034 5634 6634
5176 706 5576 1106 4452 5452
859 1912 1259 2312 3775 4775
147 934 547 1334 4809 5809
2650 2107 3050 2507 6180 7180
4680 1449 5080 1849 3528 4528
5035 1263 5435 1663 4608 5608
4409 1657 4809 2057 4570 5570
3119 2948 3519 3348 7897 8897
4487 1824 4887 2224 7679 8679
3127 391 3527 791 5757 6757
2480 1526 2880 1926 5565 6565
1698 1715 2098 2115 4172 5172
1781 1291 2181 1691 3596 4596
3670 1615 4070 2015 7617 8617
2840 2856 3240 3256 6730 7730
1138 2034 1538 2434 4435 5435
4963 3350 5363 3750 7897 8897
1448 3574 1848 3974 4602 5602
4420 490 4820 890 6131 7131
485 800 885 1200 7495 8495
1069 1579 1469 1979 6728 7728
485 1881 885 2281 6838 7838
1499 1774 1899 2174 7944 8944
1005 3457 1405 3857 4036 5036
832 1629 1232 2029 5616 6616
1588 1445 1988 1845 7101 8101
244 2274 644 2674 4804 5804
150 2125 550 2525 7113 8113
3884 697 4284 1097 3617 4617
4093 1944 4493 2344 7348 8348
4418 2807 4818 3207 8083 9083
4594 1902 4994 2302 3955 4955
353 1141 753 1541 7854 8854
2411 2968 2811 3368 5784 6784
287 778 687 1178 3502 4502
4102 2642 4502 3042 7755 8755
2569 1111 2969 1511 3653 4653
97 863 497 1263 7395 8395
2684 2754 3084 3154 5559 6559
1371 1406 1771 1806 7916 8916
1850 2323 2250 2723 3673 4673
1473 3429 1873 3829 3435 4435
4818 747 5218 1147 6182 7182
5345 680 5745 1080 6243 7243
1600 3333 2000 3733 7864 8864
4425 1689 4825 2089 7815 8815
1515 3473 1915 3873 7853 8853
3274 1234 3674 1634 7043 8043
3146 55 3546 455 7309 8309
111 426 511 826 6643 7643
2972 1057 3372 1457 4400 5400
2233 3527 2633 3927 7580 8580
625 2514 1025 2914 7164 8164
2842 2812 3242 3212 4084 5084
1568 677 1968 1077 7415 8415
515 3430 915 3830 5097 6097
1271 1131 1671 1531 7449 8449
1516 3258 1916 3658 6366 7366
3964 2641 4364 3041 4464 5464
1932 1489 2332 1889 7885 8885
2391 2327 2791 2727 5173 6173
4320 3198 4720 3598 3987 4987
4307 1474 4707 1874 6734 7734
2707 736 3107 1136 5411 6411
2246 932 2646 1332 7201 8201
332 167 732 567 4517 5517
1383 3176 1783 3576 7641 8641
2527 267 2927 667 8011 9011
1615 2525 2015 2925 7829 8829
1014 1901 1414 2301 6335 7335
2412 3403 2812 3803 8076 9076
5096 1570 5496 1970 5636 6636
5097 1922 5497 2322 3849 4849
4672 97 5072 497 7347 8347
1161 3395 1561 3795 4697 5697
1605 2256 2005 2656 6981 7981
2427 460 2827 860 4336 5336
2263 899 2663 1299 7836 8836
1825 1207 2225 1607 3896 4896
4259 2949 4659 3349 4173 5173
4236 1439 4636 1839 4220 5220
5043 2266 5443 2666 6889 7889
3157 2336 3557 2736 6851 7851
4960 1490 5360 1890 4952 5952
2411 1031 2811 1431 6673 7673
2835 3146 3235 3546 6521 7521
991 1973 1391 2373 6222 7222
1344 153 1744 553 6906 7906
2532 3035 2932 3435 4978 5978
3392 3387 3792 3787 8123 9123
2978 1187 3378 1587 3599 4599
3998 274 4398 674 7515 8515
5329 1753 5729 2153 8003 9003
713 1989 1113 2389 6604 7604
861 1137 1261 1537 6053 7053
2893 129 3293 529 7232 8232
1385 643 1785 1043 7645 8645
3476 743 3876 1143 7489 8489
3690 117 4090 517 4812 5812
763 3381 1163 3781 4074 5074
1151 3144 1551 3544 7111 8111
5018 1298 5418 1698 5448 6448
3701 2433 4101 2833 4993 5993
5175 1271 5575 1671 4403 5403
3230 1508 3630 1908 7653 8653
4468 849 4868 1249 5406 6406
5054 3058 5454 3458 7166 8166
4851 1395 5251 1795 8004 9004
3559 359 3959 759 7616 8616
2689 2668 3089 3068 5399 6399
1689 468 2089 868 5105 6105
4481 309 4881 709 7582 8582
99 2949 499 3349 3863 4863
21 848 421 1248 5145 6145
888 3281 1288 3681 4166 5166
2547 1984 2947 2384 5355 6355
2392 1615 2792 2015 4144 5144
4294 546 4694 946 5205 6205
1592 2532 1992 2932 7305 8305
5137 1314 5537 1714 4334 5334
4562 281 4962 681 3992 4992
282 2129 682 2529 7201 8201
4614 3531 5014 3931 6747 7747
4002 2641 4402 3041 4313 5313
4599 2957 4999 3357 7901 8901
2142 2016 2542 2416 4760 5760
4650 3548 5050 3948 6468 7468
379 2505 779 2905 7760 8760
3686 3231 4086 3631 5039 6039
1940 2243 2340 2643 6335 7335
4221 830 4621 1230 5761 6761
800 47 1200 447 4110 5110
5013 1190 5413 1590 5280 6280
1676 1002 2076 1402 7946 8946
4283 754 4683 1154 4728 5728
2306 1953 2706 2353 3551 4551
3090 3359 3490 3759 3502 4502
3685 2918 4085 3318 6555 7555
3502 1444 3902 1844 7807 8807
659 3479 1059 3879 5605 6605
3602 307 4002 707 3800 4800
259 3198 659 3598 7074 8074
3432 3169 3832 3569 5330 6330
5215 3169 5615 3569 7471 8471
189 445 589 845 3914 4914
3002 1299 3402 1699 3864 4864
2441 513 2841 913 7484 8484
3776 1213 4176 1613 6010 7010
3298 2434 3698 2834 4918 5918
2599 2528 2999 2928 3374 4374
1374 1298 1774 1698 7109 8109
1624 535 2024 935 6081 7081
1068 2369 1468 2769 5247 6247
4321 1038 4721 1438 6856 7856
4817 3365 5217 3765 7081 8081
4593 2433 4993 2833 7505 8505
2913 839 3313 1239 4747 5747
4744 3061 5144 3461 4854 5854
2144 2891 2544 3291 8139 9139
4557 1471 4957 1871 7859 8859
163 1044 563 1444 5852 6852
4064 1858 4464 2258 6329 7329
739 2452 1139 2852 5261 6261
955 3434 1355 3834 6377 7377
949 696 1349 1096 4716 5716
2440 3123 2840 3523 6402 7402
2293 2446 2693 2846 5721 6721
3914 1444 4314 1844 7571 8571
106 944 506 1344 3779 4779
2691 879 3091 1279 7192 8192
1445 2639 1845 3039 3915 4915
5413 839 5813 1239 7559 8559
4286 2858 4686 3258 7520 8520
1181 1991 1581 2391 3935 4935
4192 3499 4592 3899 6368 7368
63 625 463 1025 4003 5003
2677 1290 3077 1690 3923 4923
3593 2405 3993 2805 5472 6472
1463 1584 1863 1984 5395 6395
5025 1260 5425 1660 5238 6238
3118 3380 3518 3780 7952 8952
2559 2622 2959 3022 3664 4664
2723 1960 3123 2360 7569 8569
1486 744 1886 1144 4289 5289
921 1521 1321 1921 3899 4899
404 3476 804 3876 5342 6342
1965 2421 2365 2821 6854 7854
2761 2216 3161 2616 5044 6044
5289 2320 5689 2720 7985 8985
3374 2024 3774 2424 4316 5316
4452 708 4852 1108 5116 6116
366 927 766 1327 6970 7970
937 938 1337 1338 8069 9069
4026 1102 4426 1502 5532 6532
2899 3343 3299 3743 4188 5188
1069 2084 1469 2484 6509 7509
3854 2539 4254 2939 3733 4733
2664 1463 3064 1863 4108 5108
4608 1809 5008 2209 5937 6937
4036 3013 4436 3413 3733 4733
3954 3281 4354 3681 7213 8213
367 2233 767 2633 6256 7256
1565 1637 1965 2037 6873 7873
952 2841 1352 3241 3673 4673
5152 2144 5552 2544 3812 4812
4911 956 5311 1356 5516 6516
292 2921 692 3321 4650 5650
2292 617 2692 1017 6533 7533
744 1562 1144 1962 5551 6551
3182 136 3582 536 3728 4728
556 2712 956 3112 7699 8699
4304 1866 4704 2266 6612 7612
976 3241 1376 3641 5529 6529
1299 2176 1699 2576 5700 6700
4197 926 4597 1326 6222 7222
2587 2522 2987 2922 4675 5675
2313 3239 2713 3639 6673 7673
214 3406 614 3806 6161 7161
1616 1640 2016 2040 6634 7634
3803 259 4203 659 7936 8936
2146 2799 2546 3199 8064 9064
1097 1255 1497 1655 3995 4995
3900 156 4300 556 4097 5097
610 3460 1010 3860 6045 7045
3572 2049 3972 2449 3590 4590
2240 2285 2640 2685 4138 5138
3126 561 3526 961 7881 8881
4641 926 5041 1326 7463 8463
1447 3334 1847 3734 3621 4621
3593 1811 3993 2211 5512 6512
4234 2971 4634 3371 3960 4960
4760 2893 5160 3293 7575 8575
99 209 499 609 6757 7757
2696 3177 3096 3577 6829 7829
2623 2325 3023 2725 8093 9093
5032 1308 5432 1708 5095 6095
1388 1081 1788 1481 4749 5749
2866 383 3266 783 5386 6386
3439 414 3839 814 5400 6400
1605 643 2005 1043 4022 5022
230 2718 630 3118 6380 7380
2749 639 3149 1039 7262 8262
2899 801 3299 1201 4015 5015
4219 1334 4619 1734 5385 6385
2882 2906 3282 3306 4165 5165
209 2260 609 2660 6152 7152
1663 1919 2063 2319 3808 4808
1555 3031 1955 3431 6331 7331
98 290 498 690 4720 5720
4664 1377 5064 1777 8133 9133
5297 3531 5697 3931 7522 8522
1580 1768 1980 2168 5761 6761
365 3035 765 3435 5294 6294
111 3306 511 3706 6848 7848
1429 931 1829 1331 7201 8201
2765 3069 3165 3469 7700 8700
917 621 1317 1021 6164 7164
1891 3442 2291 3842 7103 8103
4886 1074 5286 1474 3944 4944
3346 453 3746 853 6476 7476
3427 1298 3827 1698 7301 8301
1360 890 1760 1290 4062 5062
2220 2122 2620 2522 3909 4909
3228 1603 3628 2003 4334 5334
4518 1928 4918 2328 6972 7972
708 1823 1108 2223 4061 5061
5151 2596 5551 2996 3915 4915
347 1726 747 2126 6092 7092
46 2617 446 3017 4889 5889
2245 572 2645 972 5285 6285
3423 2855 3823 3255 4982 5982
933 3474 1333 3874 6989 7989
402 975 802 1375 7482 8482
2165 1272 2565 1672 4155 5155
2437 6 2837 406 5614 6614
1224 2174 1624 2574 7884 8884
1611 163 2011 563 4207 5207
2385 1584 2785 1984 3433 4433
2853 174 3253 574 4880 5880
2797 1335 3197 1735 5822 6822
4319 2843 4719 3243 4431 5431
4712 3120 5112 3520 4859 5859
2679 3352 3079 3752 6547 7547
1778 2974 2178 3374 6649 7649
2119 1691 2519 2091 7516 8516
2570 3455 2970 3855 6388 7388
3018 2623 3418 3023 4647 5647
5009 1325 5409 1725 8033 9033
4680 3005 5080 3405 4846 5846
4352 1535 4752 1935 5197 6197
4810 2479 5210 2879 4474 5474
4039 2025 4439 2425 6608 7608
3715 2572 4115 2972 4572 5572
3180 2643 3580 3043 6622 7622
223 240 623 640 7825 8825
2238 310 2638 710 5192 6192
4809 1077 5209 1477 6005 7005
1890 1536 2290 1936 4911 5911
2461 1321 2861 1721 7579 8579
814 958 1214 1358 4864 5864
4948 1020 5348 1420 4574 5574
1965 761 2365 1161 4247 5247
3995 54 4395 454 3858 4858
243 1385 643 1785 3443 4443
1508 2424 1908 2824 6736 7736
2224 1086 2624 1486 5314 6314
3299 1057 3699 1457 3690 4690
1219 3080 1619 3480 4523 5523
1247 2466 1647 2866 7874 8874
3359 900 3759 1300 5715 6715
2348 1808 2748 2208 5960 6960
2532 249 2932 649 6029 7029
3183 2946 3583 3346 4460 5460
1854 355 2254 755 4431 5431
3202 2654 3602 3054 8092 9092
1027 2240 1427 2640 3461 4461
778 478 1178 878 4914 5914
2909 3592 3309 3992 4190 5190
1548 2104 1948 2504 5951 6951
1375 531 1775 931 5777 6777
4179 1917 4579 2317 3672 4672
1011 3050 1411 3450 7331 8331
4544 2935 4944 3335 5684 6684
4732 1472 5132 1872 4700 5700
4756 3397 5156 3797 4682 5682
2276 1165 2676 1565 3495 4495
2408 780 2808 1180 6602 7602
1959 647 2359 1047 5278 6278
5380 2302 5780 2702 7653 8653
4252 1374 4652 1774 5450 6450
5145 2423 5545 2823 7878 8878
2124 2867 2524 3267 6603 7603
34 2888 434 3288 6143 7143
2870 3121 3270 3521 6985 7985
5435 2860 5835 3260 4432 5432
4110 347 4510 747 6619 7619
3684 270 4084 670 5951 6951
2328 84 2728 484 4567 5567
1263 778 1663 1178 6569 7569
1735 2729 2135 3129 5793 6793
1978 3235 2378 3635 7533 8533
1147 503 1547 903 6660 7660
4967 2915 5367 3315 7653 8653
298 1102 698 1502 6834 7834
2754 532 3154 932 7082 8082
1779 1768 2179 2168 5403 6403
1277 1357 1677 1757 6654 7654
2341 3378 2741 3778 5790 6790
5003 2712 5403 3112 7272 8272
2807 882 3207 1282 4143 5143
5 2020 405 2420 5398 6398
3655 2351 4055 2751 6570 7570
1008 1324 1408 1724 5723 6723
2365 3384 2765 3784 5171 6171
4139 2802 4539 3202 8064 9064
3081 883 3481 1283 7995 8995
1467 303 1867 703 5090 6090
2022 1842 2422 2242 7349 8349
1262 457 1662 857 6015 7015
1691 3560 2091 3960 7190 8190
2435 2304 2835 2704 6365 7365
635 41 1035 441 6918 7918
979 1729 1379 2129 5493 6493
3815 3056 4215 3456 5554 6554
3696 2960 4096 3360 4127 5127
616 2792 1016 3192 4093 5093
1562 808 1962 1208 5753 6753
2216 299 2616 699 5097 6097
4905 3440 5305 3840 5142 6142
10 3225 410 3625 7960 8960
464 2385 864 2785 4614 5614
5367 552 5767 952 5856 6856
5298 1251 5698 1651 5437 6437
2661 2286 3061 2686 6513 7513
318 2667 718 3067 5956 6956
1338 837 1738 1237 4530 5530
4622 2165 5022 2565 7909 8909
3443 805 3843 1205 8017 9017
3021 1646 3421 2046 4327 5327
39 1708 439 2108 7329 8329
3062 1875 3462 2275 7130 8130
1211 565 1611 965 6885 7885
3584 130 3984 530 6845 7845
3184 1313 3584 1713 3465 4465
5255 298 5655 698 4443 5443
491 1976 891 2376 5628 6628
5418 1540 5818 1940 5053 6053
2617 801 3017 1201 6260 7260
2430 93 2830 493 5510 6510
3241 2893 3641 3293 5447 6447
4179 1957 4579 2357 5122 6122
5115 3190 5515 3590 6401 7401
4123 942 4523 1342 8063 9063
2182 543 2582 943 4513 5513
543 867 943 1267 7472 8472
26 3364 426 3764 3390 4390
1562 3043 1962 3443 6169 7169
1271 713 1671 1113 5010 6010
1371 273 1771 673 5281 6281
4202 3074 4602 3474 5807 6807
1772 1537 2172 1937 4586 5586
5427 3158 5827 3558 6504 7504
1648 3380 2048 3780 4508 5508
4052 2872 4452 3272 4308 5308
4419 2410 4819 2810 5402 6402
3066 481 3466 881 6302 7302
1333 1522 1733 1922 6344 7344
1279 2587 1679 2987 5299 6299
3470 2391 3870 2791 6685 7685
3237 1999 3637 2399 7816 8816
305 3118 705 3518 3807 4807
929 423 1329 823 4313 5313
3442 169 3842 569 4005 5005
547 3417 947 3817 4535 5535
3747 2767 4147 3167 5998 6998
4851 27 5251 427 3570 4570
1472 2286 1872 2686 4278 5278
4785 2370 5185 2770 5035 6035
3962 2592 4362 2992 5783 6783
1119 3045 1519 3445 5712 6712
5252 930 5652 1330 6900 7900
4219 295 4619 695 6329 7329
3134 149 3534 549 5901 6901
3558 3524 3958 3924 7360 8360
5110 1672 5510 2072 7080 8080
2892 571 3292 971 8035 9035
2373 2076 2773 2476 3655 4655
2550 2956 2950 3356 6969 7969
2133 2416 2533 2816 6436 7436
2493 2238 2893 2638 7610 8610
2390 1895 2790 2295 3387 4387
1035 2925 1435 3325 6343 7343
4170 703 4570 1103 7123 8123
5125 2210 5525 2610 3918 4918
2825 3116 3225 3516 5382 6382
4254 1650 4654 2050 4701 5701
4473 3403 4873 3803 7756 8756
4816 1185 5216 1585 5033 6033
1121 1186 1521 1586 5050 6050
2615 3124 3015 3524 6353 7353
1338 2377 1738 2777 3849 4849
787 3575 1187 3975 4565 5565
4454 2957 4854 3357 6494 7494
2653 1275 3053 1675 3682 4682
3934 2875 4334 3275 3881 4881
4040 1811 4440 2211 6772 7772
2697 1712 3097 2112 7784 8784
3940 682 4340 1082 7825 8825
4866 3182 5266 3582 5611 6611
3680 1003 4080 1403 5376 6376
1818 2300 2218 2700 4692 5692
4531 2893 4931 3293 4141 5141
5156 2496 5556 2896 7807 8807
1702 1259 2102 1659 6428 7428
290 2125 690 2525 5122 6122
3781 146 4181 546 4649 5649
3871 2513 4271 2913 6726 7726
370 2011 770 2411 3920 4920
1584 1595 1984 1995 4598 5598
4207 3100 4607 3500 5235 6235
5289 53 5689 453 4175 5175
1781 3061 2181 3461 4382 5382
3037 646 3437 1046 5880 6880
2346 131 2746 531 6526 7526
2269 708 2669 1108 5045 6045
191 3402 591 3802 5271 6271
681 570 1081 970 5585 6585
2771 726 3171 1126 5603 6603
395 1455 795 1855 6988 7988
2993 341 3393 741 5523 6523
5178 2018 5578 2418 7139 8139
282 1663 682 2063 4596 5596
2539 758 2939 1158 7501 8501
2957 171 3357 571 5796 6796
4504 3268 4904 3668 5255 6255
5359 1540 5759 1940 3442 4442
4436 2490 4836 2890 4883 5883
4433 47 4833 447 8097 9097
1285 4 1685 404 6177 7177
2423 2524 2823 2924 5007 6007
959 2336 1359 2736 3644 4644
1274 230 1674 630 6358 7358
2459 610 2859 1010 8022 9022
1666 280 2066 680 3534 4534
3161 500 3561 900 5491 6491
4985 1303 5385 1703 6104 7104
37 2837 437 3237 5526 6526
193 1922 593 2322 5289 6289
697 569 1097 969 7765 8765
3132 3394 3532 3794 4641 5641
825 1184 1225 1584 4373 5373
1942 2705 2342 3105 5944 6944
5387 1724 5787 2124 4470 5470
3630 980 4030 1380 7228 8228
4144 2113 4544 2513 4889 5889
4072 2231 4472 2631 3895 4895
3604 1135 4004 1535 6146 7146
858 907 1258 1307 7961 8961
4047 1691 4447 2091 7930 8930
2684 1922 3084 2322 3775 4775
2639 3452 3039 3852 5364 6364
1088 2607 1488 3007 5802 6802
875 2560 1275 2960 6313 7313
4854 469 5254 869 6258 7258
2223 1615 2623 2015 5115 6115
364 556 764 956 6589 7589
2074 342 2474 742 5982 6982
906 2883 1306 3283 6628 7628
4173 1023 4573 1423 4841 5841
5155 460 5555 860 5943 6943
3712 1046 4112 1446 7928 8928
3367 1515 3767 1915 8123 9123
2831 2098 3231 2498 3617 4617
2001 1314 2401 1714 6780 7780
2227 2465 2627 2865 7109 8109
4424 938 4824 1338 4903 5903
5256 1058 5656 1458 4718 5718
5077 3571 5477 3971 5759 6759
4080 176 4480 576 5177 6177
2962 1665 3362 2065 5545 6545
4856 48 5256 448 5184 6184
2582 693 2982 1093 5098 6098
645 30 1045 430 7860 8860
4748 1876 5148 2276 6852 7852
4761 9 5161 409 7753 8753
2266 3162 2666 3562 5490 6490
4212 1834 4612 2234 7177 8177
3321 1692 3721 2092 4232 5232
453 40 853 440 4886 5886
2532 2172 2932 2572 4161 5161
1675 2807 2075 3207 5409 6409
3086 1797 3486 2197 7675 8675
5288 1168 5688 1568 3853 4853
1154 1972 1554 2372 5296 6296
1293 2585 1693 2985 6479 7479
2173 2533 2573 2933 8021 9021
4473 862 4873 1262 3602 4602
4827 2445 5227 2845 5372 6372
4141 3543 4541 3943 5922 6922
1147 998 1547 1398 4901 5901
1315 2472 1715 2872 3755 4755
2602 3320 3002 3720 3399 4399
3248 1456 3648 1856 5637 6637
645 487 1045 887 7768 8768
2235 3238 2635 3638 5483 6483
5118 1952 5518 2352 5468 6468
2523 2097 2923 2497 4488 5488
20 3223 420 3623 7530 8530
2687 3207 3087 3607 7446 8446
4037 136 4437 536 7863 8863
1593 784 1993 1184 4365 5365
524 2181 924 2581 5356 6356
3099 2348 3499 2748 4845 5845
2273 1895 2673 2295 5502 6502
2795 2119 3195 2519 7860 8860
1107 3029 1507 3429 6763 7763
5232 2094 5632 2494 4330 5330
181 3240 581 3640 8010 9010
471 376 871 776 5483 6483
3679 744 4079 1144 3727 4727
4331 2916 4731 3316 3533 4533
1541 2497 1941 2897 6939 7939
958 2793 1358 3193 5762 6762
2743 1372 3143 1772 5255 6255
5174 206 5574 606 4395 5395
4416 3390 4816 3790 6289 7289
5207 565 5607 965 6051 7051
4015 1304 4415 1704 3912 4912
227 2941 627 3341 3694 4694
3740 3328 4140 3728 6821 7821
1943 1372 2343 1772 3465 4465
1906 1635 2306 2035 5368 6368
3353 3257 3753 3657 7791 8791
1530 2002 1930 2402 5283 6283
2837 447 3237 847 4062 5062
1190 2759 1590 3159 8061 9061
4587 669 4987 1069 8019 9019
2104 1385 2504 1785 5052 6052
1767 2438 2167 2838 4014 5014
3698 3435 4098 3835 5338 6338
3932 329 4332 729 7622 8622
1499 3198 1899 3598 5269 6269
5241 1329 5641 1729 3906 4906
1936 2182 2336 2582 5009 6009
2174 450 2574 850 5939 6939
3311 1273 3711 1673 3469 4469
3890 477 4290 877 5760 6760
3703 156 4103 556 6056 7056
368 1460 768 1860 6046 7046
4923 1164 5323 1564 6023 7023
2477 1521 2877 1921 5215 6215
2487 338 2887 738 3785 4785
4247 112 4647 512 3480 4480
395 3054 795 3454 5564 6564
1994 314 2394 714 7154 8154
773 2321 1173 2721 4503 5503
1148 1662 1548 2062 5300 6300
323 412 723 812 4508 5508
4876 3476 5276 3876 7438 8438
1588 902 1988 1302 3747 4747
5397 3219 5797 3619 4604 5604
4486 2508 4886 2908 5334 6334
3639 403 4039 803 4985 5985
3331 1672 3731 2072 5031 6031
2845 2625 3245 3025 7384 8384
4703 2199 5103 2599 6840 7840
2090 2572 2490 2972 6267 7267
2473 2905 2873 3305 4419 5419
5392 400 5792 800 5923 6923
4295 3188 4695 3588 3707 4707
319 1810 719 2210 6327 7327
273 1706 673 2106 3727 4727
215 1892 615 2292 4396 5396
5388 677 5788 1077 5921 6921
1718 1174 2118 1574 6298 7298
2263 231 2663 631 4020 5020
4893 631 5293 1031 5081 6081
52 1342 452 1742 7102 8102
5203 2520 5603 2920 6871 7871
4392 1444 4792 1844 5243 6243
2857 2878 3257 3278 6691 7691
2761 1142 3161 1542 5342 6342
4342 1685 4742 2085 4558 5558
3530 2529 3930 2929 6269 7269
3596 3127 3996 3527 4951 5951
3973 191 4373 591 7336 8336
2554 2665 2954 3065 3891 4891
3367 1989 3767 2389 6084 7084
1609 86 2009 486 3692 4692
1841 1941 2241 2341 4426 5426
3403 3347 3803 3747 3892 4892
3373 1830 3773 2230 6272 7272
1111 3499 1511 3899 7633 8633
5382 1556 5782 1956 4820 5820
3510 2784 3910 3184 4264 5264
3780 2605 4180 3005 5902 6902
15 1127 415 1527 4792 5792
5186 2434 5586 2834 6347 7347
317 2227 717 2627 6150 7150
4246 2418 4646 2818 5628 6628
5260 1082 5660 1482 5117 6117
1115 3051 1515 3451 7572 8572
88 2827 488 3227 5633 6633
5273 213 5673 613 5094 6094
3171 3087 3571 3487 7380 8380
942 1820 1342 2220 4058 5058
3727 1174 4127 1574 4189 5189
97 270 497 670 5841 6841
986 451 1386 851 6850 7850
1029 2145 1429 2545 7768 8768
1742 2616 2142 3016 3876 4876
3419 3230 3819 3630 6905 7905
817 3040 1217 3440 7468 8468
1157 1639 1557 2039 5625 6625
2527 976 2927 1376 4273 5273
520 1158 920 1558 7941 8941
1987 1795 2387 2195 5160 6160
4041 3463 4441 3863 5990 6990
4610 1529 5010 1929 5425 6425
5302 2119 5702 2519 5609 6609
2833 555 3233 955 3955 4955
3169 3202 3569 3602 4625 5625
4559 508 4959 908 7572 8572
2672 1663 3072 2063 3879 4879
2891 2532 3291 2932 3406 4406
3600 207 4000 607 7046 8046
3138 2985 3538 3385 7792 8792
4084 2119 4484 2519 5939 6939
3935 625 4335 1025 7410 8410
129 149 529 549 7268 8268
5233 1599 5633 1999 7770 8770
2743 366 3143 766 7715 8715
4657 2520 5057 2920 7662 8662
180 2177 580 2577 3976 4976
343 2570 743 2970 4971 5971
2559 3185 2959 3585 6245 7245
2646 2241 3046 2641 7358 8358
4330 2424 4730 2824 4359 5359
2268 2493 2668 2893 4487 5487
2887 2318 3287 2718 3506 4506
2090 445 2490 845 4684 5684
4184 1579 4584 1979 4886 5886
4583 1169 4983 1569 6518 7518
4105 745 4505 1145 4140 5140
3907 3455 4307 3855 3648 4648
1075 982 1475 1382 5944 6944
1885 177 2285 577 6060 7060
5 163 405 563 7606 8606
5232 1383 5632 1783 5485 6485
2976 1184 3376 1584 3572 4572
1417 176 1817 576 4106 5106
3387 1933 3787 2333 7670 8670
1489 946 1889 1346 4853 5853
2845 743 3245 1143 7575 8575
4686 3568 5086 3968 3857 4857
4777 569 5177 969 8042 9042
1277 2756 1677 3156 6550 7550
202 801 602 1201 5625 6625
2760 1353 3160 1753 7833 8833
5195 2019 5595 2419 4729 5729
4760 856 5160 1256 3850 4850
1562 974 1962 1374 5955 6955
908 2739 1308 3139 4723 5723
2328 2979 2728 3379 6266 7266
3125 1780 3525 2180 6420 7420
3957 202 4357 602 3837 4837
1942 849 2342 1249 4339 5339
2605 851 3005 1251 6017 7017
4835 542 5235 942 5090 6090
17 2415 417 2815 7444 8444
4798 1004 5198 1404 5496 6496
4947 2448 5347 2848 7150 8150
4961 542 5361 942 7331 8331
3984 2148 4384 2548 6238 7238
3241 2319 3641 2719 3513 4513
1515 909 1915 1309 7150 8150
2757 991 3157 1391 7236 8236
535 72 935 472 4639 5639
3486 2496 3886 2896 7236 8236
206 354 606 754 5784 6784
4868 2032 5268 2432 4125 5125
5129 505 5529 905 7763 8763
1813 726 2213 1126 4870 5870
4728 2130 5128 2530 7160 8160
396 3369 796 3769 7478 8478
1507 2901 1907 3301 8131 9131
2271 714 2671 1114 4252 5252
1402 3164 1802 3564 7432 8432
4544 249 4944 649 5617 6617
696 2036 1096 2436 6912 7912
3688 1830 4088 2230 6085 7085
4520 3509 4920 3909 5436 6436
2193 2934 2593 3334 4603 5603
491 2846 891 3246 6758 7758
4307 2040 4707 2440 3438 4438
3634 2298 4034 2698 6103 7103
4994 219 5394 619 5683 6683
4887 1765 5287 2165 6093 7093
793 584 1193 984 5905 6905
110 2330 510 2730 5017 6017
292 2216 692 2616 7503 8503
381 2756 781 3156 4823 5823
3077 2217 3477 2617 5524 6524
5022 3232 5422 3632 6976 7976
4759 165 5159 565 4330 5330
404 2537 804 2937 6139 7139
1475 1965 1875 2365 6643 7643
2726 950 3126 1350 4938 5938
2129 3165 2529 3565 7062 8062
292 2394 692 2794 4394 5394
3179 2011 3579 2411 5937 6937
4775 448 5175 848 4728 5728
4769 1810 5169 2210 8108 9108
2411 2643 2811 3043 5089 6089
5309 2055 5709 2455 7873 8873
2976 745 3376 1145 4439 5439
2361 2195 2761 2595 7959 8959
609 846 1009 1246 5006 6006
2002 1953 2402 2353 4412 5412
5326 74 5726 474 7294 8294
3590 2355 3990 2755 7657 8657
3043 1334 3443 1734 3444 4444
3081 2030 3481 2430 8081 9081
141 756 541 1156 3724 4724
3347 3379 3747 3779 8066 9066
370 555 770 955 3919 4919
3477 2365 3877 2765 3555 4555
1024 2756 1424 3156 4515 5515
777 1982 1177 2382 3627 4627
3844 2137 4244 2537 5244 6244
4893 441 5293 841 7372 8372
1338 2130 1738 2530 5299 6299
2196 2757 2596 3157 5246 6246
4787 2450 5187 2850 4597 5597
689 840 1089 1240 6958 7958
2980 3202 3380 3602 7391 8391
1183 2781 1583 3181 3897 4897
5092 32 5492 432 6336 7336
1109 2528 1509 2928 4918 5918
2245 1120 2645 1520 6976 7976
790 2733 1190 3133 6944 7944
2484 666 2884 1066 6260 7260
1537 479 1937 879 4462 5462
2401 1891 2801 2291 5160 6160
2363 1853 2763 2253 5302 6302
1291 911 1691 1311 7571 8571
4723 2829 5123 3229 4191 5191
1890 1092 2290 1492 7467 8467
1407 3167 1807 3567 6549 7549
5274 786 5674 1186 5425 6425
2811 643 3211 1043 6892 7892
171 3002 571 3402 5698 6698
711 1996 1111 2396 3737 4737
4636 1165 5036 1565 7542 8542
1520 3355 1920 3755 6105 7105
150 563 550 963 4123 5123
3776 546 4176 946 6912 7912
4991 2069 5391 2469 6939 7939
4821 104 5221 504 7171 8171
1480 815 1880 1215 7862 8862
4568 68 4968 468 7939 8939
2340 2485 2740 2885 6634 7634
4769 322 5169 722 7697 8697
3168 520 3568 920 6412 7412
4887 2856 5287 3256 4701 5701
2612 968 3012 1368 7278 8278
2201 1660 2601 2060 4549 5549
4838 3531 5238 3931 4759 5759
4732 3592 5132 3992 4976 5976
3307 191 3707 591 6748 7748
2810 3158 3210 3558 5963 6963
1151 2915 1551 3315 6195 7195
1131 1637 1531 2037 7385 8385
4287 3405 4687 3805 5856 6856
2137 817 2537 1217 5217 6217
5365 2930 5765 3330 5579 6579
1502 2870 1902 3270 7067 8067
3589 448 3989 848 3913 4913
2950 3377 3350 3777 6802 7802
677 2512 1077 2912 6426 7426
5237 1658 5637 2058 4840 5840
2805 2968 3205 3368 5565 6565
2184 2244 2584 2644 7979 8979
1209 2991 1609 3391 4732 5732
4516 1263 4916 1663 4764 5764
3058 1346 3458 1746 7861 8861
2427 782 2827 1182 3417 4417
1272 3138 1672 3538 6332 7332
4270 3281 4670 3681 7687 8687
234 2825 634 3225 3567 4567
4406 2585 4806 2985 5052 6052
2467 539 2867 939 7173 8173
4762 2773 5162 3173 5476 6476
2930 315 3330 715 7236 8236
5265 2399 5665 2799 4829 5829
646 3167 1046 3567 4355 5355
2569 3008 2969 3408 4951 5951
5230 3582 5630 3982 4848 5848
2270 2728 2670 3128 3613 4613
1615 438 2015 838 6493 7493
1131 2013 1531 2413 5506 6506
3628 3410 4028 3810 5065 6065
4817 1852 5217 2252 6869 7869
3265 1067 3665 1467 6520 7520
3576 859 3976 1259 7197 8197
2445 1464 2845 1864 4157 5157
5238 2212 5638 2612 8019 9019
2575 2372 2975 2772 3402 4402
3801 302 4201 702 5157 6157
3547 2979 3947 3379 7175 8175
2805 2114 3205 2514 4796 5796
3934 2383 4334 2783 6079 7079
1736 1064 2136 1464 4807 5807
1273 982 1673 1382 4461 5461
3755 2455 4155 2855 6402 7402
5378 1636 5778 2036 4306 5306
1513 1381 1913 1781 7433 8433
28 381 428 781 4469 5469
2194 264 2594 664 6788 7788
3962 129 4362 529 4398 5398
3320 2801 3720 3201 7033 8033
4672 2153 5072 2553 5710 6710
2483 1746 2883 2146 4231 5231
4076 2841 4476 3241 4700 5700
1816 1573 2216 1973 8036 9036
