1000
3212 2707 3222 2717 5808 7808
615 623 625 633 4521 6521
902 3026 912 3036 4111 6111
2790 1343 2800 1353 5029 7029
5262 229 5272 239 5287 7287
1951 537 1961 547 4483 6483
1909 2954 1919 2964 5608 7608
2086 1141 2096 1151 4279 6279
1504 2399 1514 2409 4611 6611
4901 1318 4911 1328 5577 7577
570 2973 580 2983 4652 6652
2067 3578 2077 3588 7139 9139
697 1327 707 1337 5961 7961
1903 42 1913 52 6427 8427
4291 2402 4301 2412 4975 6975
4610 234 4620 244 4917 6917
3284 3286 3294 3296 5833 7833
915 1866 925 1876 5821 7821
1429 261 1439 271 4630 6630
1133 2069 1143 2079 3707 5707
3360 2216 3370 2226 6263 8263
4238 3435 4248 3445 6271 8271
3490 2295 3500 2305 3541 5541
5278 779 5288 789 4224 6224
5510 720 5520 730 5599 7599
3374 265 3384 275 6218 8218
630 53 640 63 5292 7292
3611 940 3621 950 4265 6265
4828 2321 4838 2331 4610 6610
3399 2096 3409 2106 4905 6905
841 450 851 460 5877 7877
1897 3318 1907 3328 4522 6522
3502 1727 3512 1737 3662 5662
105 319 115 329 4462 6462
2478 2050 2488 2060 4811 6811
2070 3921 2080 3931 4953 6953
2984 1716 2994 1726 4326 6326
675 2380 685 2390 5169 7169
1531 1450 1541 1460 4621 6621
2756 2938 2766 2948 4344 6344
3418 1794 3428 1804 4872 6872
4089 3370 4099 3380 7063 9063
2534 883 2544 893 5897 7897
5280 1267 5290 1277 3541 5541
2570 2948 2580 2958 5571 7571
2374 1199 2384 1209 6053 8053
3471 2621 3481 2631 4438 6438
1165 142 1175 152 5283 7283
50 3610 60 3620 3502 5502
1556 551 1566 561 6218 8218
985 1779 995 1789 6653 8653
5377 764 5387 774 5603 7603
1477 3320 1487 3330 6392 8392
2286 620 2296 630 7094 9094
1422 2187 1432 2197 5215 7215
4393 3988 4403 3998 6752 8752
4442 3911 4452 3921 7015 9015
670 396 680 406 6252 8252
367 3216 377 3226 3684 5684
380 3482 390 3492 3897 5897
428 2527 438 2537 3405 5405
2881 3178 2891 3188 6812 8812
127 8 137 18 5635 7635
3027 2727 3037 2737 6029 8029
25 1294 35 1304 4068 6068
5261 1750 5271 1760 4538 6538
4843 1650 4853 1660 5675 7675
3904 332 3914 342 6762 8762
2499 177 2509 187 5827 7827
2780 1872 2790 1882 6218 8218
1050 1136 1060 1146 6810 8810
2880 614 2890 624 4087 6087
4376 2063 4386 2073 3412 5412
90 2375 100 2385 5640 7640
1135 440 1145 450 3402 5402
2097 821 2107 831 5187 7187
1672 3102 1682 3112 5716 7716
1179 3536 1189 3546 4384 6384
5463 2266 5473 2276 5199 7199
2913 525 2923 535 4100 6100
4596 1242 4606 1252 6453 8453
5665 1441 5675 1451 4233 6233
3515 273 3525 283 5538 7538
3304 2672 3314 2682 3754 5754
5167 1277 5177 1287 6798 8798
4695 2266 4705 2276 6878 8878
1980 3258 1990 3268 4031 6031
3614 183 3624 193 3997 5997
4438 3033 4448 3043 3793 5793
2666 676 2676 686 5827 7827
4511 2961 4521 2971 5185 7185
4568 2057 4578 2067 3996 5996
5098 379 5108 389 5702 7702
4699 1928 4709 1938 6702 8702
5775 3061 5785 3071 6308 8308
3142 1083 3152 1093 5219 7219
1441 1734 1451 1744 6697 8697
5513 296 5523 306 3413 5413
3922 1093 3932 1103 5046 7046
696 3539 706 3549 6514 8514
4445 2286 4455 2296 6896 8896
2407 1698 2417 1708 6285 8285
3293 2391 3303 2401 4974 6974
3497 59 3507 69 5524 7524
958 1069 968 1079 6011 8011
4172 3484 4182 3494 6889 8889
5725 144 5735 154 6206 8206
5138 2133 5148 2143 4634 6634
3590 2627 3600 2637 4860 6860
2865 2280 2875 2290 5365 7365
1573 854 1583 864 5207 7207
632 1968 642 1978 5372 7372
3554 695 3564 705 3377 5377
2194 1299 2204 1309 3484 5484
1385 85 1395 95 3981 5981
2615 2320 2625 2330 4949 6949
4125 676 4135 686 4030 6030
4217 1637 4227 1647 6078 8078
4353 3011 4363 3021 6276 8276
3140 1462 3150 1472 6719 8719
3246 1657 3256 1667 6519 8519
3349 2567 3359 2577 3719 5719
3717 3872 3727 3882 4811 6811
5768 345 5778 355 4586 6586
388 1135 398 1145 4704 6704
712 1320 722 1330 6005 8005
2523 369 2533 379 6991 8991
808 3245 818 3255 3451 5451
3232 648 3242 658 6734 8734
3584 891 3594 901 5534 7534
4712 3521 4722 3531 5091 7091
3079 465 3089 475 5161 7161
4771 3782 4781 3792 5314 7314
5721 1511 5731 1521 5056 7056
2974 3309 2984 3319 6540 8540
5470 2261 5480 2271 5292 7292
3569 3467 3579 3477 6503 8503
2995 3080 3005 3090 5894 7894
906 3233 916 3243 6400 8400
4572 2563 4582 2573 4070 6070
1516 2586 1526 2596 5089 7089
672 930 682 940 5429 7429
2671 2791 2681 2801 7091 9091
3086 883 3096 893 6736 8736
1960 495 1970 505 6150 8150
2831 3328 2841 3338 4269 6269
4010 3719 4020 3729 4344 6344
3793 3958 3803 3968 5786 7786
2717 1693 2727 1703 5435 7435
832 1547 842 1557 4525 6525
3430 2607 3440 2617 4730 6730
3624 161 3634 171 7102 9102
1083 768 1093 778 4453 6453
5357 1932 5367 1942 6182 8182
2569 2384 2579 2394 5968 7968
2619 2497 2629 2507 6817 8817
388 3591 398 3601 6343 8343
2080 2043 2090 2053 4398 6398
4823 2714 4833 2724 4831 6831
5395 647 5405 657 5564 7564
3701 3952 3711 3962 4991 6991
2302 1800 2312 1810 6927 8927
2127 1025 2137 1035 3529 5529
2116 3031 2126 3041 4701 6701
2158 585 2168 595 6263 8263
3078 987 3088 997 4269 6269
4515 2507 4525 2517 6084 8084
527 3860 537 3870 3955 5955
1470 143 1480 153 6270 8270
2418 958 2428 968 6426 8426
2114 2500 2124 2510 5543 7543
2074 3364 2084 3374 5341 7341
819 3719 829 3729 4107 6107
3171 750 3181 760 5986 7986
2083 945 2093 955 6382 8382
1667 47 1677 57 6824 8824
2602 3759 2612 3769 4018 6018
4597 1452 4607 1462 6899 8899
5614 2688 5624 2698 6574 8574
4691 2792 4701 2802 5108 7108
2038 85 2048 95 4078 6078
1084 2777 1094 2787 6516 8516
5453 672 5463 682 4846 6846
4568 141 4578 151 6016 8016
3784 1504 3794 1514 3626 5626
5050 776 5060 786 6139 8139
3623 2069 3633 2079 5693 7693
5102 992 5112 1002 3587 5587
4207 3579 4217 3589 6714 8714
1459 2187 1469 2197 5227 7227
2253 3067 2263 3077 3416 5416
779 2190 789 2200 4996 6996
3020 2970 3030 2980 5985 7985
5271 2442 5281 2452 6965 8965
1668 1260 1678 1270 3401 5401
2350 8 2360 18 6145 8145
263 1287 273 1297 4366 6366
2073 3615 2083 3625 7065 9065
2478 2105 2488 2115 5192 7192
795 893 805 903 3742 5742
3124 935 3134 945 6194 8194
4219 2356 4229 2366 5086 7086
1853 3765 1863 3775 4484 6484
2675 1662 2685 1672 5548 7548
347 1640 357 1650 6700 8700
4312 3030 4322 3040 5934 7934
4575 1888 4585 1898 4607 6607
3738 3588 3748 3598 7136 9136
2096 3213 2106 3223 6164 8164
1584 3451 1594 3461 4894 6894
4741 3105 4751 3115 5064 7064
5625 3872 5635 3882 5708 7708
3167 549 3177 559 4528 6528
4973 1790 4983 1800 4673 6673
1798 1367 1808 1377 7115 9115
3256 786 3266 796 6669 8669
4266 821 4276 831 4005 6005
1090 2780 1100 2790 5639 7639
4040 2048 4050 2058 4248 6248
1981 3820 1991 3830 6945 8945
3734 2301 3744 2311 4702 6702
2040 2171 2050 2181 4680 6680
1359 15 1369 25 3485 5485
1031 419 1041 429 5403 7403
5705 1070 5715 1080 4819 6819
5388 0 5398 10 5955 7955
4581 2060 4591 2070 3623 5623
2924 555 2934 565 6779 8779
962 714 972 724 5715 7715
2702 652 2712 662 6444 8444
3108 1261 3118 1271 5567 7567
3155 1100 3165 1110 5909 7909
1230 1762 1240 1772 5416 7416
2866 2170 2876 2180 5625 7625
2758 2460 2768 2470 4520 6520
4932 2660 4942 2670 4181 6181
4190 3422 4200 3432 3402 5402
805 2644 815 2654 3421 5421
2197 3151 2207 3161 6328 8328
950 2551 960 2561 5707 7707
177 1918 187 1928 4753 6753
3092 3595 3102 3605 5583 7583
1505 244 1515 254 6765 8765
2265 3625 2275 3635 4014 6014
4514 3554 4524 3564 4497 6497
4219 1399 4229 1409 6516 8516
2486 1937 2496 1947 3736 5736
3580 1235 3590 1245 6848 8848
609 460 619 470 4717 6717
3445 897 3455 907 5758 7758
256 2376 266 2386 4334 6334
2136 829 2146 839 3873 5873
3765 41 3775 51 5683 7683
4351 29 4361 39 4438 6438
623 2824 633 2834 3842 5842
438 1516 448 1526 5767 7767
1201 95 1211 105 3586 5586
1664 3850 1674 3860 4666 6666
2598 600 2608 610 3627 5627
2816 3797 2826 3807 4488 6488
3489 1355 3499 1365 6551 8551
1274 2519 1284 2529 4899 6899
1477 3633 1487 3643 3743 5743
5327 3233 5337 3243 5129 7129
5558 1961 5568 1971 4195 6195
1248 3042 1258 3052 3763 5763
2538 391 2548 401 5067 7067
2578 1420 2588 1430 6465 8465
5231 28 5241 38 4238 6238
5335 1744 5345 1754 3440 5440
1689 2751 1699 2761 6406 8406
1829 2589 1839 2599 5307 7307
1489 3241 1499 3251 4452 6452
22 197 32 207 5139 7139
4903 3450 4913 3460 6337 8337
1624 2204 1634 2214 5403 7403
5446 1849 5456 1859 5484 7484
3511 1945 3521 1955 5271 7271
930 3728 940 3738 6569 8569
2613 1289 2623 1299 6955 8955
1873 1132 1883 1142 6722 8722
4797 1642 4807 1652 5582 7582
1861 1270 1871 1280 5710 7710
509 1672 519 1682 3978 5978
791 500 801 510 3547 5547
1801 1341 1811 1351 6986 8986
5507 2572 5517 2582 7055 9055
3599 2674 3609 2684 6067 8067
3572 3119 3582 3129 3642 5642
1572 2131 1582 2141 5903 7903
1036 1893 1046 1903 6006 8006
2681 1383 2691 1393 5880 7880
421 744 431 754 6632 8632
3094 1995 3104 2005 5288 7288
685 2001 695 2011 3606 5606
280 347 290 357 6179 8179
976 2451 986 2461 4189 6189
3783 2338 3793 2348 6869 8869
4826 3040 4836 3050 6431 8431
5655 596 5665 606 5415 7415
3625 2355 3635 2365 3890 5890
425 3086 435 3096 5314 7314
1563 3002 1573 3012 4086 6086
4850 3729 4860 3739 3382 5382
3853 3089 3863 3099 6645 8645
1948 541 1958 551 5955 7955
2287 2281 2297 2291 5019 7019
2334 3789 2344 3799 4277 6277
3451 1407 3461 1417 6051 8051
2886 2091 2896 2101 3905 5905
4783 1524 4793 1534 5617 7617
5182 2454 5192 2464 6998 8998
5202 155 5212 165 6492 8492
251 1501 261 1511 6437 8437
970 1796 980 1806 5767 7767
3848 2304 3858 2314 6756 8756
4857 1226 4867 1236 3806 5806
1521 1135 1531 1145 3949 5949
3271 2327 3281 2337 6535 8535
4168 2316 4178 2326 6392 8392
5163 94 5173 104 3958 5958
3612 3922 3622 3932 3964 5964
44 2446 54 2456 3476 5476
4392 403 4402 413 5757 7757
728 1402 738 1412 5186 7186
778 3454 788 3464 4518 6518
4822 2914 4832 2924 4041 6041
22 2234 32 2244 7094 9094
1825 2989 1835 2999 5867 7867
3395 237 3405 247 3421 5421
2404 181 2414 191 3896 5896
2479 1184 2489 1194 4044 6044
5574 3956 5584 3966 6230 8230
60 3517 70 3527 3631 5631
3980 1219 3990 1229 3798 5798
3693 153 3703 163 6234 8234
4827 859 4837 869 4314 6314
3839 1627 3849 1637 3455 5455
4592 3871 4602 3881 6659 8659
4706 2629 4716 2639 5299 7299
4917 755 4927 765 5775 7775
2025 3003 2035 3013 4890 6890
3364 3844 3374 3854 4176 6176
1852 2670 1862 2680 5081 7081
2043 3360 2053 3370 5229 7229
605 1342 615 1352 4920 6920
1385 535 1395 545 6290 8290
3411 3778 3421 3788 5582 7582
1749 235 1759 245 3798 5798
1823 213 1833 223 4101 6101
5649 3653 5659 3663 5744 7744
898 2667 908 2677 3872 5872
4373 414 4383 424 6617 8617
4456 3332 4466 3342 4450 6450
5539 3078 5549 3088 3950 5950
4048 3433 4058 3443 5258 7258
763 1483 773 1493 5331 7331
4184 141 4194 151 3588 5588
4202 3255 4212 3265 5425 7425
1113 3456 1123 3466 4128 6128
1992 981 2002 991 3516 5516
4942 1616 4952 1626 4113 6113
2930 1791 2940 1801 4921 6921
5212 2234 5222 2244 5028 7028
185 94 195 104 4696 6696
3491 2196 3501 2206 4352 6352
5011 2324 5021 2334 3512 5512
61 3714 71 3724 4794 6794
5672 1627 5682 1637 7032 9032
3111 1546 3121 1556 5977 7977
766 3725 776 3735 3556 5556
1403 2550 1413 2560 4271 6271
1215 3401 1225 3411 4197 6197
5095 1378 5105 1388 4141 6141
1084 3142 1094 3152 4138 6138
1357 1695 1367 1705 4375 6375
2217 755 2227 765 6400 8400
5051 2473 5061 2483 5595 7595
5286 1881 5296 1891 6267 8267
4673 3968 4683 3978 3402 5402
2884 2581 2894 2591 6941 8941
5567 2986 5577 2996 4180 6180
3487 632 3497 642 5678 7678
5320 775 5330 785 4624 6624
1709 2757 1719 2767 6291 8291
1872 3288 1882 3298 4141 6141
1876 1811 1886 1821 5505 7505
955 1422 965 1432 6901 8901
2671 2262 2681 2272 6872 8872
1717 1220 1727 1230 3704 5704
2885 3365 2895 3375 6115 8115
186 83 196 93 6713 8713
4393 2586 4403 2596 4567 6567
943 694 953 704 7092 9092
4560 2245 4570 2255 4639 6639
3767 3343 3777 3353 6070 8070
4205 3807 4215 3817 6926 8926
754 1970 764 1980 5251 7251
5137 3160 5147 3170 6661 8661
5533 2637 5543 2647 5606 7606
5054 333 5064 343 6366 8366
163 3201 173 3211 5357 7357
2398 3432 2408 3442 5575 7575
688 1200 698 1210 4078 6078
2281 2724 2291 2734 5404 7404
3959 1552 3969 1562 6975 8975
3398 3370 3408 3380 5603 7603
4345 187 4355 197 6413 8413
2340 846 2350 856 6187 8187
2047 858 2057 868 4052 6052
781 1816 791 1826 3810 5810
5104 2310 5114 2320 3587 5587
4621 2948 4631 2958 5867 7867
1289 371 1299 381 5840 7840
1958 2575 1968 2585 4761 6761
355 1957 365 1967 5550 7550
503 192 513 202 5630 7630
5807 3933 5817 3943 5041 7041
5560 1778 5570 1788 5640 7640
4584 2445 4594 2455 3812 5812
295 3927 305 3937 5332 7332
3560 844 3570 854 5831 7831
751 3637 761 3647 6977 8977
4243 543 4253 553 4102 6102
2697 238 2707 248 5119 7119
2823 976 2833 986 5432 7432
2557 2109 2567 2119 6490 8490
3955 2690 3965 2700 3887 5887
5619 3075 5629 3085 5368 7368
3176 1670 3186 1680 6685 8685
2159 1114 2169 1124 5055 7055
3321 125 3331 135 4722 6722
3145 1142 3155 1152 4328 6328
1878 3606 1888 3616 4404 6404
3889 2350 3899 2360 3561 5561
3476 2475 3486 2485 6351 8351
4600 780 4610 790 4648 6648
524 3011 534 3021 4876 6876
5728 2225 5738 2235 6308 8308
755 31 765 41 4645 6645
5147 515 5157 525 4338 6338
2192 3881 2202 3891 5825 7825
4353 3692 4363 3702 3881 5881
4591 3661 4601 3671 4771 6771
4193 1018 4203 1028 3426 5426
2968 2329 2978 2339 3757 5757
1269 1570 1279 1580 5845 7845
3281 547 3291 557 4413 6413
996 3192 1006 3202 6996 8996
5807 924 5817 934 4556 6556
4804 181 4814 191 3399 5399
5643 2512 5653 2522 3391 5391
2373 779 2383 789 3645 5645
5256 234 5266 244 5671 7671
4722 3797 4732 3807 4759 6759
3469 1346 3479 1356 6426 8426
2169 3453 2179 3463 5196 7196
3378 2632 3388 2642 4610 6610
920 2424 930 2434 4763 6763
4714 298 4724 308 4306 6306
1974 3530 1984 3540 6554 8554
4369 2875 4379 2885 5652 7652
5710 72 5720 82 6721 8721
1160 2631 1170 2641 5699 7699
2110 3036 2120 3046 5294 7294
2314 411 2324 421 6118 8118
3721 2072 3731 2082 6960 8960
4478 3194 4488 3204 4078 6078
5108 421 5118 431 6094 8094
5510 1583 5520 1593 6733 8733
2758 2719 2768 2729 3924 5924
5680 354 5690 364 5749 7749
2655 3974 2665 3984 5874 7874
3867 2921 3877 2931 6482 8482
3775 857 3785 867 3531 5531
2892 414 2902 424 4614 6614
2035 3920 2045 3930 4676 6676
2474 211 2484 221 4095 6095
3187 1807 3197 1817 6010 8010
3642 3917 3652 3927 4834 6834
5344 1098 5354 1108 3427 5427
1435 3127 1445 3137 3913 5913
3389 3771 3399 3781 4639 6639
1917 581 1927 591 5456 7456
2275 2626 2285 2636 5319 7319
4883 114 4893 124 3942 5942
3701 2375 3711 2385 3959 5959
2425 125 2435 135 3849 5849
4435 3979 4445 3989 4850 6850
4820 2011 4830 2021 4587 6587
3991 2501 4001 2511 6091 8091
3924 997 3934 1007 7103 9103
3155 3602 3165 3612 4039 6039
1565 29 1575 39 6114 8114
1842 1654 1852 1664 6446 8446
265 391 275 401 6957 8957
2830 1406 2840 1416 4952 6952
3746 2017 3756 2027 6117 8117
3189 1426 3199 1436 3621 5621
438 1670 448 1680 5629 7629
4681 2718 4691 2728 6715 8715
1185 920 1195 930 7009 9009
3610 621 3620 631 5543 7543
4480 3419 4490 3429 4820 6820
3981 262 3991 272 6278 8278
1587 3981 1597 3991 4635 6635
190 3016 200 3026 4904 6904
5507 2902 5517 2912 4620 6620
2517 3087 2527 3097 6605 8605
3920 3765 3930 3775 6383 8383
1694 871 1704 881 7089 9089
2714 344 2724 354 7108 9108
4733 3697 4743 3707 3636 5636
3160 2729 3170 2739 3384 5384
5741 1249 5751 1259 4667 6667
940 1883 950 1893 6089 8089
5301 3132 5311 3142 6547 8547
2881 239 2891 249 6207 8207
4089 2074 4099 2084 3874 5874
1697 3872 1707 3882 6892 8892
4205 1276 4215 1286 5172 7172
1793 3154 1803 3164 3529 5529
4214 144 4224 154 4023 6023
5114 3068 5124 3078 5226 7226
3907 745 3917 755 4441 6441
3963 3661 3973 3671 5164 7164
5548 998 5558 1008 5118 7118
3510 1381 3520 1391 6306 8306
66 2837 76 2847 3937 5937
3614 424 3624 434 5799 7799
2931 2181 2941 2191 7037 9037
547 2843 557 2853 3456 5456
3478 190 3488 200 4137 6137
1522 3590 1532 3600 4137 6137
2838 3725 2848 3735 6580 8580
5576 3235 5586 3245 6834 8834
3342 1347 3352 1357 6587 8587
6 3454 16 3464 4853 6853
4755 2099 4765 2109 5400 7400
1085 369 1095 379 3926 5926
3955 2031 3965 2041 5537 7537
5549 1586 5559 1596 4319 6319
599 1757 609 1767 4432 6432
1820 1486 1830 1496 6142 8142
4391 3503 4401 3513 5692 7692
240 3452 250 3462 6475 8475
1969 2455 1979 2465 5767 7767
1066 3642 1076 3652 6744 8744
413 3263 423 3273 6377 8377
418 1014 428 1024 3919 5919
2156 768 2166 778 6660 8660
2474 3038 2484 3048 3422 5422
4692 1382 4702 1392 5670 7670
5044 1549 5054 1559 4844 6844
1284 241 1294 251 4473 6473
2528 2192 2538 2202 6050 8050
3228 1469 3238 1479 3830 5830
4630 3910 4640 3920 5003 7003
4413 1302 4423 1312 5389 7389
492 3701 502 3711 3457 5457
2313 3550 2323 3560 5405 7405
522 652 532 662 4015 6015
5801 227 5811 237 4814 6814
5664 1704 5674 1714 6895 8895
1633 689 1643 699 5582 7582
3906 3286 3916 3296 5758 7758
2718 3983 2728 3993 3771 5771
2939 2515 2949 2525 6605 8605
2426 3185 2436 3195 6531 8531
2254 2489 2264 2499 5580 7580
1357 32 1367 42 4305 6305
1539 1836 1549 1846 5297 7297
367 1507 377 1517 3639 5639
2742 37 2752 47 6258 8258
352 1291 362 1301 4617 6617
1267 788 1277 798 6902 8902
5729 1219 5739 1229 6584 8584
4045 1048 4055 1058 6482 8482
2491 3916 2501 3926 6199 8199
5781 352 5791 362 7068 9068
4200 113 4210 123 3773 5773
2057 829 2067 839 5891 7891
3353 3922 3363 3932 3840 5840
1120 417 1130 427 3687 5687
2553 3835 2563 3845 6905 8905
4635 2444 4645 2454 5386 7386
4062 52 4072 62 3905 5905
4064 3731 4074 3741 6689 8689
1289 1429 1299 1439 4065 6065
151 53 161 63 6012 8012
4821 2542 4831 2552 6750 8750
121 1235 131 1245 6640 8640
1914 1626 1924 1636 6327 8327
4340 2330 4350 2340 3485 5485
1401 295 1411 305 5406 7406
2092 2580 2102 2590 5091 7091
807 1349 817 1359 7023 9023
5473 2961 5483 2971 5738 7738
9 1951 19 1961 6989 8989
3711 3117 3721 3127 5974 7974
3492 2580 3502 2590 5327 7327
709 1987 719 1997 5981 7981
2112 1560 2122 1570 4421 6421
707 2043 717 2053 4684 6684
2917 1097 2927 1107 6312 8312
4792 12 4802 22 4686 6686
3919 3568 3929 3578 5432 7432
3878 2625 3888 2635 4227 6227
2882 3837 2892 3847 4605 6605
1271 3138 1281 3148 3951 5951
1147 2494 1157 2504 5540 7540
2408 3633 2418 3643 4755 6755
3431 3392 3441 3402 5791 7791
3268 3317 3278 3327 3673 5673
5189 1448 5199 1458 5834 7834
3767 6 3777 16 7019 9019
1486 672 1496 682 3379 5379
256 1885 266 1895 3409 5409
4143 1008 4153 1018 6235 8235
2774 1085 2784 1095 5438 7438
5811 3782 5821 3792 3657 5657
2734 2047 2744 2057 4696 6696
1023 341 1033 351 5958 7958
4743 2669 4753 2679 4958 6958
4422 2616 4432 2626 3906 5906
5141 1239 5151 1249 6510 8510
3161 1971 3171 1981 3606 5606
2969 2170 2979 2180 4288 6288
4208 3182 4218 3192 3810 5810
4735 2206 4745 2216 5365 7365
279 743 289 753 6539 8539
2315 612 2325 622 5519 7519
1419 2186 1429 2196 4914 6914
4005 2272 4015 2282 5774 7774
4327 1298 4337 1308 6068 8068
1622 3591 1632 3601 6640 8640
682 2793 692 2803 7132 9132
3276 3237 3286 3247 5838 7838
5299 1179 5309 1189 3613 5613
3802 457 3812 467 5883 7883
58 1832 68 1842 3595 5595
4724 1432 4734 1442 6879 8879
4867 1274 4877 1284 3715 5715
5447 2375 5457 2385 4486 6486
3902 68 3912 78 5724 7724
5421 1408 5431 1418 4027 6027
2110 31 2120 41 5563 7563
2814 2979 2824 2989 6571 8571
5639 1778 5649 1788 5415 7415
5217 3042 5227 3052 4537 6537
22 1487 32 1497 6427 8427
3846 896 3856 906 3833 5833
3459 2553 3469 2563 5619 7619
5716 1194 5726 1204 5161 7161
3698 341 3708 351 4468 6468
5508 3371 5518 3381 3652 5652
4624 1166 4634 1176 4603 6603
4209 2916 4219 2926 3787 5787
1401 2809 1411 2819 3793 5793
4088 37 4098 47 3389 5389
1663 796 1673 806 6664 8664
3917 1076 3927 1086 3807 5807
1502 1489 1512 1499 6600 8600
5350 1846 5360 1856 6952 8952
1973 2803 1983 2813 3920 5920
5210 2520 5220 2530 3971 5971
5020 597 5030 607 4932 6932
2087 2203 2097 2213 5121 7121
3367 1832 3377 1842 7007 9007
4025 3038 4035 3048 7061 9061
2033 3903 2043 3913 4451 6451
1129 1504 1139 1514 6516 8516
206 2027 216 2037 4207 6207
5660 3608 5670 3618 5407 7407
1765 3015 1775 3025 3692 5692
1936 318 1946 328 5184 7184
3611 1767 3621 1777 5522 7522
3069 173 3079 183 4801 6801
3125 1745 3135 1755 6644 8644
5116 279 5126 289 5558 7558
2596 1194 2606 1204 4382 6382
5100 1223 5110 1233 6594 8594
4810 2025 4820 2035 6792 8792
885 1399 895 1409 5551 7551
4872 540 4882 550 4662 6662
826 1402 836 1412 3549 5549
3765 3366 3775 3376 4588 6588
821 3607 831 3617 3571 5571
5714 2666 5724 2676 4260 6260
2354 974 2364 984 5826 7826
4339 182 4349 192 4520 6520
3822 3464 3832 3474 5306 7306
2569 1537 2579 1547 3603 5603
3611 3108 3621 3118 6407 8407
4940 429 4950 439 5994 7994
2075 1907 2085 1917 6681 8681
226 3695 236 3705 5300 7300
4415 785 4425 795 3835 5835
2915 2599 2925 2609 6132 8132
2773 2988 2783 2998 4098 6098
2184 2613 2194 2623 3942 5942
1030 3000 1040 3010 4649 6649
439 48 449 58 3921 5921
617 1390 627 1400 4692 6692
5074 274 5084 284 5229 7229
1762 2093 1772 2103 5852 7852
2750 34 2760 44 4606 6606
5196 619 5206 629 6161 8161
2659 881 2669 891 3986 5986
1943 952 1953 962 3873 5873
2335 347 2345 357 5915 7915
2750 2639 2760 2649 5679 7679
3986 2683 3996 2693 6390 8390
5024 128 5034 138 6025 8025
917 363 927 373 5093 7093
1747 1553 1757 1563 6558 8558
980 2721 990 2731 3483 5483
1759 3244 1769 3254 4624 6624
4905 2737 4915 2747 4738 6738
790 3866 800 3876 6812 8812
1280 475 1290 485 5762 7762
4883 3868 4893 3878 6506 8506
1607 2397 1617 2407 3866 5866
2003 3966 2013 3976 5610 7610
5382 2939 5392 2949 3469 5469
2869 3736 2879 3746 4258 6258
4523 1896 4533 1906 5421 7421
2587 1114 2597 1124 5118 7118
3005 3789 3015 3799 4237 6237
5013 2924 5023 2934 3866 5866
3402 2360 3412 2370 4310 6310
4037 718 4047 728 4889 6889
4267 999 4277 1009 6883 8883
2380 874 2390 884 5399 7399
2675 1734 2685 1744 5528 7528
4394 3853 4404 3863 5359 7359
1318 2955 1328 2965 4027 6027
5708 689 5718 699 6536 8536
5269 1665 5279 1675 4369 6369
507 398 517 408 5679 7679
2878 1066 2888 1076 5526 7526
5206 2404 5216 2414 6455 8455
3787 683 3797 693 4909 6909
2608 1815 2618 1825 6003 8003
3013 322 3023 332 6950 8950
1617 2173 1627 2183 5702 7702
2318 176 2328 186 3775 5775
5474 1043 5484 1053 4627 6627
3333 2414 3343 2424 6165 8165
2329 658 2339 668 4315 6315
3252 1254 3262 1264 4190 6190
1553 688 1563 698 4412 6412
5793 451 5803 461 6445 8445
3768 2940 3778 2950 5340 7340
3311 1762 3321 1772 5011 7011
1822 1470 1832 1480 3883 5883
2172 3423 2182 3433 4939 6939
3051 3149 3061 3159 6460 8460
2746 1762 2756 1772 6425 8425
581 3051 591 3061 6122 8122
5250 1196 5260 1206 5625 7625
511 170 521 180 4623 6623
4215 3068 4225 3078 6306 8306
3136 2908 3146 2918 5400 7400
1182 2178 1192 2188 3508 5508
3181 236 3191 246 6981 8981
5543 1697 5553 1707 6498 8498
3757 771 3767 781 6486 8486
5059 525 5069 535 6762 8762
5207 1861 5217 1871 6653 8653
2559 1186 2569 1196 4273 6273
2143 3558 2153 3568 4298 6298
4863 2635 4873 2645 6043 8043
2845 3856 2855 3866 5182 7182
2377 1905 2387 1915 6442 8442
2791 1857 2801 1867 6289 8289
3553 2745 3563 2755 7053 9053
4831 1518 4841 1528 3697 5697
437 70 447 80 6688 8688
3214 1579 3224 1589 4169 6169
3829 3562 3839 3572 4620 6620
1234 55 1244 65 6766 8766
4962 2956 4972 2966 4532 6532
4844 2359 4854 2369 4761 6761
3119 3580 3129 3590 3982 5982
2475 3628 2485 3638 3834 5834
1055 2359 1065 2369 5253 7253
1031 2435 1041 2445 6038 8038
3303 636 3313 646 3838 5838
485 3479 495 3489 5474 7474
1140 1279 1150 1289 4488 6488
384 3215 394 3225 6903 8903
880 712 890 722 4760 6760
2541 3205 2551 3215 4764 6764
4824 3245 4834 3255 5174 7174
4609 3010 4619 3020 6551 8551
1397 359 1407 369 6640 8640
2261 2594 2271 2604 6895 8895
1446 891 1456 901 6663 8663
5540 1379 5550 1389 3893 5893
2259 1167 2269 1177 5636 7636
5822 3818 5832 3828 3584 5584
881 154 891 164 4528 6528
1809 3170 1819 3180 3604 5604
3470 3985 3480 3995 4296 6296
2410 2892 2420 2902 4655 6655
3571 983 3581 993 5505 7505
373 3382 383 3392 6757 8757
1329 1248 1339 1258 5393 7393
5345 1871 5355 1881 6825 8825
1824 1224 1834 1234 3890 5890
1954 492 1964 502 4127 6127
3289 3722 3299 3732 5064 7064
660 1134 670 1144 6191 8191
4741 3069 4751 3079 5128 7128
1158 1134 1168 1144 6255 8255
1898 571 1908 581 4594 6594
2185 3740 2195 3750 6219 8219
3049 2716 3059 2726 5835 7835
5643 2126 5653 2136 6007 8007
2470 3073 2480 3083 5491 7491
502 1231 512 1241 3732 5732
3803 1430 3813 1440 5935 7935
3119 3618 3129 3628 6376 8376
5294 1405 5304 1415 4350 6350
1339 3641 1349 3651 4181 6181
5376 602 5386 612 4855 6855
1308 3005 1318 3015 6297 8297
3058 3086 3068 3096 6588 8588
4091 3350 4101 3360 4829 6829
4116 3562 4126 3572 3638 5638
5392 2514 5402 2524 3609 5609
2080 3260 2090 3270 4953 6953
2420 1964 2430 1974 3387 5387
861 3410 871 3420 4586 6586
3932 1224 3942 1234 4033 6033
852 2290 862 2300 5109 7109
4702 1986 4712 1996 4082 6082
2043 2932 2053 2942 6435 8435
35 770 45 780 7075 9075
4023 601 4033 611 3591 5591
5699 2033 5709 2043 4463 6463
3337 1569 3347 1579 6256 8256
225 554 235 564 5644 7644
4385 123 4395 133 7120 9120
1534 204 1544 214 4903 6903
3872 2696 3882 2706 5647 7647
106 1802 116 1812 3459 5459
5612 1262 5622 1272 4958 6958
115 3792 125 3802 6742 8742
920 1160 930 1170 4332 6332
4667 2806 4677 2816 5714 7714
3875 3595 3885 3605 5384 7384
2349 2580 2359 2590 4232 6232
4735 1764 4745 1774 5265 7265
3138 175 3148 185 4019 6019
425 1456 435 1466 5073 7073
4123 3830 4133 3840 4471 6471
3257 708 3267 718 3464 5464
3036 16 3046 26 3598 5598
1721 1878 1731 1888 5906 7906
2805 3487 2815 3497 3542 5542
4322 989 4332 999 6378 8378
4050 3250 4060 3260 6361 8361
2257 261 2267 271 6028 8028
1956 2650 1966 2660 6171 8171
2777 2046 2787 2056 4107 6107
4044 2353 4054 2363 5342 7342
326 1568 336 1578 5145 7145
1647 244 1657 254 4908 6908
60 767 70 777 4566 6566
5421 3738 5431 3748 4761 6761
104 3207 114 3217 6163 8163
2788 2359 2798 2369 6638 8638
2038 1748 2048 1758 4692 6692
2237 3874 2247 3884 5746 7746
619 1811 629 1821 6314 8314
3207 1394 3217 1404 4480 6480
2126 1287 2136 1297 4524 6524
2987 1138 2997 1148 4265 6265
1605 2363 1615 2373 3728 5728
1051 516 1061 526 5546 7546
3841 18 3851 28 6622 8622
2189 3701 2199 3711 3527 5527
4274 2936 4284 2946 4659 6659
1019 2715 1029 2725 4376 6376
1393 3212 1403 3222 5420 7420
5821 280 5831 290 5726 7726
2462 3353 2472 3363 4721 6721
4708 1166 4718 1176 6266 8266
5461 956 5471 966 3475 5475
4291 2985 4301 2995 4324 6324
2476 2760 2486 2770 5639 7639
3715 506 3725 516 4562 6562
2547 1088 2557 1098 6179 8179
4910 776 4920 786 3938 5938
4778 606 4788 616 6080 8080
4927 1861 4937 1871 6226 8226
1421 1289 1431 1299 4675 6675
4097 2073 4107 2083 4874 6874
788 466 798 476 5015 7015
3217 1227 3227 1237 6292 8292
2992 1725 3002 1735 4653 6653
2368 1177 2378 1187 4987 6987
1982 1179 1992 1189 6792 8792
5402 1867 5412 1877 5947 7947
5354 746 5364 756 4827 6827
2458 3618 2468 3628 6375 8375
5129 1520 5139 1530 4585 6585
4455 1343 4465 1353 6053 8053
4951 235 4961 245 6230 8230
241 3787 251 3797 3379 5379
3038 2919 3048 2929 3866 5866
3372 3254 3382 3264 3405 5405
5581 2125 5591 2135 5921 7921
1657 2470 1667 2480 5164 7164
2750 634 2760 644 6332 8332
122 3822 132 3832 3513 5513
5423 341 5433 351 4928 6928
5153 3139 5163 3149 4388 6388
340 1410 350 1420 6885 8885
124 1715 134 1725 7081 9081
4495 1434 4505 1444 5929 7929
587 188 597 198 4024 6024
1626 3237 1636 3247 4653 6653
2177 546 2187 556 6855 8855
1321 873 1331 883 5333 7333
5363 3211 5373 3221 5315 7315
3890 3053 3900 3063 5886 7886
3532 924 3542 934 4583 6583
4706 513 4716 523 6678 8678
3898 672 3908 682 4604 6604
2174 251 2184 261 3378 5378
4677 212 4687 222 6379 8379
2113 1732 2123 1742 3915 5915
1674 2000 1684 2010 5274 7274
1401 2119 1411 2129 5494 7494
819 1221 829 1231 6032 8032
1764 549 1774 559 4449 6449
2004 7 2014 17 4057 6057
1694 940 1704 950 3769 5769
5783 2818 5793 2828 6443 8443
701 1448 711 1458 4974 6974
1147 2124 1157 2134 6970 8970
360 3348 370 3358 5352 7352
3923 3253 3933 3263 4764 6764
3980 1932 3990 1942 6578 8578
4812 1635 4822 1645 4967 6967
2861 2192 2871 2202 3420 5420
1398 3181 1408 3191 6012 8012
1898 2137 1908 2147 5799 7799
399 2084 409 2094 4623 6623
704 2359 714 2369 6617 8617
5779 2783 5789 2793 4704 6704
3928 3544 3938 3554 3729 5729
2608 3126 2618 3136 4975 6975
1844 3689 1854 3699 6061 8061
808 2114 818 2124 3931 5931
1182 0 1192 10 5970 7970
4706 3628 4716 3638 3810 5810
3250 3562 3260 3572 4105 6105
5202 317 5212 327 6818 8818
2797 2547 2807 2557 5643 7643
5570 145 5580 155 6453 8453
705 3681 715 3691 6814 8814
1979 2153 1989 2163 5597 7597
3082 1552 3092 1562 6380 8380
1737 5 1747 15 6266 8266
292 348 302 358 5820 7820
511 3130 521 3140 4449 6449
4399 376 4409 386 7030 9030
5667 2623 5677 2633 4327 6327
588 2330 598 2340 5702 7702
5205 945 5215 955 4795 6795
4701 2207 4711 2217 5630 7630
1587 3858 1597 3868 4746 6746
3467 2020 3477 2030 5208 7208
2659 1004 2669 1014 6879 8879
5505 66 5515 76 5913 7913
5354 1400 5364 1410 4032 6032
3605 3432 3615 3442 5973 7973
3685 2695 3695 2705 4954 6954
163 2887 173 2897 5995 7995
5405 3990 5415 4000 6902 8902
3394 3182 3404 3192 3564 5564
211 3244 221 3254 3879 5879
5824 1699 5834 1709 5682 7682
4583 1471 4593 1481 6645 8645
3129 685 3139 695 6904 8904
2642 1718 2652 1728 5712 7712
5679 3444 5689 3454 5605 7605
3827 3821 3837 3831 3548 5548
4439 2402 4449 2412 5084 7084
3860 122 3870 132 7043 9043
3980 1117 3990 1127 6642 8642
3352 322 3362 332 3978 5978
1806 2269 1816 2279 6720 8720
2423 2142 2433 2152 6992 8992
2639 3936 2649 3946 3920 5920
4897 1631 4907 1641 3724 5724
