77
0 2048 511 2559 5732 6732
2048 3584 2559 4095 5557 6557
512 0 1023 511 7456 8456
3072 1536 3583 2047 4989 5989
1024 1024 1535 1535 5322 6322
1536 1024 2047 1535 4657 5657
512 3072 1023 3583 4996 5996
1536 1536 2047 2047 5387 6387
1024 2048 1535 2559 7018 8018
2048 3072 2559 3583 3436 4436
3072 512 3583 1023 5798 6798
1536 3072 2047 3583 4088 5088
512 4096 1023 4607 5302 6302
0 1024 511 1535 7587 8587
3072 4608 3583 5119 4541 5541
2560 512 3071 1023 3446 4446
2560 2048 3071 2559 5351 6351
512 3584 1023 4095 5661 6661
1024 5120 1535 5631 3864 4864
1536 3584 2047 4095 4167 5167
0 2560 511 3071 4693 5693
512 5120 1023 5631 3547 4547
2560 1024 3071 1535 3489 4489
512 512 1023 1023 4651 5651
512 1536 1023 2047 7381 8381
1536 4608 2047 5119 3907 4907
1024 2560 1535 3071 4474 5474
2560 3584 3071 4095 4903 5903
2560 4096 3071 4607 5259 6259
2560 1536 3071 2047 7374 8374
1024 4096 1535 4607 8086 9086
1536 2560 2047 3071 7621 8621
512 1024 1023 1535 6612 7612
3072 1024 3583 1535 4454 5454
0 1536 511 2047 4470 5470
2048 5120 2559 5631 5615 6615
3072 2560 3583 3071 5741 6741
2560 4608 3071 5119 7916 8916
0 4608 511 5119 4683 5683
1024 0 1535 511 6440 7440
3072 0 3583 511 7982 8982
1024 512 1535 1023 7110 8110
512 4608 1023 5119 4209 5209
1536 512 2047 1023 5144 6144
0 512 511 1023 3609 4609
3072 4096 3583 4607 7201 8201
3072 3584 3583 4095 7040 8040
0 0 511 511 5590 6590
2048 1024 2559 1535 4722 5722
1536 4096 2047 4607 7534 8534
2560 5120 3071 5631 3438 4438
1024 3072 1535 3583 7865 8865
2048 4096 2559 4607 4762 5762
1536 5120 2047 5631 5377 6377
512 2560 1023 3071 6198 7198
2560 2560 3071 3071 5824 6824
2048 2560 2559 3071 5913 6913
0 3584 511 4095 4353 5353
2048 0 2559 511 4408 5408
3072 3072 3583 3583 7802 8802
1024 3584 1535 4095 5408 6408
2560 3072 3071 3583 4354 5354
0 3072 511 3583 4335 5335
2048 512 2559 1023 3881 4881
2048 4608 2559 5119 7259 8259
3072 5120 3583 5631 5434 6434
0 4096 511 4607 7946 8946
1536 0 2047 511 4860 5860
1536 2048 2047 2559 7031 8031
512 2048 1023 2559 4490 5490
1024 1536 1535 2047 7929 8929
2560 0 3071 511 6873 7873
3072 2048 3583 2559 3460 4460
1024 4608 1535 5119 3999 4999
0 5120 511 5631 5699 6699
2048 1536 2559 2047 3699 4699
2048 2048 2559 2559 4881 5881
