1000
4424 2294 4524 2394 4694 5694
317 1660 417 1760 4898 5898
1030 1657 1130 1757 5836 6836
3048 3775 3148 3875 6683 7683
5031 1500 5131 1600 7966 8966
1940 988 2040 1088 5294 6294
5608 1903 5708 2003 4846 5846
3756 10 3856 110 7358 8358
2312 1600 2412 1700 4167 5167
1531 674 1631 774 6188 7188
2354 1857 2454 1957 3562 4562
1965 1804 2065 1904 5404 6404
627 1927 727 2027 7272 8272
3184 2150 3284 2250 4455 5455
898 3459 998 3559 7694 8694
4462 2356 4562 2456 6130 7130
1735 800 1835 900 5777 6777
3296 948 3396 1048 7612 8612
3551 1498 3651 1598 4493 5493
2234 364 2334 464 7617 8617
850 142 950 242 7152 8152
4987 1672 5087 1772 7476 8476
2805 1184 2905 1284 4792 5792
5358 466 5458 566 6080 7080
478 2433 578 2533 8129 9129
4453 478 4553 578 6828 7828
1590 664 1690 764 7502 8502
5574 2171 5674 2271 4753 5753
4013 1152 4113 1252 6416 7416
2228 1602 2328 1702 7348 8348
5513 1096 5613 1196 4655 5655
1622 523 1722 623 4427 5427
2354 296 2454 396 5245 6245
4104 3320 4204 3420 4805 5805
3627 2916 3727 3016 3470 4470
766 1831 866 1931 5836 6836
4309 3708 4409 3808 4288 5288
981 1243 1081 1343 3943 4943
2492 1000 2592 1100 5146 6146
4307 3174 4407 3274 7566 8566
2770 637 2870 737 6303 7303
788 1643 888 1743 7444 8444
5513 1599 5613 1699 4178 5178
1457 3524 1557 3624 6304 7304
2733 3170 2833 3270 6060 7060
416 2593 516 2693 7771 8771
3603 247 3703 347 4658 5658
3653 2082 3753 2182 7537 8537
3862 1244 3962 1344 4523 5523
2040 1727 2140 1827 8095 9095
974 2649 1074 2749 6373 7373
2067 2746 2167 2846 6778 7778
4566 3690 4666 3790 6827 7827
346 1518 446 1618 4991 5991
5694 3091 5794 3191 5802 6802
4973 3042 5073 3142 5607 6607
2082 3095 2182 3195 6735 7735
4352 2668 4452 2768 3780 4780
1241 3773 1341 3873 4714 5714
1950 1167 2050 1267 4865 5865
3518 2847 3618 2947 6389 7389
5717 2109 5817 2209 5802 6802
4429 2128 4529 2228 7802 8802
2561 3044 2661 3144 7674 8674
4216 3028 4316 3128 5724 6724
1541 2344 1641 2444 4999 5999
2149 170 2249 270 6838 7838
3502 1463 3602 1563 5568 6568
2499 3564 2599 3664 3581 4581
1079 3574 1179 3674 7421 8421
4103 766 4203 866 5850 6850
3411 3423 3511 3523 6569 7569
5534 2889 5634 2989 4112 5112
3949 608 4049 708 5877 6877
1773 1509 1873 1609 5259 6259
1186 3455 1286 3555 6768 7768
2606 3892 2706 3992 5268 6268
4447 412 4547 512 5686 6686
5175 2901 5275 3001 7421 8421
3464 3551 3564 3651 6856 7856
803 2686 903 2786 5766 6766
5012 1707 5112 1807 4207 5207
1489 1954 1589 2054 7406 8406
5729 3217 5829 3317 7460 8460
1408 3113 1508 3213 3737 4737
514 2080 614 2180 7511 8511
2833 508 2933 608 7405 8405
4706 2897 4806 2997 4963 5963
4743 55 4843 155 5363 6363
5293 2310 5393 2410 4051 5051
2012 1621 2112 1721 7290 8290
76 836 176 936 3793 4793
4650 2064 4750 2164 3707 4707
3493 2127 3593 2227 7389 8389
4908 1573 5008 1673 4835 5835
2182 2025 2282 2125 7936 8936
2598 1928 2698 2028 5834 6834
3116 1451 3216 1551 6767 7767
2052 652 2152 752 5213 6213
1905 1849 2005 1949 4332 5332
4308 2061 4408 2161 7046 8046
1881 3303 1981 3403 6297 7297
4330 3849 4430 3949 5283 6283
5154 2530 5254 2630 4745 5745
4220 2609 4320 2709 7189 8189
2195 1692 2295 1792 6786 7786
1371 1831 1471 1931 5112 6112
3249 3017 3349 3117 4759 5759
1900 1760 2000 1860 4400 5400
3051 3459 3151 3559 4011 5011
4426 2614 4526 2714 3434 4434
1087 3160 1187 3260 5759 6759
5446 250 5546 350 5232 6232
663 987 763 1087 7709 8709
5055 2034 5155 2134 7741 8741
2254 1355 2354 1455 7516 8516
5362 873 5462 973 3457 4457
5732 1098 5832 1198 7314 8314
2327 1025 2427 1125 3426 4426
1551 710 1651 810 5144 6144
1297 2306 1397 2406 3609 4609
5236 2285 5336 2385 6383 7383
2515 2731 2615 2831 7298 8298
2972 402 3072 502 3742 4742
4913 78 5013 178 4502 5502
2869 1927 2969 2027 6967 7967
4212 2825 4312 2925 5470 6470
1164 2048 1264 2148 7937 8937
2581 2295 2681 2395 3458 4458
4776 316 4876 416 6361 7361
5019 3111 5119 3211 6942 7942
1324 1036 1424 1136 4107 5107
1866 1297 1966 1397 7372 8372
5234 1187 5334 1287 6163 7163
5653 585 5753 685 4802 5802
1602 2100 1702 2200 5980 6980
1570 3522 1670 3622 6522 7522
1188 2783 1288 2883 5222 6222
3704 247 3804 347 5288 6288
91 2822 191 2922 5930 6930
245 1018 345 1118 6661 7661
1747 2596 1847 2696 5722 6722
1600 1511 1700 1611 7322 8322
5252 664 5352 764 5606 6606
1329 887 1429 987 7860 8860
2288 2964 2388 3064 5967 6967
4087 450 4187 550 4074 5074
55 1862 155 1962 5909 6909
3324 1901 3424 2001 7003 8003
4185 188 4285 288 8107 9107
4191 2582 4291 2682 4404 5404
4 1090 104 1190 4542 5542
2602 1741 2702 1841 7891 8891
3017 2118 3117 2218 7714 8714
5329 3871 5429 3971 4382 5382
2416 3176 2516 3276 5615 6615
3993 3208 4093 3308 3650 4650
2792 2893 2892 2993 4229 5229
530 1625 630 1725 7149 8149
4975 451 5075 551 4781 5781
4788 2185 4888 2285 4883 5883
4435 886 4535 986 6259 7259
53 2741 153 2841 6697 7697
4989 2493 5089 2593 7251 8251
2068 1328 2168 1428 4122 5122
2684 1081 2784 1181 4206 5206
3805 1199 3905 1299 3522 4522
706 2550 806 2650 7043 8043
1424 2770 1524 2870 4133 5133
3921 3354 4021 3454 6248 7248
3100 1817 3200 1917 3461 4461
4396 584 4496 684 5653 6653
5472 2093 5572 2193 7458 8458
1636 1458 1736 1558 6236 7236
4434 1841 4534 1941 4918 5918
3712 226 3812 326 4351 5351
2866 2075 2966 2175 6003 7003
4876 1441 4976 1541 5810 6810
5163 28 5263 128 6310 7310
1310 3639 1410 3739 3417 4417
3796 759 3896 859 3690 4690
5332 3021 5432 3121 5214 6214
180 3713 280 3813 5517 6517
2977 3170 3077 3270 5045 6045
5260 2264 5360 2364 5193 6193
1428 3461 1528 3561 5152 6152
4826 2134 4926 2234 6039 7039
3332 2740 3432 2840 8132 9132
4925 2866 5025 2966 4574 5574
4394 2889 4494 2989 5733 6733
975 3260 1075 3360 3481 4481
1114 859 1214 959 5921 6921
2400 1878 2500 1978 5275 6275
4886 3753 4986 3853 7819 8819
3738 2422 3838 2522 7895 8895
5108 1867 5208 1967 5126 6126
1303 1764 1403 1864 8066 9066
2422 3313 2522 3413 6201 7201
2879 3758 2979 3858 6151 7151
5202 3374 5302 3474 3909 4909
2385 208 2485 308 4173 5173
2162 3880 2262 3980 7034 8034
5400 618 5500 718 5929 6929
4985 317 5085 417 4253 5253
3105 534 3205 634 5564 6564
4747 3111 4847 3211 6641 7641
2696 2968 2796 3068 6643 7643
5004 933 5104 1033 4127 5127
5620 942 5720 1042 4482 5482
4517 1775 4617 1875 7697 8697
2454 1766 2554 1866 6103 7103
4332 1674 4432 1774 6609 7609
4001 620 4101 720 6289 7289
2195 911 2295 1011 4341 5341
1338 3222 1438 3322 4260 5260
2055 1858 2155 1958 7869 8869
33 281 133 381 4462 5462
99 3278 199 3378 4426 5426
949 1728 1049 1828 6625 7625
661 1150 761 1250 5673 6673
4737 1781 4837 1881 5753 6753
2115 1732 2215 1832 6977 7977
758 458 858 558 7124 8124
2511 2489 2611 2589 6973 7973
780 1125 880 1225 4382 5382
408 1282 508 1382 5696 6696
762 3581 862 3681 7902 8902
3146 578 3246 678 6156 7156
4241 736 4341 836 5111 6111
2291 1416 2391 1516 7547 8547
1946 1935 2046 2035 4465 5465
955 5 1055 105 6204 7204
374 3406 474 3506 3943 4943
1523 2301 1623 2401 6829 7829
3091 909 3191 1009 6206 7206
2997 3665 3097 3765 6089 7089
799 1978 899 2078 4979 5979
4381 63 4481 163 6147 7147
3185 103 3285 203 5581 6581
2276 3038 2376 3138 5086 6086
1538 1595 1638 1695 3525 4525
2319 1284 2419 1384 6147 7147
4315 3780 4415 3880 7778 8778
46 3148 146 3248 3620 4620
3189 2952 3289 3052 7823 8823
4155 2357 4255 2457 5150 6150
4998 1973 5098 2073 5560 6560
564 3330 664 3430 6504 7504
2987 1903 3087 2003 4962 5962
1734 1916 1834 2016 7135 8135
3760 620 3860 720 4660 5660
2321 1043 2421 1143 4690 5690
85 3670 185 3770 6060 7060
3551 3653 3651 3753 4808 5808
4855 985 4955 1085 4536 5536
3670 3189 3770 3289 5129 6129
2063 3745 2163 3845 4142 5142
798 928 898 1028 4981 5981
2467 1870 2567 1970 3840 4840
936 753 1036 853 6102 7102
4237 242 4337 342 4584 5584
2835 2271 2935 2371 4023 5023
4532 293 4632 393 7252 8252
3407 3018 3507 3118 3484 4484
2091 889 2191 989 3461 4461
3121 2617 3221 2717 6377 7377
4859 165 4959 265 6105 7105
2364 659 2464 759 5382 6382
5205 2915 5305 3015 7676 8676
450 1730 550 1830 6788 7788
2411 1390 2511 1490 6252 7252
1143 996 1243 1096 5097 6097
4708 1674 4808 1774 7226 8226
749 650 849 750 3432 4432
796 3726 896 3826 7577 8577
2849 746 2949 846 5733 6733
4769 1870 4869 1970 4446 5446
626 1268 726 1368 5907 6907
2466 3520 2566 3620 3711 4711
1793 1477 1893 1577 4218 5218
894 801 994 901 5296 6296
2978 864 3078 964 3466 4466
5177 1303 5277 1403 6636 7636
1836 639 1936 739 7958 8958
2800 1121 2900 1221 5921 6921
1443 2486 1543 2586 6461 7461
1435 1370 1535 1470 6565 7565
756 112 856 212 7700 8700
4841 1047 4941 1147 4886 5886
38 739 138 839 8129 9129
4508 2595 4608 2695 7674 8674
5264 1550 5364 1650 4736 5736
5142 2529 5242 2629 3608 4608
4039 3172 4139 3272 6351 7351
4809 1191 4909 1291 7182 8182
4356 130 4456 230 4372 5372
613 1200 713 1300 7515 8515
4732 665 4832 765 6861 7861
1303 3086 1403 3186 4421 5421
1825 923 1925 1023 6320 7320
2114 1054 2214 1154 6439 7439
4027 969 4127 1069 5837 6837
2967 2912 3067 3012 5114 6114
4748 755 4848 855 5177 6177
3825 1545 3925 1645 7214 8214
1548 3861 1648 3961 6587 7587
1319 489 1419 589 7480 8480
2165 3754 2265 3854 4378 5378
4714 570 4814 670 6408 7408
5691 3505 5791 3605 4371 5371
2806 2335 2906 2435 5706 6706
1036 357 1136 457 6442 7442
5018 3741 5118 3841 6674 7674
2153 1930 2253 2030 4898 5898
571 870 671 970 4574 5574
2519 276 2619 376 6432 7432
5360 2636 5460 2736 5844 6844
3680 2766 3780 2866 6005 7005
4531 3430 4631 3530 3527 4527
1272 371 1372 471 6516 7516
234 2130 334 2230 5423 6423
186 847 286 947 4550 5550
96 725 196 825 7085 8085
473 1640 573 1740 5546 6546
5354 210 5454 310 7684 8684
2327 1528 2427 1628 4823 5823
1489 1822 1589 1922 7502 8502
4559 2292 4659 2392 5560 6560
4235 952 4335 1052 6128 7128
1819 2292 1919 2392 7308 8308
244 3177 344 3277 5461 6461
1624 3414 1724 3514 7295 8295
4797 2567 4897 2667 3919 4919
695 2299 795 2399 3664 4664
914 3208 1014 3308 5390 6390
2985 444 3085 544 6348 7348
3822 3015 3922 3115 5681 6681
5296 2205 5396 2305 3856 4856
3832 3172 3932 3272 5523 6523
4144 1180 4244 1280 7128 8128
1548 3637 1648 3737 6724 7724
4038 2422 4138 2522 6646 7646
2273 1794 2373 1894 4071 5071
165 188 265 288 5249 6249
974 2189 1074 2289 5812 6812
5271 2111 5371 2211 6963 7963
4092 2728 4192 2828 4047 5047
3352 1527 3452 1627 6127 7127
989 2522 1089 2622 6298 7298
982 2590 1082 2690 3590 4590
521 2101 621 2201 4096 5096
4475 3187 4575 3287 6921 7921
2655 2794 2755 2894 5527 6527
1451 1648 1551 1748 4755 5755
1336 3884 1436 3984 5654 6654
1371 1912 1471 2012 7767 8767
4988 3814 5088 3914 4829 5829
1643 3452 1743 3552 3921 4921
2742 1871 2842 1971 4282 5282
485 23 585 123 7544 8544
3539 2696 3639 2796 8105 9105
665 1364 765 1464 8055 9055
5524 3344 5624 3444 5424 6424
500 746 600 846 6654 7654
3513 3673 3613 3773 6144 7144
3442 3629 3542 3729 5913 6913
4932 2306 5032 2406 4168 5168
4957 68 5057 168 7990 8990
3625 3019 3725 3119 7199 8199
134 2630 234 2730 5768 6768
4369 80 4469 180 3812 4812
656 1502 756 1602 5378 6378
5067 269 5167 369 4204 5204
2652 2076 2752 2176 3937 4937
425 556 525 656 7149 8149
4547 1801 4647 1901 7871 8871
3619 119 3719 219 6747 7747
2288 2140 2388 2240 8096 9096
3904 2837 4004 2937 5135 6135
3717 2081 3817 2181 5560 6560
3260 2460 3360 2560 3695 4695
3056 3424 3156 3524 6161 7161
2391 358 2491 458 4717 5717
3368 1206 3468 1306 7414 8414
3909 1061 4009 1161 7921 8921
3693 2560 3793 2660 7394 8394
5195 2309 5295 2409 5459 6459
1923 222 2023 322 6523 7523
1261 3652 1361 3752 5240 6240
1317 1518 1417 1618 7290 8290
3128 1488 3228 1588 7309 8309
3941 2358 4041 2458 7083 8083
4973 1591 5073 1691 5399 6399
819 3779 919 3879 7260 8260
4016 1867 4116 1967 6410 7410
853 3428 953 3528 4496 5496
514 2884 614 2984 4060 5060
2743 1295 2843 1395 5899 6899
462 1223 562 1323 5096 6096
4143 1788 4243 1888 4351 5351
2993 1719 3093 1819 6062 7062
827 2343 927 2443 7722 8722
4042 2510 4142 2610 3623 4623
1036 3894 1136 3994 7082 8082
755 613 855 713 8002 9002
3624 3678 3724 3778 7212 8212
2708 1782 2808 1882 7392 8392
3286 1598 3386 1698 4201 5201
798 3861 898 3961 6007 7007
808 2359 908 2459 7984 8984
1292 2916 1392 3016 3476 4476
322 1596 422 1696 3474 4474
955 418 1055 518 6693 7693
5582 2395 5682 2495 7889 8889
1453 3425 1553 3525 3389 4389
3960 1918 4060 2018 4332 5332
4761 1837 4861 1937 5205 6205
4416 1435 4516 1535 8094 9094
4297 934 4397 1034 5488 6488
1029 85 1129 185 6971 7971
1670 1654 1770 1754 3978 4978
4162 3229 4262 3329 5216 6216
962 1861 1062 1961 3732 4732
2233 1796 2333 1896 4503 5503
4711 2912 4811 3012 6648 7648
930 3018 1030 3118 7310 8310
2673 393 2773 493 7615 8615
78 1823 178 1923 5304 6304
1075 3296 1175 3396 7673 8673
938 887 1038 987 3963 4963
4918 2781 5018 2881 6511 7511
3418 1648 3518 1748 3703 4703
4114 3575 4214 3675 3531 4531
118 3426 218 3526 4426 5426
3396 2286 3496 2386 7153 8153
3221 3421 3321 3521 3855 4855
4325 1304 4425 1404 4965 5965
3674 369 3774 469 7912 8912
4001 810 4101 910 5811 6811
2023 91 2123 191 4940 5940
3736 1663 3836 1763 8091 9091
55 2045 155 2145 5832 6832
2232 179 2332 279 6676 7676
846 385 946 485 4409 5409
1480 2405 1580 2505 5370 6370
399 3110 499 3210 6629 7629
1562 3171 1662 3271 7327 8327
4542 3020 4642 3120 5222 6222
2828 1440 2928 1540 6165 7165
715 3265 815 3365 6377 7377
5528 3276 5628 3376 4689 5689
2266 1879 2366 1979 6479 7479
832 898 932 998 5874 6874
1637 947 1737 1047 8005 9005
2830 2416 2930 2516 6287 7287
2830 3070 2930 3170 6945 7945
3119 621 3219 721 8022 9022
630 769 730 869 6047 7047
1735 1278 1835 1378 7720 8720
1215 295 1315 395 7807 8807
1667 3857 1767 3957 5773 6773
1716 3042 1816 3142 7705 8705
5333 3243 5433 3343 6220 7220
5703 389 5803 489 8066 9066
2944 2898 3044 2998 6583 7583
452 106 552 206 5553 6553
2555 3236 2655 3336 4332 5332
1542 484 1642 584 4516 5516
1640 2674 1740 2774 7003 8003
1664 2814 1764 2914 7211 8211
3083 839 3183 939 7836 8836
4998 3717 5098 3817 7704 8704
618 3040 718 3140 7453 8453
5316 2886 5416 2986 7442 8442
2161 989 2261 1089 5761 6761
5223 1157 5323 1257 4410 5410
3419 1196 3519 1296 3698 4698
4051 1624 4151 1724 4635 5635
733 313 833 413 7249 8249
2587 1198 2687 1298 6619 7619
4587 991 4687 1091 7570 8570
1333 1720 1433 1820 3705 4705
1385 2613 1485 2713 5849 6849
5574 3319 5674 3419 7660 8660
4610 3380 4710 3480 4234 5234
1875 1313 1975 1413 8026 9026
5387 1435 5487 1535 5355 6355
2702 3120 2802 3220 5640 6640
4826 3079 4926 3179 6790 7790
3117 1342 3217 1442 3615 4615
3978 3353 4078 3453 4194 5194
4443 2516 4543 2616 6160 7160
486 624 586 724 4309 5309
3182 2168 3282 2268 6260 7260
1011 2232 1111 2332 6043 7043
2107 2466 2207 2566 5050 6050
2839 324 2939 424 6156 7156
4656 2942 4756 3042 3733 4733
3913 351 4013 451 5516 6516
2803 1779 2903 1879 7420 8420
2990 834 3090 934 6695 7695
1816 2255 1916 2355 3731 4731
5386 3206 5486 3306 5810 6810
1729 2826 1829 2926 7476 8476
3010 2596 3110 2696 5084 6084
460 3506 560 3606 5792 6792
5597 2812 5697 2912 4051 5051
4064 306 4164 406 5650 6650
1571 2917 1671 3017 3442 4442
4039 1753 4139 1853 4949 5949
3126 506 3226 606 5700 6700
2866 2822 2966 2922 8075 9075
5700 3866 5800 3966 6512 7512
976 2350 1076 2450 6437 7437
11 189 111 289 6243 7243
2780 763 2880 863 6794 7794
5416 1484 5516 1584 7975 8975
1825 3787 1925 3887 5876 6876
1003 2833 1103 2933 5713 6713
1483 3106 1583 3206 7957 8957
2300 642 2400 742 8084 9084
1137 43 1237 143 3969 4969
2992 2576 3092 2676 4990 5990
3714 2311 3814 2411 7317 8317
193 2666 293 2766 6122 7122
5474 723 5574 823 7027 8027
4994 2693 5094 2793 7634 8634
1593 2503 1693 2603 7088 8088
5668 1690 5768 1790 4622 5622
3910 607 4010 707 7152 8152
5415 1032 5515 1132 4418 5418
2246 2394 2346 2494 3388 4388
1407 552 1507 652 7369 8369
3649 2456 3749 2556 8136 9136
4408 633 4508 733 7973 8973
2058 1424 2158 1524 7467 8467
2800 3186 2900 3286 4270 5270
750 774 850 874 3831 4831
525 3699 625 3799 3660 4660
4248 524 4348 624 7471 8471
3923 3300 4023 3400 5482 6482
2677 3482 2777 3582 3665 4665
4482 3894 4582 3994 6724 7724
3003 3094 3103 3194 5316 6316
5511 938 5611 1038 7275 8275
5722 1359 5822 1459 7757 8757
2336 3873 2436 3973 3595 4595
5402 913 5502 1013 7804 8804
630 12 730 112 3814 4814
5692 102 5792 202 5326 6326
214 3042 314 3142 4439 5439
3719 266 3819 366 4047 5047
5309 2274 5409 2374 6569 7569
3895 2433 3995 2533 5906 6906
2638 1808 2738 1908 6004 7004
1731 412 1831 512 4847 5847
1460 2868 1560 2968 6783 7783
2185 1414 2285 1514 7666 8666
4392 2455 4492 2555 3496 4496
3375 3780 3475 3880 5061 6061
2491 2095 2591 2195 6606 7606
1966 928 2066 1028 8050 9050
4048 2674 4148 2774 7589 8589
4956 82 5056 182 8095 9095
3152 2007 3252 2107 7743 8743
2490 2683 2590 2783 5238 6238
5581 2131 5681 2231 7626 8626
4298 3536 4398 3636 5141 6141
496 1118 596 1218 7782 8782
5629 1231 5729 1331 6299 7299
2088 2993 2188 3093 6615 7615
4725 3307 4825 3407 6070 7070
5289 351 5389 451 3833 4833
3073 1918 3173 2018 6204 7204
1635 3302 1735 3402 4463 5463
192 2788 292 2888 7284 8284
5571 2984 5671 3084 6567 7567
2334 2613 2434 2713 5483 6483
2729 3837 2829 3937 7339 8339
2198 1362 2298 1462 5988 6988
140 1846 240 1946 7028 8028
3616 1775 3716 1875 4937 5937
4309 1417 4409 1517 6982 7982
2894 1641 2994 1741 6822 7822
3266 3631 3366 3731 5171 6171
2324 2643 2424 2743 3537 4537
1798 337 1898 437 6342 7342
4255 828 4355 928 6335 7335
5586 1630 5686 1730 7811 8811
5548 1297 5648 1397 7947 8947
1777 3611 1877 3711 6613 7613
2503 211 2603 311 4095 5095
4506 1076 4606 1176 5072 6072
352 1078 452 1178 6047 7047
1292 1547 1392 1647 5153 6153
101 3243 201 3343 5635 6635
3351 3543 3451 3643 5720 6720
1061 3330 1161 3430 5587 6587
3268 834 3368 934 5186 6186
4729 1075 4829 1175 5980 6980
696 2630 796 2730 6128 7128
3634 3343 3734 3443 5927 6927
2151 1217 2251 1317 8076 9076
984 1750 1084 1850 3499 4499
4312 1713 4412 1813 5261 6261
1736 1755 1836 1855 7865 8865
5482 2012 5582 2112 4558 5558
3346 318 3446 418 6255 7255
4509 1782 4609 1882 4401 5401
218 1192 318 1292 7735 8735
3600 3811 3700 3911 6387 7387
4974 1030 5074 1130 4015 5015
1107 1179 1207 1279 5827 6827
3157 368 3257 468 5897 6897
2534 240 2634 340 7676 8676
3612 524 3712 624 5246 6246
2421 3864 2521 3964 5365 6365
1864 1390 1964 1490 4413 5413
455 484 555 584 7176 8176
3781 123 3881 223 4481 5481
1826 1604 1926 1704 6802 7802
1002 737 1102 837 6714 7714
5472 229 5572 329 7891 8891
1412 3808 1512 3908 6137 7137
1764 2097 1864 2197 4128 5128
2079 3042 2179 3142 3647 4647
2457 3488 2557 3588 4010 5010
1062 2921 1162 3021 4618 5618
5249 3423 5349 3523 7687 8687
1063 3177 1163 3277 5494 6494
81 1851 181 1951 7238 8238
2446 2077 2546 2177 6139 7139
1415 643 1515 743 3625 4625
4328 1419 4428 1519 7351 8351
2346 2099 2446 2199 4959 5959
4418 1899 4518 1999 4930 5930
2455 3823 2555 3923 6988 7988
1941 3329 2041 3429 4604 5604
479 3388 579 3488 5431 6431
3133 476 3233 576 7551 8551
4378 2341 4478 2441 7612 8612
2628 3586 2728 3686 3861 4861
2304 93 2404 193 3531 4531
5618 3339 5718 3439 4310 5310
3694 1989 3794 2089 5776 6776
5359 1433 5459 1533 7466 8466
2744 947 2844 1047 5359 6359
4011 2989 4111 3089 4397 5397
648 1147 748 1247 5622 6622
4039 1055 4139 1155 6943 7943
1297 1431 1397 1531 7650 8650
5729 2630 5829 2730 3456 4456
1668 85 1768 185 4295 5295
5515 579 5615 679 6970 7970
3118 2613 3218 2713 7657 8657
1431 3136 1531 3236 4165 5165
2531 2537 2631 2637 8131 9131
4242 1651 4342 1751 7707 8707
777 3399 877 3499 4141 5141
4787 3402 4887 3502 4697 5697
4746 2185 4846 2285 5604 6604
1289 1599 1389 1699 5959 6959
3709 2316 3809 2416 6709 7709
1386 1078 1486 1178 4035 5035
5495 3206 5595 3306 4864 5864
606 343 706 443 7837 8837
3173 3438 3273 3538 3848 4848
4169 711 4269 811 6052 7052
347 640 447 740 6144 7144
3669 2711 3769 2811 6878 7878
44 3500 144 3600 7665 8665
5333 2695 5433 2795 7979 8979
4941 3882 5041 3982 5360 6360
2279 3253 2379 3353 3612 4612
2965 246 3065 346 6620 7620
5505 1999 5605 2099 4305 5305
3223 3393 3323 3493 4404 5404
5157 224 5257 324 7085 8085
4389 3285 4489 3385 7477 8477
2120 1862 2220 1962 6012 7012
2390 3565 2490 3665 5135 6135
1307 3271 1407 3371 7304 8304
5153 957 5253 1057 4887 5887
3562 611 3662 711 3577 4577
2602 157 2702 257 5846 6846
5390 2210 5490 2310 7569 8569
2983 3350 3083 3450 5466 6466
2546 810 2646 910 6117 7117
4239 2793 4339 2893 7268 8268
2547 840 2647 940 6742 7742
2255 3658 2355 3758 5865 6865
2923 2978 3023 3078 5743 6743
1203 1647 1303 1747 5322 6322
253 1983 353 2083 3866 4866
2010 2410 2110 2510 7934 8934
489 985 589 1085 3585 4585
3142 3201 3242 3301 5951 6951
1108 2041 1208 2141 4844 5844
4850 2118 4950 2218 7713 8713
4341 1418 4441 1518 5972 6972
2142 2652 2242 2752 5644 6644
5146 114 5246 214 5560 6560
1461 1648 1561 1748 4432 5432
1771 2085 1871 2185 4250 5250
3720 2025 3820 2125 5254 6254
4533 2963 4633 3063 5925 6925
4526 344 4626 444 4249 5249
630 1462 730 1562 6030 7030
4849 2641 4949 2741 7263 8263
4350 611 4450 711 7287 8287
1252 1135 1352 1235 7616 8616
4241 1225 4341 1325 3425 4425
2587 2747 2687 2847 5236 6236
2551 260 2651 360 5029 6029
848 2022 948 2122 4831 5831
633 1792 733 1892 4170 5170
2662 375 2762 475 5422 6422
3070 2371 3170 2471 6609 7609
321 786 421 886 6833 7833
3844 2316 3944 2416 7045 8045
4702 2495 4802 2595 5847 6847
517 1079 617 1179 5734 6734
5141 3699 5241 3799 6129 7129
3106 1392 3206 1492 6037 7037
961 1445 1061 1545 7080 8080
715 3617 815 3717 6797 7797
2304 2338 2404 2438 4709 5709
4789 810 4889 910 4090 5090
4090 1074 4190 1174 4593 5593
4503 100 4603 200 4664 5664
5183 1802 5283 1902 5082 6082
3083 1029 3183 1129 5174 6174
3349 3046 3449 3146 7129 8129
1703 2947 1803 3047 4292 5292
468 2816 568 2916 7079 8079
3365 778 3465 878 7835 8835
3998 1044 4098 1144 6167 7167
599 2712 699 2812 7722 8722
647 3185 747 3285 7442 8442
3802 1360 3902 1460 4451 5451
2379 345 2479 445 4485 5485
4479 27 4579 127 4074 5074
2859 1475 2959 1575 8041 9041
661 2286 761 2386 5764 6764
436 2721 536 2821 6620 7620
3586 3397 3686 3497 6173 7173
4449 957 4549 1057 5222 6222
1054 2173 1154 2273 7640 8640
1657 1615 1757 1715 7126 8126
1393 69 1493 169 7143 8143
4106 1100 4206 1200 3648 4648
4121 648 4221 748 6836 7836
1404 1040 1504 1140 3634 4634
1096 828 1196 928 6340 7340
1667 3898 1767 3998 6955 7955
3527 3895 3627 3995 5546 6546
2754 3188 2854 3288 6233 7233
1654 56 1754 156 6712 7712
5569 3111 5669 3211 3628 4628
1366 2974 1466 3074 5919 6919
5031 1149 5131 1249 7163 8163
5629 3182 5729 3282 6122 7122
502 3707 602 3807 7548 8548
3930 463 4030 563 5661 6661
2603 2951 2703 3051 7973 8973
1073 3533 1173 3633 6833 7833
4362 2987 4462 3087 5577 6577
4988 1108 5088 1208 7003 8003
3549 453 3649 553 5924 6924
1798 1709 1898 1809 6412 7412
2985 932 3085 1032 4777 5777
3748 2368 3848 2468 3955 4955
3931 2144 4031 2244 4649 5649
5288 2982 5388 3082 5634 6634
3844 3267 3944 3367 7482 8482
590 3068 690 3168 7547 8547
4853 1881 4953 1981 6809 7809
4411 662 4511 762 5994 6994
5508 180 5608 280 6423 7423
4612 2050 4712 2150 7081 8081
3670 1194 3770 1294 5844 6844
494 1206 594 1306 5939 6939
311 2736 411 2836 6754 7754
4527 269 4627 369 4912 5912
2201 2435 2301 2535 7024 8024
2402 2679 2502 2779 7137 8137
1810 3647 1910 3747 6298 7298
4837 3221 4937 3321 3729 4729
1104 2706 1204 2806 4592 5592
3027 1312 3127 1412 8017 9017
5679 3261 5779 3361 5194 6194
3714 652 3814 752 6504 7504
2761 412 2861 512 4033 5033
3324 1098 3424 1198 7855 8855
4696 520 4796 620 6647 7647
3188 1631 3288 1731 6139 7139
426 1409 526 1509 3896 4896
1324 1593 1424 1693 3946 4946
5684 1888 5784 1988 5152 6152
383 1497 483 1597 5300 6300
3891 3379 3991 3479 6302 7302
3076 1912 3176 2012 7745 8745
1687 713 1787 813 7263 8263
4207 3330 4307 3430 7957 8957
4444 885 4544 985 5500 6500
1606 1953 1706 2053 4698 5698
2025 394 2125 494 7905 8905
4813 742 4913 842 4253 5253
3452 3660 3552 3760 4776 5776
4004 121 4104 221 5937 6937
152 3877 252 3977 5550 6550
753 3173 853 3273 7214 8214
2219 1710 2319 1810 4655 5655
4310 976 4410 1076 4203 5203
622 3737 722 3837 4452 5452
4840 725 4940 825 4286 5286
3249 1173 3349 1273 6345 7345
2847 2174 2947 2274 4018 5018
2731 1644 2831 1744 5381 6381
5110 1040 5210 1140 3937 4937
978 1519 1078 1619 7976 8976
2308 2598 2408 2698 7962 8962
778 2120 878 2220 5900 6900
256 1901 356 2001 5401 6401
3513 2882 3613 2982 5053 6053
4869 436 4969 536 8134 9134
1773 1341 1873 1441 7872 8872
390 454 490 554 6615 7615
2599 615 2699 715 6757 7757
3155 2464 3255 2564 3491 4491
1887 2194 1987 2294 7157 8157
3794 1935 3894 2035 6378 7378
470 2195 570 2295 7351 8351
4531 2439 4631 2539 4429 5429
4621 691 4721 791 4020 5020
4630 489 4730 589 5305 6305
976 2382 1076 2482 7791 8791
1979 2863 2079 2963 3526 4526
417 20 517 120 6571 7571
294 168 394 268 6973 7973
981 2023 1081 2123 6171 7171
2077 1659 2177 1759 6345 7345
4334 2251 4434 2351 6569 7569
5337 2854 5437 2954 8127 9127
3655 545 3755 645 5955 6955
5651 309 5751 409 4082 5082
5238 219 5338 319 7066 8066
476 199 576 299 6521 7521
5142 3673 5242 3773 6738 7738
109 1830 209 1930 7906 8906
1969 858 2069 958 7642 8642
773 1030 873 1130 4657 5657
4015 2291 4115 2391 6490 7490
2099 1455 2199 1555 7952 8952
467 3076 567 3176 8125 9125
3740 3483 3840 3583 5745 6745
4751 458 4851 558 3752 4752
85 1897 185 1997 6649 7649
1063 2948 1163 3048 7015 8015
5648 325 5748 425 6414 7414
4960 393 5060 493 4968 5968
1441 41 1541 141 7157 8157
5731 2452 5831 2552 7576 8576
5713 770 5813 870 4311 5311
1836 3831 1936 3931 5008 6008
4463 3277 4563 3377 3728 4728
448 2093 548 2193 6046 7046
2801 1414 2901 1514 5024 6024
3127 2697 3227 2797 4459 5459
737 2062 837 2162 5730 6730
2771 2330 2871 2430 6543 7543
4471 219 4571 319 6750 7750
2726 41 2826 141 4558 5558
1316 1394 1416 1494 7933 8933
1496 1984 1596 2084 4377 5377
5263 2198 5363 2298 4885 5885
2704 3752 2804 3852 6528 7528
3692 1559 3792 1659 7103 8103
4621 3619 4721 3719 6814 7814
4339 3152 4439 3252 4259 5259
3508 3236 3608 3336 3973 4973
4098 2075 4198 2175 4332 5332
2246 3354 2346 3454 4800 5800
862 157 962 257 7371 8371
3151 1742 3251 1842 5265 6265
3839 3382 3939 3482 6880 7880
1479 603 1579 703 5052 6052
822 1820 922 1920 6751 7751
1952 2221 2052 2321 3898 4898
1852 2256 1952 2356 3779 4779
5062 3500 5162 3600 7615 8615
980 3692 1080 3792 7467 8467
1976 2874 2076 2974 5994 6994
2298 845 2398 945 4452 5452
3024 1028 3124 1128 6731 7731
5439 1948 5539 2048 6750 7750
3629 1735 3729 1835 6687 7687
3230 3729 3330 3829 4449 5449
2410 1542 2510 1642 3510 4510
3742 1616 3842 1716 4957 5957
2775 2269 2875 2369 5253 6253
2282 3020 2382 3120 5750 6750
992 1594 1092 1694 3931 4931
1631 3181 1731 3281 7573 8573
881 2622 981 2722 5110 6110
4873 3148 4973 3248 4138 5138
3307 1809 3407 1909 5045 6045
3521 3605 3621 3705 7345 8345
5127 889 5227 989 4106 5106
711 2586 811 2686 5361 6361
354 3890 454 3990 7231 8231
2375 234 2475 334 7369 8369
5133 248 5233 348 6736 7736
5131 1980 5231 2080 3815 4815
3786 440 3886 540 4425 5425
4800 2517 4900 2617 5693 6693
532 1140 632 1240 6359 7359
4496 3466 4596 3566 5156 6156
4926 859 5026 959 7286 8286
4881 1939 4981 2039 5558 6558
1024 2564 1124 2664 6278 7278
3606 928 3706 1028 4845 5845
3231 1972 3331 2072 3535 4535
770 2173 870 2273 3844 4844
180 970 280 1070 6853 7853
3378 3292 3478 3392 6385 7385
4876 3287 4976 3387 7640 8640
3113 2688 3213 2788 4395 5395
1321 2573 1421 2673 4320 5320
1910 582 2010 682 4606 5606
3433 2233 3533 2333 6838 7838
2925 588 3025 688 8130 9130
3774 1320 3874 1420 4965 5965
1231 3372 1331 3472 7443 8443
2668 2122 2768 2222 7279 8279
3780 1440 3880 1540 6213 7213
4804 1822 4904 1922 6833 7833
2200 3829 2300 3929 4224 5224
597 1858 697 1958 6002 7002
5674 701 5774 801 8132 9132
1473 1539 1573 1639 6015 7015
4465 1865 4565 1965 7153 8153
1461 1756 1561 1856 6006 7006
2783 212 2883 312 4118 5118
2633 1710 2733 1810 7397 8397
4797 2788 4897 2888 3717 4717
3700 3311 3800 3411 3812 4812
426 518 526 618 4079 5079
5214 3025 5314 3125 5178 6178
26 3889 126 3989 4434 5434
2331 1148 2431 1248 7675 8675
1118 2515 1218 2615 3503 4503
1099 1117 1199 1217 4749 5749
5506 1421 5606 1521 6810 7810
3626 453 3726 553 4261 5261
1935 429 2035 529 3534 4534
3257 3238 3357 3338 4695 5695
2092 464 2192 564 7244 8244
1002 2596 1102 2696 4489 5489
1860 3002 1960 3102 5095 6095
835 1014 935 1114 4403 5403
1361 1363 1461 1463 7005 8005
622 3387 722 3487 4049 5049
3497 449 3597 549 4845 5845
4923 1227 5023 1327 5748 6748
2382 2536 2482 2636 4771 5771
205 3164 305 3264 7704 8704
3198 1032 3298 1132 3701 4701
3184 2623 3284 2723 3849 4849
5395 1836 5495 1936 7137 8137
5683 2026 5783 2126 4712 5712
5521 2078 5621 2178 5114 6114
4185 1206 4285 1306 6230 7230
2584 3819 2684 3919 5926 6926
4607 3576 4707 3676 4948 5948
854 2186 954 2286 4376 5376
2415 3685 2515 3785 7504 8504
2061 2335 2161 2435 5929 6929
773 3803 873 3903 8077 9077
3211 660 3311 760 8037 9037
4214 695 4314 795 6874 7874
372 2405 472 2505 7764 8764
5393 503 5493 603 4249 5249
3152 2503 3252 2603 6120 7120
4343 777 4443 877 4328 5328
2218 2174 2318 2274 5661 6661
4451 3223 4551 3323 4386 5386
3372 608 3472 708 4776 5776
519 2596 619 2696 4807 5807
4294 1328 4394 1428 6726 7726
3970 3707 4070 3807 6360 7360
2041 293 2141 393 6562 7562
3951 250 4051 350 4378 5378
498 3065 598 3165 7074 8074
367 1385 467 1485 3640 4640
3295 2835 3395 2935 7811 8811
5368 901 5468 1001 4860 5860
2158 2490 2258 2590 7531 8531
2604 990 2704 1090 4795 5795
4701 115 4801 215 3722 4722
