77
0 2048 511 2559 5063 9063
2048 3584 2559 4095 3861 7861
512 0 1023 511 4238 8238
3072 1536 3583 2047 4459 8459
1024 1024 1535 1535 4619 8619
1536 1024 2047 1535 4983 8983
512 3072 1023 3583 4093 8093
1536 1536 2047 2047 4019 8019
1024 2048 1535 2559 4300 8300
2048 3072 2559 3583 4958 8958
3072 512 3583 1023 4610 8610
1536 3072 2047 3583 4294 8294
512 4096 1023 4607 5045 9045
0 1024 511 1535 3905 7905
3072 4608 3583 5119 5020 9020
2560 512 3071 1023 4642 8642
2560 2048 3071 2559 4263 8263
512 3584 1023 4095 3522 7522
1024 5120 1535 5631 3865 7865
1536 3584 2047 4095 3919 7919
0 2560 511 3071 4370 8370
512 5120 1023 5631 3516 7516
2560 1024 3071 1535 4144 8144
512 512 1023 1023 4497 8497
512 1536 1023 2047 3717 7717
1536 4608 2047 5119 4172 8172
1024 2560 1535 3071 3627 7627
2560 3584 3071 4095 4901 8901
2560 4096 3071 4607 4050 8050
2560 1536 3071 2047 4180 8180
1024 4096 1535 4607 5139 9139
1536 2560 2047 3071 3974 7974
512 1024 1023 1535 3879 7879
3072 1024 3583 1535 3446 7446
0 1536 511 2047 5062 9062
2048 5120 2559 5631 4336 8336
3072 2560 3583 3071 5059 9059
2560 4608 3071 5119 4993 8993
0 4608 511 5119 4193 8193
1024 0 1535 511 3428 7428
3072 0 3583 511 4812 8812
1024 512 1535 1023 3663 7663
512 4608 1023 5119 3560 7560
1536 512 2047 1023 4717 8717
0 512 511 1023 3406 7406
3072 4096 3583 4607 4419 8419
3072 3584 3583 4095 3428 7428
0 0 511 511 4299 8299
2048 1024 2559 1535 4570 8570
1536 4096 2047 4607 3923 7923
2560 5120 3071 5631 4056 8056
1024 3072 1535 3583 4778 8778
2048 4096 2559 4607 5046 9046
1536 5120 2047 5631 4038 8038
512 2560 1023 3071 5114 9114
2560 2560 3071 3071 4601 8601
2048 2560 2559 3071 4839 8839
0 3584 511 4095 4579 8579
2048 0 2559 511 3571 7571
3072 3072 3583 3583 3750 7750
1024 3584 1535 4095 4597 8597
2560 3072 3071 3583 3570 7570
0 3072 511 3583 3562 7562
2048 512 2559 1023 5106 9106
2048 4608 2559 5119 4624 8624
3072 5120 3583 5631 3484 7484
0 4096 511 4607 3511 7511
1536 0 2047 511 4543 8543
1536 2048 2047 2559 4315 8315
512 2048 1023 2559 4334 8334
1024 1536 1535 2047 4600 8600
2560 0 3071 511 3987 7987
3072 2048 3583 2559 4626 8626
1024 4608 1535 5119 4790 8790
0 5120 511 5631 4543 8543
2048 1536 2559 2047 4662 8662
2048 2048 2559 2559 5047 9047
