1000
1025 683 1225 883 6949 7949
152 3380 352 3580 7408 8408
4209 1202 4409 1402 7535 8535
3777 3233 3977 3433 3600 4600
191 3576 391 3776 4748 5748
2398 3192 2598 3392 4839 5839
2600 1404 2800 1604 7828 8828
1857 2496 2057 2696 7182 8182
2474 141 2674 341 5460 6460
3362 804 3562 1004 4420 5420
5536 518 5736 718 5780 6780
4331 3344 4531 3544 6454 7454
548 1962 748 2162 7887 8887
3373 323 3573 523 8008 9008
5158 1282 5358 1482 4799 5799
4699 2561 4899 2761 5806 6806
2363 1779 2563 1979 3782 4782
4675 886 4875 1086 6332 7332
482 867 682 1067 5324 6324
5069 384 5269 584 4015 5015
551 188 751 388 7581 8581
2063 320 2263 520 4704 5704
193 3192 393 3392 5166 6166
4016 1625 4216 1825 5204 6204
50 2907 250 3107 3753 4753
2663 246 2863 446 5851 6851
1994 3343 2194 3543 5273 6273
5044 2509 5244 2709 3508 4508
3292 3230 3492 3430 4716 5716
1497 1310 1697 1510 7373 8373
2758 3785 2958 3985 7062 8062
2305 3736 2505 3936 4413 5413
292 741 492 941 5284 6284
928 1336 1128 1536 4301 5301
2273 1152 2473 1352 3514 4514
4442 3026 4642 3226 6121 7121
4192 1017 4392 1217 4053 5053
4047 1862 4247 2062 3587 4587
299 1985 499 2185 5586 6586
912 3797 1112 3997 4423 5423
3530 3563 3730 3763 7737 8737
2409 270 2609 470 6577 7577
1878 1854 2078 2054 5849 6849
2335 3416 2535 3616 5300 6300
1510 2268 1710 2468 4797 5797
4563 3495 4763 3695 7591 8591
4758 2054 4958 2254 4756 5756
4611 2788 4811 2988 8064 9064
2928 2780 3128 2980 7989 8989
193 2899 393 3099 6485 7485
1474 3529 1674 3729 7144 8144
1529 317 1729 517 5334 6334
2423 1924 2623 2124 5335 6335
4348 3202 4548 3402 5994 6994
5527 3506 5727 3706 4376 5376
446 2680 646 2880 4505 5505
2974 232 3174 432 7039 8039
3746 3306 3946 3506 7984 8984
2166 3008 2366 3208 5657 6657
1526 299 1726 499 6866 7866
3247 290 3447 490 7201 8201
4447 2966 4647 3166 4459 5459
1714 2190 1914 2390 4451 5451
982 2505 1182 2705 6143 7143
3102 3716 3302 3916 5695 6695
4708 2437 4908 2637 5073 6073
4449 162 4649 362 4079 5079
953 1710 1153 1910 6343 7343
3831 602 4031 802 8006 9006
2102 354 2302 554 6515 7515
2167 3232 2367 3432 7690 8690
1914 2929 2114 3129 5234 6234
3830 1244 4030 1444 3479 4479
3923 1564 4123 1764 5598 6598
4680 3504 4880 3704 3982 4982
1896 198 2096 398 4826 5826
56 2006 256 2206 7582 8582
3920 1109 4120 1309 5918 6918
1098 2565 1298 2765 6348 7348
85 815 285 1015 3952 4952
1074 1027 1274 1227 6613 7613
5462 2190 5662 2390 7440 8440
3421 821 3621 1021 4753 5753
3015 2645 3215 2845 4158 5158
2951 993 3151 1193 3511 4511
3039 901 3239 1101 3816 4816
3651 1248 3851 1448 6207 7207
2118 2267 2318 2467 3688 4688
2188 454 2388 654 5641 6641
232 1086 432 1286 7763 8763
3495 3725 3695 3925 4704 5704
3941 1798 4141 1998 6191 7191
377 1333 577 1533 4468 5468
6 3781 206 3981 3565 4565
3887 983 4087 1183 5125 6125
3764 1249 3964 1449 4884 5884
4270 3214 4470 3414 4544 5544
4212 1708 4412 1908 6635 7635
4469 1504 4669 1704 6411 7411
3306 3204 3506 3404 5561 6561
2750 2621 2950 2821 7229 8229
4892 3727 5092 3927 8016 9016
440 3380 640 3580 5018 6018
4355 3616 4555 3816 6752 7752
3637 2939 3837 3139 5909 6909
3041 311 3241 511 4919 5919
4313 3534 4513 3734 5239 6239
1943 941 2143 1141 6311 7311
5264 1242 5464 1442 4787 5787
4094 932 4294 1132 3643 4643
4234 826 4434 1026 6410 7410
1041 3482 1241 3682 7486 8486
5543 1218 5743 1418 6171 7171
4314 2459 4514 2659 6795 7795
216 2247 416 2447 7198 8198
1841 3106 2041 3306 4571 5571
872 3668 1072 3868 7076 8076
958 1380 1158 1580 3938 4938
4219 41 4419 241 7959 8959
1409 104 1609 304 4155 5155
4041 1917 4241 2117 3508 4508
4330 2342 4530 2542 4403 5403
574 170 774 370 4891 5891
4358 2804 4558 3004 6069 7069
4329 353 4529 553 7005 8005
4451 1402 4651 1602 4684 5684
2695 2661 2895 2861 7210 8210
3332 1273 3532 1473 6217 7217
4781 3485 4981 3685 4971 5971
381 192 581 392 7205 8205
4568 2200 4768 2400 6699 7699
3245 2996 3445 3196 8005 9005
1152 1767 1352 1967 5536 6536
4523 1894 4723 2094 3455 4455
561 3192 761 3392 6270 7270
4263 2529 4463 2729 5854 6854
1746 3279 1946 3479 5577 6577
2888 2112 3088 2312 7306 8306
3916 3033 4116 3233 6266 7266
4453 3481 4653 3681 5694 6694
2876 2859 3076 3059 5861 6861
3419 1252 3619 1452 5039 6039
1407 2144 1607 2344 6216 7216
2382 681 2582 881 7424 8424
4867 1592 5067 1792 5496 6496
3511 2585 3711 2785 6082 7082
5 3704 205 3904 7432 8432
862 1808 1062 2008 3715 4715
1322 2077 1522 2277 6857 7857
41 3023 241 3223 7138 8138
3917 1739 4117 1939 5342 6342
5632 883 5832 1083 5249 6249
3953 3588 4153 3788 6070 7070
4942 891 5142 1091 3428 4428
1599 3199 1799 3399 4791 5791
4047 3263 4247 3463 7203 8203
5227 1745 5427 1945 7904 8904
2268 1308 2468 1508 5962 6962
4145 955 4345 1155 4225 5225
4281 2639 4481 2839 4293 5293
3058 3545 3258 3745 5230 6230
4967 541 5167 741 6289 7289
1897 3485 2097 3685 6642 7642
641 2742 841 2942 6200 7200
81 206 281 406 6175 7175
703 602 903 802 6517 7517
1128 387 1328 587 6763 7763
3102 1309 3302 1509 4350 5350
3646 3212 3846 3412 6160 7160
1186 786 1386 986 4425 5425
24 2054 224 2254 6237 7237
3036 3065 3236 3265 7495 8495
2285 1269 2485 1469 3973 4973
4817 2613 5017 2813 6233 7233
1658 3236 1858 3436 7663 8663
3240 3201 3440 3401 6747 7747
1867 2823 2067 3023 6889 7889
3035 3537 3235 3737 5561 6561
1889 3349 2089 3549 4928 5928
5391 2067 5591 2267 5529 6529
2302 1183 2502 1383 4541 5541
2028 1697 2228 1897 5755 6755
4635 2962 4835 3162 6282 7282
2644 225 2844 425 4052 5052
919 447 1119 647 7532 8532
1137 3028 1337 3228 6783 7783
1628 2890 1828 3090 4512 5512
1826 1777 2026 1977 5250 6250
4152 999 4352 1199 6821 7821
1240 3042 1440 3242 4183 5183
3166 672 3366 872 5975 6975
1554 3507 1754 3707 6339 7339
1218 3747 1418 3947 7067 8067
4209 1075 4409 1275 7787 8787
5299 2034 5499 2234 5434 6434
4646 761 4846 961 4633 5633
2876 3188 3076 3388 4887 5887
1193 571 1393 771 3694 4694
2625 3351 2825 3551 3854 4854
5099 3337 5299 3537 4513 5513
4086 1317 4286 1517 7421 8421
5401 2406 5601 2606 4085 5085
572 2067 772 2267 7039 8039
3166 3102 3366 3302 7349 8349
1076 2051 1276 2251 7877 8877
1527 621 1727 821 7020 8020
2042 2805 2242 3005 3384 4384
4487 763 4687 963 5256 6256
541 3363 741 3563 4162 5162
3299 1812 3499 2012 4607 5607
1304 448 1504 648 5802 6802
2349 1985 2549 2185 4147 5147
2821 517 3021 717 5669 6669
1713 539 1913 739 6689 7689
1519 2276 1719 2476 7889 8889
3157 842 3357 1042 4586 5586
2200 59 2400 259 7908 8908
124 3556 324 3756 6512 7512
4398 3237 4598 3437 7045 8045
2325 1634 2525 1834 5241 6241
712 3320 912 3520 4860 5860
2649 3634 2849 3834 7381 8381
3973 1545 4173 1745 6233 7233
338 2331 538 2531 5112 6112
1517 3265 1717 3465 3667 4667
1301 2581 1501 2781 7602 8602
4488 301 4688 501 3872 4872
2595 3414 2795 3614 3533 4533
2457 1089 2657 1289 3959 4959
982 478 1182 678 7454 8454
3193 2647 3393 2847 5624 6624
1971 1313 2171 1513 7287 8287
2489 2681 2689 2881 7261 8261
5396 2749 5596 2949 4447 5447
2423 2349 2623 2549 4643 5643
288 3531 488 3731 7587 8587
518 847 718 1047 4442 5442
5004 903 5204 1103 3632 4632
1462 661 1662 861 5221 6221
1488 2745 1688 2945 4106 5106
2891 3636 3091 3836 7418 8418
1183 3042 1383 3242 3975 4975
4430 2950 4630 3150 7040 8040
4020 3137 4220 3337 6425 7425
1742 2612 1942 2812 7268 8268
4680 1381 4880 1581 7499 8499
4633 286 4833 486 7206 8206
3801 919 4001 1119 7283 8283
2157 3033 2357 3233 4977 5977
4174 3796 4374 3996 6908 7908
820 1041 1020 1241 5410 6410
4089 1889 4289 2089 3792 4792
5198 1634 5398 1834 4937 5937
2554 1820 2754 2020 8066 9066
2136 2510 2336 2710 4255 5255
5311 896 5511 1096 5159 6159
2173 1831 2373 2031 3650 4650
2775 1074 2975 1274 3872 4872
4148 510 4348 710 5986 6986
3032 489 3232 689 7632 8632
408 3759 608 3959 8126 9126
5035 826 5235 1026 6771 7771
1885 604 2085 804 4537 5537
4883 443 5083 643 3492 4492
2272 2353 2472 2553 3585 4585
2118 3352 2318 3552 7216 8216
4783 2431 4983 2631 4988 5988
5146 2708 5346 2908 3867 4867
2418 2815 2618 3015 4808 5808
3703 1145 3903 1345 6021 7021
4847 1974 5047 2174 7112 8112
3024 1336 3224 1536 4413 5413
5059 2274 5259 2474 8065 9065
3948 1666 4148 1866 7431 8431
3788 2649 3988 2849 7386 8386
679 234 879 434 4110 5110
4716 1134 4916 1334 3554 4554
3761 3364 3961 3564 7730 8730
1540 1774 1740 1974 8066 9066
133 3197 333 3397 7989 8989
3790 1558 3990 1758 7393 8393
1822 1699 2022 1899 4244 5244
4035 3241 4235 3441 6678 7678
4269 2484 4469 2684 3777 4777
5002 2781 5202 2981 3878 4878
2730 571 2930 771 6045 7045
2763 550 2963 750 4348 5348
1481 2281 1681 2481 7479 8479
1737 3036 1937 3236 6401 7401
2037 1056 2237 1256 3728 4728
5337 631 5537 831 7364 8364
764 3252 964 3452 5936 6936
4483 610 4683 810 3538 4538
1531 174 1731 374 4285 5285
2358 854 2558 1054 7171 8171
3518 2735 3718 2935 3998 4998
1412 3098 1612 3298 4076 5076
825 574 1025 774 5380 6380
1261 140 1461 340 4330 5330
4987 2342 5187 2542 5312 6312
4500 3785 4700 3985 8028 9028
4571 3383 4771 3583 6681 7681
2659 3263 2859 3463 7777 8777
3673 2637 3873 2837 7599 8599
354 2433 554 2633 5437 6437
2055 2238 2255 2438 4179 5179
3816 3079 4016 3279 7514 8514
4635 2288 4835 2488 6779 7779
2709 3230 2909 3430 4514 5514
5143 77 5343 277 7235 8235
788 1358 988 1558 7074 8074
4640 2560 4840 2760 8054 9054
1524 3112 1724 3312 8099 9099
1191 2455 1391 2655 5748 6748
2194 1542 2394 1742 5049 6049
3818 146 4018 346 4690 5690
3153 1107 3353 1307 4395 5395
2962 1175 3162 1375 6964 7964
4573 361 4773 561 4019 5019
4160 962 4360 1162 6307 7307
3758 233 3958 433 6468 7468
2913 336 3113 536 5547 6547
2389 723 2589 923 6109 7109
1028 3535 1228 3735 5374 6374
362 1344 562 1544 4255 5255
2596 1868 2796 2068 3606 4606
42 2509 242 2709 4053 5053
5168 1827 5368 2027 8123 9123
1950 396 2150 596 3518 4518
2857 625 3057 825 7325 8325
1516 2586 1716 2786 7178 8178
2429 1725 2629 1925 5913 6913
4600 3693 4800 3893 5713 6713
4897 1883 5097 2083 6217 7217
1276 462 1476 662 6882 7882
5448 333 5648 533 6828 7828
2470 2995 2670 3195 6862 7862
1647 1656 1847 1856 6358 7358
2049 874 2249 1074 3957 4957
744 3139 944 3339 6264 7264
2647 3196 2847 3396 3964 4964
3057 3196 3257 3396 4402 5402
745 367 945 567 7493 8493
3029 3152 3229 3352 5479 6479
5307 2605 5507 2805 4378 5378
4131 1799 4331 1999 5869 6869
3320 880 3520 1080 6502 7502
310 216 510 416 7301 8301
3629 1721 3829 1921 5965 6965
927 1216 1127 1416 7910 8910
2005 3464 2205 3664 4714 5714
4905 1096 5105 1296 7885 8885
1181 1312 1381 1512 5294 6294
4582 1772 4782 1972 8089 9089
4854 2212 5054 2412 5093 6093
2131 967 2331 1167 3782 4782
4802 644 5002 844 4389 5389
1552 744 1752 944 4650 5650
3037 1562 3237 1762 4546 5546
5567 2757 5767 2957 7868 8868
793 3421 993 3621 7209 8209
1285 71 1485 271 3430 4430
3908 2034 4108 2234 5661 6661
1904 3130 2104 3330 6708 7708
19 2974 219 3174 6469 7469
5321 2026 5521 2226 5506 6506
542 2152 742 2352 7278 8278
5076 275 5276 475 7557 8557
3647 1853 3847 2053 7511 8511
3944 158 4144 358 6599 7599
918 3661 1118 3861 7713 8713
3010 1885 3210 2085 4856 5856
1767 298 1967 498 5651 6651
3650 2327 3850 2527 6502 7502
408 1993 608 2193 4748 5748
2761 3432 2961 3632 7987 8987
3633 842 3833 1042 4410 5410
703 2704 903 2904 4864 5864
5413 895 5613 1095 4436 5436
4468 3207 4668 3407 5720 6720
4437 3255 4637 3455 6665 7665
1608 701 1808 901 4539 5539
735 1236 935 1436 6804 7804
2999 3110 3199 3310 4719 5719
1701 492 1901 692 5950 6950
1694 189 1894 389 6322 7322
5035 106 5235 306 4427 5427
5244 149 5444 349 4924 5924
3797 1061 3997 1261 6144 7144
3731 604 3931 804 4495 5495
4896 3066 5096 3266 8114 9114
2444 1996 2644 2196 7661 8661
3150 1268 3350 1468 5016 6016
5356 644 5556 844 6110 7110
5175 3256 5375 3456 4744 5744
2702 2206 2902 2406 5837 6837
3181 2581 3381 2781 3806 4806
1362 1203 1562 1403 7329 8329
2321 1407 2521 1607 8105 9105
4065 2778 4265 2978 5506 6506
4821 140 5021 340 4581 5581
5506 218 5706 418 6724 7724
3415 1095 3615 1295 3882 4882
315 1538 515 1738 4926 5926
5496 3137 5696 3337 3449 4449
2369 1813 2569 2013 7417 8417
4977 3269 5177 3469 4193 5193
5518 745 5718 945 7302 8302
4772 1538 4972 1738 7571 8571
2359 3483 2559 3683 6065 7065
2823 1445 3023 1645 5134 6134
4960 3219 5160 3419 6945 7945
4509 1167 4709 1367 6075 7075
2283 1856 2483 2056 4831 5831
1128 1533 1328 1733 4561 5561
2821 3754 3021 3954 7845 8845
3417 2636 3617 2836 8096 9096
2157 3618 2357 3818 3422 4422
4362 1517 4562 1717 6735 7735
2471 456 2671 656 6502 7502
141 2570 341 2770 7488 8488
2343 1792 2543 1992 7847 8847
164 1649 364 1849 4152 5152
2243 2671 2443 2871 7587 8587
2730 170 2930 370 3636 4636
1085 2735 1285 2935 5032 6032
5573 1168 5773 1368 3575 4575
2530 1113 2730 1313 4470 5470
4370 711 4570 911 6906 7906
2210 2161 2410 2361 7900 8900
115 2910 315 3110 7766 8766
2754 828 2954 1028 3639 4639
4428 1465 4628 1665 5462 6462
2834 584 3034 784 5335 6335
3854 2786 4054 2986 3688 4688
1777 3605 1977 3805 7187 8187
4614 1053 4814 1253 3752 4752
267 3732 467 3932 7385 8385
5460 984 5660 1184 7710 8710
2477 1209 2677 1409 5979 6979
4883 2560 5083 2760 4887 5887
4219 2679 4419 2879 4375 5375
5369 247 5569 447 6892 7892
1560 232 1760 432 5602 6602
565 688 765 888 4915 5915
3588 2410 3788 2610 6714 7714
2091 2289 2291 2489 7063 8063
5210 3753 5410 3953 4791 5791
3666 2818 3866 3018 4720 5720
1823 3271 2023 3471 3623 4623
2151 1028 2351 1228 7146 8146
4715 190 4915 390 6227 7227
653 3288 853 3488 4215 5215
1259 3630 1459 3830 4838 5838
3134 2358 3334 2558 6418 7418
3292 2703 3492 2903 7399 8399
2818 2068 3018 2268 6494 7494
1644 883 1844 1083 5728 6728
2149 2531 2349 2731 6200 7200
3062 912 3262 1112 6676 7676
953 2728 1153 2928 6916 7916
1425 2548 1625 2748 5419 6419
1669 2733 1869 2933 7222 8222
320 946 520 1146 4878 5878
135 3104 335 3304 6942 7942
5046 590 5246 790 6013 7013
5394 2341 5594 2541 4087 5087
230 3339 430 3539 5187 6187
873 3517 1073 3717 6739 7739
1655 1587 1855 1787 7185 8185
4899 2561 5099 2761 4365 5365
4284 1397 4484 1597 6385 7385
3951 34 4151 234 7659 8659
3554 991 3754 1191 7634 8634
4652 3761 4852 3961 4899 5899
2170 2960 2370 3160 4640 5640
5185 3268 5385 3468 7252 8252
4506 2435 4706 2635 6889 7889
5344 413 5544 613 4972 5972
7 1550 207 1750 6491 7491
1600 3785 1800 3985 5108 6108
992 2076 1192 2276 3473 4473
2823 1945 3023 2145 7389 8389
2104 1347 2304 1547 3393 4393
5585 3174 5785 3374 4313 5313
5116 651 5316 851 7299 8299
3991 1813 4191 2013 5021 6021
4950 1126 5150 1326 4244 5244
3922 2537 4122 2737 7327 8327
2980 3243 3180 3443 5739 6739
5263 1888 5463 2088 6428 7428
137 2729 337 2929 3401 4401
462 2984 662 3184 5298 6298
2190 846 2390 1046 4610 5610
5566 1061 5766 1261 6487 7487
5160 1401 5360 1601 4962 5962
225 1718 425 1918 4498 5498
1873 552 2073 752 7632 8632
4540 1241 4740 1441 3694 4694
3459 2764 3659 2964 5591 6591
285 2906 485 3106 6472 7472
5558 428 5758 628 5509 6509
999 3590 1199 3790 6410 7410
1765 1762 1965 1962 5054 6054
5617 530 5817 730 6397 7397
436 591 636 791 5378 6378
5087 1898 5287 2098 5087 6087
2267 2386 2467 2586 3511 4511
1896 2221 2096 2421 5294 6294
3828 3347 4028 3547 4320 5320
2279 1982 2479 2182 7352 8352
4490 3442 4690 3642 4768 5768
172 3734 372 3934 5081 6081
3353 3270 3553 3470 5719 6719
4780 1129 4980 1329 3757 4757
4473 483 4673 683 4905 5905
1755 3516 1955 3716 5374 6374
618 636 818 836 3867 4867
295 573 495 773 4205 5205
4633 3594 4833 3794 4448 5448
5405 1538 5605 1738 5143 6143
2083 1627 2283 1827 6399 7399
443 2788 643 2988 7120 8120
1025 404 1225 604 7411 8411
149 2184 349 2384 7384 8384
3458 1587 3658 1787 6514 7514
4754 2284 4954 2484 3444 4444
4264 1455 4464 1655 7711 8711
3707 389 3907 589 7448 8448
1984 3391 2184 3591 6622 7622
2476 1822 2676 2022 5631 6631
5394 1649 5594 1849 6449 7449
5013 1769 5213 1969 4625 5625
2333 3503 2533 3703 5019 6019
4684 1011 4884 1211 6366 7366
762 155 962 355 6923 7923
2284 788 2484 988 3928 4928
2904 1745 3104 1945 7509 8509
4965 872 5165 1072 6446 7446
4723 391 4923 591 7431 8431
213 1379 413 1579 5519 6519
4921 485 5121 685 7638 8638
848 413 1048 613 7469 8469
4863 1096 5063 1296 3774 4774
3470 2003 3670 2203 7314 8314
1299 463 1499 663 5293 6293
2973 2291 3173 2491 4710 5710
4380 1131 4580 1331 7567 8567
649 3691 849 3891 6644 7644
3206 2202 3406 2402 5723 6723
5401 260 5601 460 4756 5756
1434 3203 1634 3403 3693 4693
4518 1255 4718 1455 4436 5436
3890 267 4090 467 4144 5144
500 2913 700 3113 7551 8551
62 1504 262 1704 7311 8311
468 2959 668 3159 6569 7569
680 1962 880 2162 7217 8217
5038 1497 5238 1697 4059 5059
250 1955 450 2155 7761 8761
5300 2926 5500 3126 6140 7140
24 1692 224 1892 4405 5405
1022 2172 1222 2372 7455 8455
2025 1596 2225 1796 4059 5059
5442 404 5642 604 7223 8223
4524 2671 4724 2871 3816 4816
184 2481 384 2681 3980 4980
195 622 395 822 5325 6325
1821 2640 2021 2840 4271 5271
4310 1806 4510 2006 6841 7841
1104 41 1304 241 6432 7432
3545 257 3745 457 7011 8011
5350 2937 5550 3137 6257 7257
1649 2425 1849 2625 7139 8139
2946 3616 3146 3816 5293 6293
1355 2444 1555 2644 6483 7483
3738 903 3938 1103 7861 8861
1864 2816 2064 3016 5999 6999
5526 3242 5726 3442 5785 6785
4244 542 4444 742 6852 7852
995 3780 1195 3980 5655 6655
1180 1813 1380 2013 4706 5706
669 115 869 315 5022 6022
3752 733 3952 933 5847 6847
3112 873 3312 1073 7953 8953
4892 2708 5092 2908 7803 8803
3437 140 3637 340 6391 7391
4779 2201 4979 2401 8040 9040
3881 979 4081 1179 5933 6933
217 1774 417 1974 5527 6527
5167 2001 5367 2201 6442 7442
1468 3056 1668 3256 3731 4731
349 559 549 759 7966 8966
2834 485 3034 685 7799 8799
5155 3691 5355 3891 3916 4916
1549 3717 1749 3917 6761 7761
1952 227 2152 427 7241 8241
1059 1773 1259 1973 5966 6966
4708 637 4908 837 6710 7710
3209 3259 3409 3459 5604 6604
1025 2314 1225 2514 7941 8941
4749 2435 4949 2635 4294 5294
927 2348 1127 2548 6022 7022
627 452 827 652 7167 8167
5346 1440 5546 1640 4906 5906
1182 2859 1382 3059 7753 8753
546 3352 746 3552 4513 5513
1686 1553 1886 1753 8086 9086
598 1808 798 2008 7922 8922
2884 3559 3084 3759 7128 8128
1431 2808 1631 3008 4416 5416
2875 3335 3075 3535 7967 8967
2678 882 2878 1082 7324 8324
1511 1637 1711 1837 7087 8087
2974 3323 3174 3523 4962 5962
4689 1481 4889 1681 7352 8352
116 351 316 551 6205 7205
3974 1604 4174 1804 6360 7360
4042 2109 4242 2309 7719 8719
4278 2107 4478 2307 8075 9075
4747 1840 4947 2040 3688 4688
4977 2572 5177 2772 7167 8167
717 2027 917 2227 7513 8513
3676 24 3876 224 5247 6247
5330 851 5530 1051 4102 5102
5118 2128 5318 2328 7139 8139
4664 2239 4864 2439 4568 5568
51 2944 251 3144 6851 7851
3774 1476 3974 1676 5916 6916
3464 742 3664 942 8052 9052
2408 201 2608 401 7774 8774
1401 2958 1601 3158 3756 4756
5270 45 5470 245 4640 5640
3583 3684 3783 3884 7180 8180
2533 2183 2733 2383 5634 6634
1825 3055 2025 3255 6308 7308
2565 3088 2765 3288 4045 5045
5224 1834 5424 2034 3629 4629
206 2376 406 2576 7956 8956
4879 451 5079 651 4320 5320
5357 1150 5557 1350 7839 8839
2843 3480 3043 3680 5250 6250
365 903 565 1103 7740 8740
373 3435 573 3635 4955 5955
4379 3580 4579 3780 5381 6381
4150 2391 4350 2591 7661 8661
4300 2880 4500 3080 8058 9058
4793 68 4993 268 7587 8587
4115 2421 4315 2621 6288 7288
591 646 791 846 5562 6562
3987 2182 4187 2382 5344 6344
2204 1267 2404 1467 7774 8774
5632 2006 5832 2206 5288 6288
3858 2623 4058 2823 7492 8492
408 2405 608 2605 6724 7724
611 3734 811 3934 6663 7663
3944 3406 4144 3606 8129 9129
3714 1391 3914 1591 4602 5602
5537 2163 5737 2363 6153 7153
1981 1129 2181 1329 5789 6789
2000 1301 2200 1501 3422 4422
2436 2141 2636 2341 3455 4455
4615 2806 4815 3006 8095 9095
2601 1072 2801 1272 7945 8945
5466 2892 5666 3092 4993 5993
4461 578 4661 778 8094 9094
1563 2517 1763 2717 5876 6876
4750 1135 4950 1335 5605 6605
2325 1326 2525 1526 4590 5590
57 3198 257 3398 5595 6595
2903 3400 3103 3600 4802 5802
4860 813 5060 1013 5550 6550
3056 448 3256 648 4951 5951
3497 938 3697 1138 5551 6551
840 1917 1040 2117 7809 8809
5104 3164 5304 3364 6018 7018
3440 999 3640 1199 7416 8416
149 2103 349 2303 7847 8847
24 474 224 674 6063 7063
1464 2334 1664 2534 5675 6675
4983 2257 5183 2457 7054 8054
3362 155 3562 355 6277 7277
4295 3368 4495 3568 4105 5105
2132 1758 2332 1958 7918 8918
730 1751 930 1951 5709 6709
499 3482 699 3682 4473 5473
1972 3084 2172 3284 5681 6681
3454 1692 3654 1892 4553 5553
3018 699 3218 899 7784 8784
409 1528 609 1728 6796 7796
3324 3778 3524 3978 7651 8651
2483 409 2683 609 6758 7758
320 3436 520 3636 4896 5896
1300 1252 1500 1452 7915 8915
2533 3270 2733 3470 6776 7776
3542 2511 3742 2711 4230 5230
3297 1084 3497 1284 6819 7819
3211 1505 3411 1705 4564 5564
2392 2641 2592 2841 7416 8416
3013 2016 3213 2216 5928 6928
5209 2089 5409 2289 7094 8094
523 3199 723 3399 5755 6755
5099 1619 5299 1819 7732 8732
4994 1597 5194 1797 5068 6068
3706 1801 3906 2001 4712 5712
1922 348 2122 548 5207 6207
4746 1933 4946 2133 5557 6557
4338 1483 4538 1683 5734 6734
770 2633 970 2833 3624 4624
5349 525 5549 725 6687 7687
2616 556 2816 756 6563 7563
3119 3452 3319 3652 6935 7935
4655 3296 4855 3496 7763 8763
11 2719 211 2919 7959 8959
2675 416 2875 616 6175 7175
2097 2732 2297 2932 7697 8697
4341 2485 4541 2685 7733 8733
172 2021 372 2221 4950 5950
4252 3032 4452 3232 5994 6994
2600 2416 2800 2616 5740 6740
1266 962 1466 1162 5792 6792
3575 917 3775 1117 6357 7357
727 421 927 621 7179 8179
4173 2909 4373 3109 3887 4887
4007 1292 4207 1492 5795 6795
2610 3382 2810 3582 3822 4822
3601 1078 3801 1278 3596 4596
4560 4 4760 204 7439 8439
3057 2459 3257 2659 7005 8005
1484 3480 1684 3680 6341 7341
2779 2815 2979 3015 6875 7875
868 1021 1068 1221 5742 6742
1916 559 2116 759 4197 5197
5229 3048 5429 3248 4782 5782
4673 2483 4873 2683 8067 9067
3724 665 3924 865 5856 6856
4382 3276 4582 3476 6574 7574
110 2375 310 2575 7639 8639
735 978 935 1178 3697 4697
1311 1716 1511 1916 4540 5540
1622 576 1822 776 3946 4946
4131 2654 4331 2854 5800 6800
751 1530 951 1730 7077 8077
1704 1293 1904 1493 7400 8400
1206 68 1406 268 7282 8282
2010 594 2210 794 5885 6885
496 2542 696 2742 4587 5587
1005 2326 1205 2526 7751 8751
3710 1229 3910 1429 6291 7291
1352 751 1552 951 7598 8598
2250 2571 2450 2771 7451 8451
1953 2319 2153 2519 4198 5198
3960 2444 4160 2644 5592 6592
3281 1096 3481 1296 4084 5084
4089 2715 4289 2915 6779 7779
4674 3263 4874 3463 6564 7564
1930 1580 2130 1780 4584 5584
5174 2547 5374 2747 6962 7962
2045 96 2245 296 5278 6278
1165 487 1365 687 6810 7810
4019 2662 4219 2862 7938 8938
2103 2571 2303 2771 7396 8396
1926 498 2126 698 4609 5609
5253 62 5453 262 6992 7992
542 1251 742 1451 4598 5598
3596 2006 3796 2206 5765 6765
1217 2994 1417 3194 5262 6262
3427 2159 3627 2359 4471 5471
4619 1136 4819 1336 3584 4584
5454 905 5654 1105 5876 6876
1677 911 1877 1111 6620 7620
475 200 675 400 6392 7392
263 687 463 887 4673 5673
1868 103 2068 303 6295 7295
1201 1270 1401 1470 6443 7443
5110 2727 5310 2927 4260 5260
4322 2797 4522 2997 7029 8029
4976 1753 5176 1953 6427 7427
2284 390 2484 590 3888 4888
32 3000 232 3200 5974 6974
5214 462 5414 662 3731 4731
3004 3689 3204 3889 4882 5882
1074 587 1274 787 7306 8306
3308 3474 3508 3674 3686 4686
1706 2041 1906 2241 4274 5274
356 536 556 736 7709 8709
3782 2222 3982 2422 4697 5697
2556 2607 2756 2807 7811 8811
1927 439 2127 639 4514 5514
3866 1144 4066 1344 5124 6124
3745 2941 3945 3141 3544 4544
5583 890 5783 1090 4339 5339
201 3632 401 3832 3819 4819
580 3326 780 3526 7991 8991
842 1564 1042 1764 5041 6041
1379 336 1579 536 6861 7861
222 2442 422 2642 7003 8003
4153 3273 4353 3473 5536 6536
5317 3457 5517 3657 3560 4560
2693 1862 2893 2062 4931 5931
1658 2453 1858 2653 7385 8385
3813 3081 4013 3281 6453 7453
4070 3205 4270 3405 5158 6158
2539 1244 2739 1444 4802 5802
1089 3372 1289 3572 7181 8181
845 247 1045 447 5830 6830
1353 2939 1553 3139 3459 4459
1218 3632 1418 3832 3727 4727
5341 1019 5541 1219 4921 5921
4799 821 4999 1021 6432 7432
5115 1499 5315 1699 4272 5272
297 1984 497 2184 5391 6391
4554 1426 4754 1626 5405 6405
1963 2682 2163 2882 6428 7428
1473 885 1673 1085 7647 8647
4790 347 4990 547 5198 6198
989 3134 1189 3334 5240 6240
4905 3129 5105 3329 7277 8277
2249 1407 2449 1607 6905 7905
588 1469 788 1669 5268 6268
3637 2191 3837 2391 5940 6940
4011 1181 4211 1381 4325 5325
1502 860 1702 1060 4340 5340
1875 322 2075 522 7126 8126
145 1360 345 1560 4125 5125
2569 3270 2769 3470 5416 6416
4960 316 5160 516 4953 5953
1824 272 2024 472 3420 4420
2955 1080 3155 1280 7750 8750
2390 1657 2590 1857 6774 7774
2820 64 3020 264 7515 8515
112 286 312 486 7398 8398
3719 71 3919 271 4736 5736
788 3417 988 3617 7907 8907
5065 3174 5265 3374 5855 6855
716 1237 916 1437 5338 6338
5584 2393 5784 2593 7689 8689
3873 2771 4073 2971 7100 8100
2518 2942 2718 3142 6876 7876
1143 1654 1343 1854 5618 6618
4472 1259 4672 1459 5262 6262
772 1726 972 1926 4886 5886
1472 2030 1672 2230 6512 7512
5484 536 5684 736 4457 5457
3490 717 3690 917 6547 7547
2528 398 2728 598 4573 5573
1825 1457 2025 1657 5130 6130
2292 3226 2492 3426 7141 8141
3119 495 3319 695 4972 5972
838 2271 1038 2471 3980 4980
1677 2423 1877 2623 4935 5935
3556 3142 3756 3342 3817 4817
4771 1068 4971 1268 3400 4400
1257 3133 1457 3333 4655 5655
456 1318 656 1518 3619 4619
2436 3054 2636 3254 5815 6815
4125 1740 4325 1940 5573 6573
4691 1493 4891 1693 6295 7295
469 314 669 514 5082 6082
5543 1555 5743 1755 4493 5493
5458 2333 5658 2533 3856 4856
2881 2713 3081 2913 3672 4672
3641 2980 3841 3180 5022 6022
100 935 300 1135 3375 4375
4176 1527 4376 1727 5088 6088
4164 2598 4364 2798 6055 7055
627 846 827 1046 7117 8117
4791 194 4991 394 6001 7001
3606 353 3806 553 5311 6311
5081 1256 5281 1456 3783 4783
4717 3025 4917 3225 3663 4663
1345 3119 1545 3319 3896 4896
1304 994 1504 1194 4175 5175
423 213 623 413 6515 7515
4188 2841 4388 3041 5412 6412
4653 2734 4853 2934 4044 5044
4424 1082 4624 1282 5432 6432
5250 81 5450 281 6568 7568
3781 2219 3981 2419 6453 7453
3062 2658 3262 2858 6687 7687
4007 2931 4207 3131 3806 4806
2499 129 2699 329 5270 6270
2019 1196 2219 1396 3808 4808
1773 2660 1973 2860 6040 7040
2942 2321 3142 2521 3711 4711
266 1497 466 1697 6607 7607
1898 2505 2098 2705 4688 5688
452 3283 652 3483 4923 5923
773 3054 973 3254 4342 5342
3178 2134 3378 2334 7603 8603
1927 3608 2127 3808 5164 6164
2328 3739 2528 3939 5227 6227
1771 2970 1971 3170 6966 7966
3671 2011 3871 2211 5444 6444
2563 266 2763 466 7254 8254
2472 56 2672 256 6397 7397
1996 916 2196 1116 7378 8378
1610 2214 1810 2414 7354 8354
541 3354 741 3554 4880 5880
2319 148 2519 348 4845 5845
591 2985 791 3185 4712 5712
226 1957 426 2157 4774 5774
2266 183 2466 383 7377 8377
2525 3249 2725 3449 6735 7735
1351 2237 1551 2437 4865 5865
2856 3788 3056 3988 3808 4808
335 765 535 965 4238 5238
3779 3383 3979 3583 5268 6268
1513 1853 1713 2053 5327 6327
2885 662 3085 862 4548 5548
5316 200 5516 400 4427 5427
1455 1126 1655 1326 4272 5272
5159 3571 5359 3771 5984 6984
1448 2660 1648 2860 7051 8051
3453 1053 3653 1253 7194 8194
2607 2602 2807 2802 4933 5933
4892 1203 5092 1403 5325 6325
850 3161 1050 3361 6739 7739
2214 3418 2414 3618 5959 6959
4117 1968 4317 2168 3955 4955
4096 204 4296 404 6780 7780
3926 205 4126 405 3742 4742
371 3438 571 3638 4414 5414
767 3003 967 3203 4673 5673
3145 909 3345 1109 3646 4646
4274 2756 4474 2956 3393 4393
1139 3268 1339 3468 6942 7942
1147 351 1347 551 7634 8634
421 760 621 960 5811 6811
4991 1778 5191 1978 3676 4676
254 1283 454 1483 6779 7779
3723 2260 3923 2460 7617 8617
4268 1336 4468 1536 3950 4950
4079 3285 4279 3485 3426 4426
115 2225 315 2425 7589 8589
4933 393 5133 593 4320 5320
4391 3107 4591 3307 6541 7541
4465 3530 4665 3730 4456 5456
3217 507 3417 707 4731 5731
2161 1960 2361 2160 3426 4426
4105 212 4305 412 7614 8614
3009 3 3209 203 4738 5738
480 1719 680 1919 3417 4417
1526 1331 1726 1531 5136 6136
1953 3769 2153 3969 5858 6858
5216 3277 5416 3477 7587 8587
2488 2456 2688 2656 4167 5167
4301 2511 4501 2711 5964 6964
301 530 501 730 7935 8935
3830 3734 4030 3934 3825 4825
2084 2688 2284 2888 6704 7704
4722 657 4922 857 7494 8494
4390 1649 4590 1849 3620 4620
1459 1499 1659 1699 5663 6663
2110 3210 2310 3410 5386 6386
3998 3153 4198 3353 4887 5887
5605 282 5805 482 4187 5187
2429 1666 2629 1866 6857 7857
1182 1586 1382 1786 4675 5675
2287 802 2487 1002 6671 7671
5017 2622 5217 2822 3611 4611
3985 727 4185 927 5495 6495
2764 2711 2964 2911 7031 8031
56 36 256 236 5849 6849
5505 3591 5705 3791 4953 5953
2152 397 2352 597 7434 8434
647 1511 847 1711 7652 8652
5306 3177 5506 3377 4702 5702
3518 585 3718 785 5566 6566
4143 3374 4343 3574 7528 8528
3625 571 3825 771 7003 8003
351 3052 551 3252 7107 8107
2973 3219 3173 3419 4439 5439
689 2052 889 2252 7455 8455
590 3153 790 3353 6561 7561
4478 418 4678 618 7888 8888
797 2458 997 2658 7239 8239
3015 1856 3215 2056 7927 8927
4378 1123 4578 1323 7080 8080
4959 791 5159 991 5189 6189
2873 3062 3073 3262 5656 6656
278 2283 478 2483 7045 8045
1746 644 1946 844 7584 8584
385 1323 585 1523 5700 6700
3372 489 3572 689 3687 4687
1382 2882 1582 3082 5380 6380
4054 1783 4254 1983 4578 5578
71 1276 271 1476 5046 6046
3068 757 3268 957 5501 6501
3020 1813 3220 2013 7942 8942
2064 1444 2264 1644 4309 5309
5291 2 5491 202 6202 7202
5330 486 5530 686 5080 6080
4793 2596 4993 2796 4604 5604
3887 1777 4087 1977 7252 8252
2249 2412 2449 2612 3940 4940
2031 1098 2231 1298 4628 5628
3958 3146 4158 3346 7701 8701
1976 332 2176 532 4954 5954
5018 104 5218 304 5170 6170
