330
1280 0 1535 255 3498 4498
3328 1024 3583 1279 4331 5331
0 2816 255 3071 7981 8981
768 768 1023 1023 3655 4655
2304 2816 2559 3071 5131 6131
1536 2560 1791 2815 6318 7318
0 4352 255 4607 7946 8946
3328 1792 3583 2047 7013 8013
1792 2560 2047 2815 3753 4753
1024 3328 1279 3583 4935 5935
1280 1280 1535 1535 6164 7164
3584 3584 3839 3839 7929 8929
1024 5120 1279 5375 3672 4672
0 512 255 767 4077 5077
768 2304 1023 2559 7587 8587
3072 4352 3327 4607 5935 6935
512 3840 767 4095 7869 8869
1792 3072 2047 3327 4514 5514
1536 5376 1791 5631 4619 5619
1280 1536 1535 1791 7838 8838
1536 2816 1791 3071 5836 6836
3584 5376 3839 5631 3685 4685
512 3328 767 3583 5268 6268
1536 256 1791 511 3450 4450
1792 3840 2047 4095 3455 4455
2048 4096 2303 4351 6321 7321
256 1280 511 1535 6859 7859
3072 2816 3327 3071 7772 8772
1024 4096 1279 4351 5660 6660
2304 3840 2559 4095 4606 5606
256 2048 511 2303 3836 4836
1024 2048 1279 2303 7608 8608
3072 2304 3327 2559 7388 8388
3328 512 3583 767 3677 4677
2816 2560 3071 2815 4944 5944
1280 1024 1535 1279 6200 7200
768 1280 1023 1535 3676 4676
3584 4608 3839 4863 4751 5751
2304 768 2559 1023 5073 6073
3072 4096 3327 4351 4059 5059
768 0 1023 255 8136 9136
2560 1792 2815 2047 7866 8866
2560 1536 2815 1791 5669 6669
768 3328 1023 3583 3668 4668
2816 4352 3071 4607 5625 6625
2048 0 2303 255 5116 6116
1024 4608 1279 4863 6233 7233
0 0 255 255 5354 6354
3584 5120 3839 5375 8080 9080
3072 1536 3327 1791 7481 8481
2048 1536 2303 1791 5052 6052
1792 2816 2047 3071 7597 8597
1792 2304 2047 2559 4847 5847
256 5376 511 5631 6950 7950
0 4096 255 4351 7677 8677
2304 1024 2559 1279 6752 7752
512 1280 767 1535 6952 7952
1024 4352 1279 4607 6396 7396
1536 4352 1791 4607 3436 4436
3584 2560 3839 2815 6293 7293
1792 4352 2047 4607 4683 5683
2816 1792 3071 2047 3901 4901
1536 2304 1791 2559 5761 6761
2560 4352 2815 4607 3931 4931
512 2304 767 2559 6028 7028
3072 4608 3327 4863 4387 5387
0 2048 255 2303 3813 4813
256 2816 511 3071 6334 7334
1792 3584 2047 3839 5767 6767
3584 512 3839 767 5515 6515
256 768 511 1023 4074 5074
3584 768 3839 1023 7584 8584
2048 5120 2303 5375 7063 8063
256 2304 511 2559 6372 7372
768 4096 1023 4351 7882 8882
2304 3584 2559 3839 4548 5548
2816 1280 3071 1535 5170 6170
2560 2816 2815 3071 7796 8796
2816 3328 3071 3583 6531 7531
3328 256 3583 511 5110 6110
256 256 511 511 4189 5189
1280 3072 1535 3327 5265 6265
768 2816 1023 3071 4568 5568
0 4864 255 5119 5666 6666
1280 4096 1535 4351 5896 6896
512 0 767 255 5926 6926
1280 2560 1535 2815 4278 5278
1280 5376 1535 5631 6529 7529
2048 4608 2303 4863 6003 7003
0 256 255 511 4344 5344
2560 4608 2815 4863 4683 5683
3072 0 3327 255 7315 8315
0 1024 255 1279 6695 7695
2304 5120 2559 5375 7073 8073
1792 768 2047 1023 4928 5928
0 1280 255 1535 4584 5584
2560 1280 2815 1535 8089 9089
2048 4352 2303 4607 5370 6370
1792 256 2047 511 7547 8547
2048 768 2303 1023 7537 8537
3072 256 3327 511 4566 5566
2560 3072 2815 3327 5302 6302
2048 1024 2303 1279 6982 7982
2816 1536 3071 1791 3489 4489
1536 2048 1791 2303 3534 4534
2816 2304 3071 2559 3776 4776
2048 3072 2303 3327 6487 7487
0 2560 255 2815 7154 8154
2560 768 2815 1023 3432 4432
1280 768 1535 1023 6700 7700
1024 1024 1279 1279 4125 5125
512 1024 767 1279 4250 5250
512 4352 767 4607 3825 4825
1280 4352 1535 4607 7143 8143
2048 3584 2303 3839 3597 4597
768 256 1023 511 3402 4402
2816 5376 3071 5631 4929 5929
1280 3584 1535 3839 6326 7326
512 4864 767 5119 6560 7560
2816 256 3071 511 7561 8561
1792 1024 2047 1279 4351 5351
1792 1280 2047 1535 7872 8872
768 2048 1023 2303 3788 4788
3584 4352 3839 4607 7675 8675
1536 4864 1791 5119 3858 4858
2048 3840 2303 4095 5345 6345
2304 512 2559 767 4119 5119
2304 1280 2559 1535 5628 6628
3328 2816 3583 3071 7344 8344
3584 256 3839 511 5347 6347
3328 3840 3583 4095 5026 6026
1280 3840 1535 4095 3771 4771
3328 4864 3583 5119 7278 8278
2304 1536 2559 1791 5689 6689
2048 2816 2303 3071 5710 6710
512 1536 767 1791 4494 5494
3328 3584 3583 3839 7915 8915
3072 4864 3327 5119 4058 5058
2816 512 3071 767 3508 4508
1792 4096 2047 4351 7976 8976
1280 2048 1535 2303 7387 8387
2304 1792 2559 2047 6083 7083
2048 1280 2303 1535 5907 6907
1792 0 2047 255 4893 5893
512 512 767 767 5086 6086
0 3072 255 3327 6134 7134
1024 2816 1279 3071 4924 5924
2560 4096 2815 4351 3696 4696
2560 5120 2815 5375 6141 7141
1536 3840 1791 4095 5165 6165
2560 3328 2815 3583 7886 8886
1792 4608 2047 4863 7121 8121
3072 512 3327 767 4898 5898
256 2560 511 2815 3535 4535
2304 3072 2559 3327 6656 7656
1792 1792 2047 2047 7206 8206
1792 512 2047 767 7330 8330
2048 512 2303 767 4457 5457
2560 256 2815 511 4694 5694
768 3072 1023 3327 6535 7535
768 4864 1023 5119 6433 7433
1536 768 1791 1023 3401 4401
1536 3328 1791 3583 3987 4987
512 2048 767 2303 7393 8393
2304 3328 2559 3583 5719 6719
256 1536 511 1791 6326 7326
3072 3072 3327 3327 5568 6568
256 4864 511 5119 5494 6494
256 3840 511 4095 4065 5065
0 3584 255 3839 7526 8526
256 0 511 255 7151 8151
256 1792 511 2047 8081 9081
256 3072 511 3327 5470 6470
2048 2304 2303 2559 4919 5919
2816 2048 3071 2303 6655 7655
256 3584 511 3839 4237 5237
3584 3072 3839 3327 4734 5734
3072 1024 3327 1279 3439 4439
2048 4864 2303 5119 4563 5563
1536 3072 1791 3327 7504 8504
512 5120 767 5375 5234 6234
2560 3840 2815 4095 6130 7130
3328 2304 3583 2559 6485 7485
2816 0 3071 255 3813 4813
2304 4864 2559 5119 6294 7294
2560 0 2815 255 6822 7822
1280 2816 1535 3071 7648 8648
1024 1536 1279 1791 5485 6485
3072 3584 3327 3839 7908 8908
3072 2048 3327 2303 4202 5202
2304 2304 2559 2559 5701 6701
1280 3328 1535 3583 8023 9023
1536 4608 1791 4863 4233 5233
3328 2048 3583 2303 6317 7317
1024 2304 1279 2559 4328 5328
2304 2560 2559 2815 3633 4633
768 1024 1023 1279 6324 7324
768 4608 1023 4863 6525 7525
2048 2560 2303 2815 7578 8578
0 1536 255 1791 7019 8019
2560 1024 2815 1279 5911 6911
0 2304 255 2559 3641 4641
512 4096 767 4351 4012 5012
1792 5376 2047 5631 5062 6062
1792 2048 2047 2303 7010 8010
1280 4608 1535 4863 7297 8297
1280 4864 1535 5119 5929 6929
768 5376 1023 5631 3604 4604
1536 1280 1791 1535 4417 5417
3328 768 3583 1023 4173 5173
2816 4864 3071 5119 4789 5789
256 1024 511 1279 8101 9101
2560 5376 2815 5631 6932 7932
3072 3840 3327 4095 4955 5955
2816 768 3071 1023 5595 6595
1536 1536 1791 1791 6908 7908
768 1536 1023 1791 5459 6459
512 256 767 511 5103 6103
3328 4096 3583 4351 6074 7074
3584 4864 3839 5119 5227 6227
3072 3328 3327 3583 7756 8756
1024 1280 1279 1535 5456 6456
3328 4608 3583 4863 6931 7931
768 4352 1023 4607 5670 6670
1792 1536 2047 1791 5454 6454
2304 0 2559 255 7888 8888
1024 3840 1279 4095 7753 8753
768 3584 1023 3839 3638 4638
768 2560 1023 2815 8094 9094
768 1792 1023 2047 4243 5243
1792 3328 2047 3583 4338 5338
3328 1280 3583 1535 7687 8687
2304 4352 2559 4607 4514 5514
2304 5376 2559 5631 6801 7801
1280 2304 1535 2559 4609 5609
2816 3584 3071 3839 3384 4384
2048 5376 2303 5631 5958 6958
2048 2048 2303 2303 4219 5219
2560 512 2815 767 5439 6439
1792 5120 2047 5375 4056 5056
2816 3072 3071 3327 5021 6021
2304 4096 2559 4351 3909 4909
1280 512 1535 767 5839 6839
2304 2048 2559 2303 5635 6635
2816 5120 3071 5375 5494 6494
512 768 767 1023 8063 9063
2304 4608 2559 4863 6224 7224
1280 256 1535 511 7582 8582
1536 4096 1791 4351 5027 6027
3584 0 3839 255 4158 5158
2560 2304 2815 2559 6490 7490
1024 3072 1279 3327 6464 7464
1280 5120 1535 5375 6243 7243
3584 3840 3839 4095 5282 6282
3584 1024 3839 1279 3994 4994
3328 1536 3583 1791 3557 4557
256 3328 511 3583 6851 7851
3328 5120 3583 5375 5428 6428
512 3584 767 3839 5645 6645
3328 2560 3583 2815 3858 4858
256 5120 511 5375 6301 7301
1024 768 1279 1023 6613 7613
3584 2816 3839 3071 3405 4405
256 4608 511 4863 7444 8444
3072 1792 3327 2047 5274 6274
0 1792 255 2047 6464 7464
1536 512 1791 767 4509 5509
3584 1792 3839 2047 4913 5913
2816 2816 3071 3071 7313 8313
256 4096 511 4351 6577 7577
2560 2560 2815 2815 7419 8419
1024 1792 1279 2047 6015 7015
3584 4096 3839 4351 7116 8116
0 3328 255 3583 5118 6118
2048 1792 2303 2047 5331 6331
1536 1024 1791 1279 6291 7291
3584 1280 3839 1535 5042 6042
3328 5376 3583 5631 3415 4415
2560 4864 2815 5119 7554 8554
2816 4096 3071 4351 3750 4750
3584 3328 3839 3583 6023 7023
512 3072 767 3327 5904 6904
2560 2048 2815 2303 6843 7843
1536 3584 1791 3839 5947 6947
3584 2304 3839 2559 4867 5867
2816 3840 3071 4095 4518 5518
1024 3584 1279 3839 7954 8954
1280 1792 1535 2047 5400 6400
768 512 1023 767 3627 4627
2560 3584 2815 3839 5460 6460
512 1792 767 2047 5887 6887
1024 4864 1279 5119 6557 7557
1024 512 1279 767 5754 6754
3328 3072 3583 3327 7742 8742
3584 2048 3839 2303 7682 8682
1024 0 1279 255 4709 5709
1024 256 1279 511 6066 7066
2304 256 2559 511 5873 6873
1024 5376 1279 5631 8072 9072
2048 3328 2303 3583 7060 8060
512 4608 767 4863 4310 5310
0 768 255 1023 7351 8351
0 5376 255 5631 4936 5936
3072 768 3327 1023 5107 6107
3072 1280 3327 1535 4330 5330
2816 1024 3071 1279 3948 4948
1536 5120 1791 5375 5079 6079
1792 4864 2047 5119 7822 8822
3072 2560 3327 2815 3993 4993
256 512 511 767 4493 5493
0 3840 255 4095 3432 4432
2048 256 2303 511 3697 4697
3072 5120 3327 5375 4079 5079
0 4608 255 4863 3956 4956
3328 0 3583 255 6274 7274
768 3840 1023 4095 5575 6575
512 5376 767 5631 6924 7924
3328 3328 3583 3583 6088 7088
1536 0 1791 255 4656 5656
1024 2560 1279 2815 7180 8180
3328 4352 3583 4607 5229 6229
1536 1792 1791 2047 7172 8172
256 4352 511 4607 7419 8419
512 2816 767 3071 7612 8612
0 5120 255 5375 6774 7774
512 2560 767 2815 4013 5013
3584 1536 3839 1791 6002 7002
2816 4608 3071 4863 6522 7522
3072 5376 3327 5631 6515 7515
768 5120 1023 5375 5934 6934
