1000
5313 2436 5363 2486 8038 8538
4600 2268 4650 2318 5590 6090
3342 236 3392 286 6058 6558
5014 2533 5064 2583 6967 7467
2325 1584 2375 1634 8617 9117
4963 219 5013 269 6493 6993
383 1474 433 1524 6189 6689
2042 720 2092 770 6927 7427
2015 672 2065 722 4865 5365
5464 2850 5514 2900 4876 5376
604 1736 654 1786 4104 4604
1855 3885 1905 3935 8056 8556
1902 3663 1952 3713 5829 6329
5027 3816 5077 3866 7879 8379
5670 3489 5720 3539 6820 7320
3378 3001 3428 3051 7185 7685
4250 2803 4300 2853 3448 3948
2053 3781 2103 3831 3737 4237
1773 2508 1823 2558 7148 7648
5384 2011 5434 2061 5506 6006
407 402 457 452 8077 8577
1009 3564 1059 3614 8553 9053
5782 783 5832 833 6758 7258
4884 1606 4934 1656 6608 7108
5313 2089 5363 2139 3876 4376
993 1977 1043 2027 3412 3912
2755 2971 2805 3021 6099 6599
3783 2960 3833 3010 5477 5977
2886 3552 2936 3602 7271 7771
956 895 1006 945 6774 7274
3221 3850 3271 3900 8509 9009
2086 2999 2136 3049 6604 7104
2151 611 2201 661 5961 6461
5430 304 5480 354 3998 4498
5357 661 5407 711 6993 7493
2930 2697 2980 2747 7069 7569
3113 2111 3163 2161 7347 7847
4961 947 5011 997 5471 5971
4725 2737 4775 2787 7586 8086
1768 252 1818 302 7329 7829
2880 293 2930 343 3618 4118
1548 647 1598 697 5138 5638
4091 109 4141 159 5941 6441
5293 2342 5343 2392 5898 6398
1253 2693 1303 2743 6931 7431
779 698 829 748 4632 5132
1458 2742 1508 2792 5404 5904
4887 3726 4937 3776 4053 4553
209 2912 259 2962 6311 6811
780 3376 830 3426 5417 5917
4866 2041 4916 2091 6188 6688
5758 3260 5808 3310 8062 8562
4463 2126 4513 2176 5777 6277
974 2804 1024 2854 7990 8490
3311 2949 3361 2999 4718 5218
741 132 791 182 7100 7600
3186 3661 3236 3711 4639 5139
4473 705 4523 755 5426 5926
4403 2126 4453 2176 3618 4118
1400 3005 1450 3055 8383 8883
5346 287 5396 337 7413 7913
764 1772 814 1822 5846 6346
1322 1988 1372 2038 4233 4733
3380 2685 3430 2735 7846 8346
3924 2460 3974 2510 6774 7274
3846 2544 3896 2594 7321 7821
3424 1113 3474 1163 7822 8322
1307 3662 1357 3712 4492 4992
5592 3236 5642 3286 4604 5104
495 2002 545 2052 7201 7701
1176 3025 1226 3075 8288 8788
260 2649 310 2699 5622 6122
2432 950 2482 1000 3557 4057
1528 2559 1578 2609 4664 5164
187 777 237 827 3613 4113
5453 2248 5503 2298 3966 4466
2061 339 2111 389 4396 4896
1723 604 1773 654 4349 4849
2208 2819 2258 2869 7096 7596
2399 1425 2449 1475 7720 8220
3076 3180 3126 3230 5681 6181
4640 2223 4690 2273 3796 4296
5733 1814 5783 1864 6757 7257
3699 128 3749 178 6527 7027
839 2782 889 2832 7724 8224
4929 1441 4979 1491 6427 6927
2474 3571 2524 3621 6365 6865
3779 411 3829 461 3633 4133
4871 1707 4921 1757 8142 8642
1226 3926 1276 3976 4427 4927
1845 2173 1895 2223 8038 8538
1819 686 1869 736 7210 7710
5051 667 5101 717 7100 7600
1280 154 1330 204 5983 6483
5469 1263 5519 1313 8239 8739
2842 2505 2892 2555 6923 7423
1709 1333 1759 1383 8573 9073
1032 0 1082 50 7101 7601
5253 461 5303 511 3725 4225
2593 3708 2643 3758 4946 5446
5127 2134 5177 2184 4056 4556
5588 2147 5638 2197 3387 3887
4234 3013 4284 3063 7776 8276
3499 1163 3549 1213 4285 4785
3582 2538 3632 2588 4745 5245
3345 13 3395 63 4129 4629
3776 3738 3826 3788 5715 6215
5609 1062 5659 1112 5259 5759
4777 491 4827 541 6420 6920
2161 892 2211 942 7656 8156
161 2552 211 2602 5458 5958
3662 750 3712 800 7407 7907
2586 2229 2636 2279 3389 3889
4476 3713 4526 3763 4742 5242
4103 1379 4153 1429 4179 4679
5443 1961 5493 2011 3371 3871
1845 2380 1895 2430 5469 5969
1573 1119 1623 1169 5516 6016
1288 3677 1338 3727 6458 6958
71 2723 121 2773 7796 8296
4939 1613 4989 1663 5413 5913
4827 2521 4877 2571 6563 7063
1555 2182 1605 2232 7326 7826
4638 125 4688 175 3479 3979
3774 2162 3824 2212 8173 8673
4432 3898 4482 3948 5295 5795
2336 3888 2386 3938 6350 6850
2332 3465 2382 3515 8587 9087
989 2630 1039 2680 7882 8382
2233 1274 2283 1324 7271 7771
212 3107 262 3157 5741 6241
1381 1223 1431 1273 4073 4573
4209 2289 4259 2339 7457 7957
22 847 72 897 4586 5086
2574 2011 2624 2061 6912 7412
3865 3799 3915 3849 7953 8453
1450 1704 1500 1754 5880 6380
3569 3416 3619 3466 8308 8808
4248 1525 4298 1575 6680 7180
1148 3857 1198 3907 4047 4547
3548 2831 3598 2881 4789 5289
4491 1570 4541 1620 5628 6128
1848 255 1898 305 8110 8610
2669 3928 2719 3978 6887 7387
5639 1067 5689 1117 3427 3927
1952 385 2002 435 6487 6987
189 3842 239 3892 8118 8618
4848 829 4898 879 7924 8424
1939 936 1989 986 5370 5870
1197 3888 1247 3938 6130 6630
4502 3939 4552 3989 6867 7367
3401 2131 3451 2181 6941 7441
3205 2125 3255 2175 6959 7459
2332 443 2382 493 8287 8787
1438 1732 1488 1782 5766 6266
5624 3632 5674 3682 6783 7283
623 1572 673 1622 5503 6003
353 2822 403 2872 7492 7992
27 3515 77 3565 7427 7927
636 1760 686 1810 4647 5147
3086 2783 3136 2833 8226 8726
1799 1220 1849 1270 7503 8003
3946 2247 3996 2297 5767 6267
2154 250 2204 300 4518 5018
5374 2841 5424 2891 4971 5471
4598 1316 4648 1366 5397 5897
5017 2289 5067 2339 7696 8196
5429 2943 5479 2993 3936 4436
4939 2743 4989 2793 6908 7408
676 2647 726 2697 6798 7298
4045 2559 4095 2609 6964 7464
2548 792 2598 842 3555 4055
3814 2867 3864 2917 6780 7280
3899 569 3949 619 5570 6070
4147 1776 4197 1826 6124 6624
4406 3037 4456 3087 8498 8998
5302 786 5352 836 7952 8452
5696 2246 5746 2296 3965 4465
4645 3728 4695 3778 6359 6859
2763 1648 2813 1698 6691 7191
2572 462 2622 512 5037 5537
131 2973 181 3023 4988 5488
4631 27 4681 77 4847 5347
1905 3895 1955 3945 8200 8700
4540 3738 4590 3788 6935 7435
3719 717 3769 767 6034 6534
1085 1848 1135 1898 6321 6821
5708 801 5758 851 7248 7748
3703 399 3753 449 7762 8262
890 205 940 255 6649 7149
1042 1410 1092 1460 5187 5687
2782 2847 2832 2897 5644 6144
790 2354 840 2404 4295 4795
4803 1609 4853 1659 6219 6719
4068 293 4118 343 4707 5207
2631 1247 2681 1297 3947 4447
5090 1837 5140 1887 6060 6560
2228 3213 2278 3263 7419 7919
800 985 850 1035 6004 6504
3091 711 3141 761 5351 5851
851 1654 901 1704 6301 6801
1261 1286 1311 1336 4496 4996
1079 399 1129 449 5486 5986
2792 1861 2842 1911 4822 5322
4508 582 4558 632 4705 5205
3258 2859 3308 2909 7886 8386
4774 3258 4824 3308 6464 6964
122 1997 172 2047 7606 8106
790 753 840 803 6638 7138
4305 3255 4355 3305 3961 4461
521 2679 571 2729 8260 8760
4920 3439 4970 3489 5299 5799
2069 606 2119 656 4740 5240
2390 2109 2440 2159 7966 8466
3325 2803 3375 2853 6680 7180
2296 2476 2346 2526 4542 5042
3021 1845 3071 1895 6897 7397
5259 2190 5309 2240 6062 6562
3136 929 3186 979 3424 3924
4819 1276 4869 1326 3372 3872
5409 52 5459 102 6504 7004
4620 2051 4670 2101 6875 7375
5234 2218 5284 2268 6758 7258
924 2908 974 2958 7077 7577
957 1209 1007 1259 5506 6006
3610 798 3660 848 5969 6469
5723 2353 5773 2403 6549 7049
5269 378 5319 428 4573 5073
11 899 61 949 4183 4683
4141 1520 4191 1570 5425 5925
242 1813 292 1863 5011 5511
5209 51 5259 101 8553 9053
278 902 328 952 4050 4550
3899 247 3949 297 6839 7339
4630 514 4680 564 7832 8332
2514 1718 2564 1768 5776 6276
5273 2196 5323 2246 5188 5688
3446 1826 3496 1876 3890 4390
4273 1467 4323 1517 3532 4032
100 1873 150 1923 4697 5197
5486 1778 5536 1828 8072 8572
444 3292 494 3342 5326 5826
3286 2522 3336 2572 6338 6838
34 2887 84 2937 4622 5122
2007 2544 2057 2594 7359 7859
948 3728 998 3778 7415 7915
481 1013 531 1063 5962 6462
2300 3579 2350 3629 6526 7026
3218 1761 3268 1811 3941 4441
3234 441 3284 491 3626 4126
4515 895 4565 945 5486 5986
5350 2605 5400 2655 4894 5394
106 291 156 341 7941 8441
5598 3504 5648 3554 7478 7978
2724 3299 2774 3349 7305 7805
5350 886 5400 936 4194 4694
4179 444 4229 494 3520 4020
3606 3759 3656 3809 5779 6279
4436 3307 4486 3357 4318 4818
5354 3370 5404 3420 5218 5718
4710 1516 4760 1566 5358 5858
1419 3509 1469 3559 3698 4198
5155 930 5205 980 5420 5920
1476 2014 1526 2064 6028 6528
1883 3626 1933 3676 6310 6810
5215 1192 5265 1242 5551 6051
3731 949 3781 999 3571 4071
50 3387 100 3437 7361 7861
274 3568 324 3618 4409 4909
230 2392 280 2442 8003 8503
18 1161 68 1211 3661 4161
3799 1655 3849 1705 4036 4536
4898 3214 4948 3264 8496 8996
2137 3841 2187 3891 6790 7290
15 2472 65 2522 8213 8713
3676 1651 3726 1701 6122 6622
3812 17 3862 67 4655 5155
5370 1965 5420 2015 6404 6904
4859 3742 4909 3792 3986 4486
2842 2020 2892 2070 5922 6422
5208 623 5258 673 4612 5112
909 1014 959 1064 7440 7940
2413 141 2463 191 7977 8477
2709 3384 2759 3434 5620 6120
1604 1258 1654 1308 7063 7563
494 1581 544 1631 5797 6297
266 150 316 200 5232 5732
1118 1362 1168 1412 5517 6017
3519 1642 3569 1692 6568 7068
3460 2022 3510 2072 6557 7057
506 3628 556 3678 4837 5337
5157 2318 5207 2368 5984 6484
4597 2739 4647 2789 7738 8238
5308 165 5358 215 4292 4792
321 1129 371 1179 3478 3978
3101 1356 3151 1406 8329 8829
163 1469 213 1519 7901 8401
5493 2417 5543 2467 4981 5481
1768 3067 1818 3117 3655 4155
5309 3605 5359 3655 4961 5461
300 766 350 816 8262 8762
1477 800 1527 850 5992 6492
1059 3655 1109 3705 4085 4585
3942 1830 3992 1880 5080 5580
5147 1410 5197 1460 7126 7626
225 2054 275 2104 7210 7710
1780 324 1830 374 5496 5996
716 3001 766 3051 5855 6355
3729 1336 3779 1386 3464 3964
117 1883 167 1933 6889 7389
1165 2144 1215 2194 5556 6056
2311 2742 2361 2792 5977 6477
1325 170 1375 220 4363 4863
2432 3040 2482 3090 8004 8504
5204 1747 5254 1797 8514 9014
1473 1498 1523 1548 4508 5008
4642 494 4692 544 6171 6671
2068 1697 2118 1747 4923 5423
5124 2518 5174 2568 8177 8677
1283 649 1333 699 6007 6507
1607 1494 1657 1544 6868 7368
2137 209 2187 259 4369 4869
912 250 962 300 6394 6894
2530 2651 2580 2701 6867 7367
717 3624 767 3674 6710 7210
4721 349 4771 399 6029 6529
270 2651 320 2701 7195 7695
437 2961 487 3011 4106 4606
2270 312 2320 362 6418 6918
1745 1724 1795 1774 3878 4378
5500 1761 5550 1811 8613 9113
5390 621 5440 671 4440 4940
1564 3624 1614 3674 4613 5113
874 2005 924 2055 4578 5078
143 975 193 1025 6043 6543
4519 1945 4569 1995 4907 5407
2645 3018 2695 3068 5010 5510
767 3382 817 3432 8477 8977
926 2086 976 2136 7348 7848
2872 466 2922 516 6890 7390
3585 3220 3635 3270 8035 8535
1575 638 1625 688 7794 8294
4946 3364 4996 3414 3504 4004
2113 2529 2163 2579 4109 4609
2627 1742 2677 1792 6385 6885
1920 1043 1970 1093 7525 8025
4121 3069 4171 3119 6079 6579
5426 3224 5476 3274 4847 5347
2113 2636 2163 2686 5477 5977
5097 3825 5147 3875 4824 5324
2754 2919 2804 2969 5620 6120
2480 843 2530 893 3410 3910
623 1189 673 1239 7144 7644
5212 825 5262 875 6720 7220
3215 1833 3265 1883 8318 8818
3794 2180 3844 2230 4737 5237
3225 3921 3275 3971 6588 7088
451 668 501 718 7156 7656
375 2715 425 2765 4590 5090
801 3610 851 3660 4619 5119
5286 3371 5336 3421 5164 5664
4611 377 4661 427 6103 6603
185 2581 235 2631 6014 6514
5155 1755 5205 1805 6138 6638
3021 3855 3071 3905 5097 5597
4181 1385 4231 1435 8243 8743
246 1379 296 1429 6576 7076
2306 1197 2356 1247 4417 4917
2683 840 2733 890 6872 7372
2304 1825 2354 1875 7380 7880
4040 666 4090 716 6874 7374
4360 585 4410 635 7430 7930
374 1080 424 1130 5522 6022
165 2135 215 2185 4060 4560
1383 1190 1433 1240 6369 6869
864 557 914 607 5020 5520
3664 3522 3714 3572 6754 7254
2324 3010 2374 3060 6423 6923
3595 536 3645 586 5504 6004
1147 3827 1197 3877 3515 4015
1403 335 1453 385 4593 5093
4463 3693 4513 3743 5718 6218
1227 79 1277 129 4341 4841
5225 828 5275 878 4235 4735
1644 3 1694 53 6164 6664
815 2249 865 2299 4630 5130
3880 1844 3930 1894 3493 3993
3807 2710 3857 2760 3478 3978
5513 995 5563 1045 8369 8869
2255 2795 2305 2845 3578 4078
624 3250 674 3300 6257 6757
1444 1780 1494 1830 4978 5478
5345 2145 5395 2195 5156 5656
3585 3544 3635 3594 6847 7347
4455 2073 4505 2123 7549 8049
5185 2156 5235 2206 6402 6902
2840 1228 2890 1278 8373 8873
3456 99 3506 149 3448 3948
2222 3347 2272 3397 5892 6392
1821 530 1871 580 6083 6583
4558 237 4608 287 5348 5848
1564 889 1614 939 4698 5198
2990 797 3040 847 5511 6011
765 2178 815 2228 4668 5168
3500 2648 3550 2698 5542 6042
4132 3397 4182 3447 5862 6362
3527 1032 3577 1082 4691 5191
2694 1888 2744 1938 5411 5911
820 1642 870 1692 8489 8989
3312 262 3362 312 5520 6020
3714 1005 3764 1055 7185 7685
3914 826 3964 876 6852 7352
3910 2278 3960 2328 4281 4781
3602 1491 3652 1541 5710 6210
1099 2674 1149 2724 4148 4648
2507 2448 2557 2498 5070 5570
4179 1925 4229 1975 4466 4966
1550 3518 1600 3568 5142 5642
4217 1467 4267 1517 7203 7703
322 717 372 767 5206 5706
2375 3494 2425 3544 4626 5126
3881 627 3931 677 8349 8849
1822 2367 1872 2417 4858 5358
216 1820 266 1870 3794 4294
5785 3098 5835 3148 3458 3958
1147 3185 1197 3235 5347 5847
4880 288 4930 338 4636 5136
2450 3536 2500 3586 6424 6924
3104 1175 3154 1225 8104 8604
3274 3887 3324 3937 6930 7430
2127 3161 2177 3211 5709 6209
5549 3754 5599 3804 6419 6919
3521 1468 3571 1518 5117 5617
2172 2187 2222 2237 6627 7127
3594 3002 3644 3052 4294 4794
4169 2608 4219 2658 8241 8741
912 453 962 503 5152 5652
1813 1520 1863 1570 6886 7386
5102 3178 5152 3228 5040 5540
3156 2548 3206 2598 7415 7915
612 3845 662 3895 8208 8708
2996 3553 3046 3603 3378 3878
5294 1929 5344 1979 4262 4762
2970 1822 3020 1872 6597 7097
4091 201 4141 251 7453 7953
5292 3124 5342 3174 7606 8106
1962 1754 2012 1804 6168 6668
2746 830 2796 880 4236 4736
3401 3301 3451 3351 3674 4174
1028 3302 1078 3352 8316 8816
3067 412 3117 462 4190 4690
3448 2075 3498 2125 8452 8952
262 449 312 499 5005 5505
1121 2421 1171 2471 5874 6374
452 202 502 252 3627 4127
1386 1979 1436 2029 3620 4120
607 1329 657 1379 5241 5741
340 2490 390 2540 7169 7669
3035 1096 3085 1146 7188 7688
1543 2275 1593 2325 7444 7944
3601 1441 3651 1491 3547 4047
4219 619 4269 669 8467 8967
3155 180 3205 230 6858 7358
2603 1023 2653 1073 8324 8824
1600 1386 1650 1436 8263 8763
1085 2562 1135 2612 7600 8100
764 397 814 447 5934 6434
3359 1539 3409 1589 5143 5643
428 176 478 226 3473 3973
2864 2867 2914 2917 7863 8363
915 3690 965 3740 3962 4462
2311 2539 2361 2589 4558 5058
1604 2398 1654 2448 6977 7477
4087 1245 4137 1295 4254 4754
5612 903 5662 953 4980 5480
3153 1004 3203 1054 5285 5785
4656 721 4706 771 6817 7317
983 1239 1033 1289 4519 5019
2000 3388 2050 3438 4523 5023
2662 1430 2712 1480 7229 7729
861 3186 911 3236 6949 7449
1474 599 1524 649 4597 5097
3487 3645 3537 3695 5254 5754
2696 921 2746 971 5285 5785
3361 2750 3411 2800 7194 7694
4607 3678 4657 3728 3380 3880
4684 3439 4734 3489 7219 7719
1544 1086 1594 1136 7549 8049
5782 3630 5832 3680 5488 5988
4389 314 4439 364 4946 5446
3370 746 3420 796 7316 7816
1864 2417 1914 2467 7600 8100
107 1425 157 1475 8211 8711
1256 1901 1306 1951 4781 5281
2122 919 2172 969 7532 8032
2978 3245 3028 3295 5549 6049
1773 2972 1823 3022 8331 8831
5545 1066 5595 1116 5316 5816
2933 1880 2983 1930 6228 6728
3293 1069 3343 1119 8486 8986
2373 2069 2423 2119 3459 3959
2414 100 2464 150 4956 5456
3074 2221 3124 2271 6310 6810
1493 1789 1543 1839 8445 8945
3568 619 3618 669 4484 4984
4656 3565 4706 3615 3891 4391
5258 3162 5308 3212 5898 6398
4237 130 4287 180 3510 4010
2578 3611 2628 3661 8411 8911
954 51 1004 101 5948 6448
2026 2734 2076 2784 5248 5748
4001 3562 4051 3612 7303 7803
3891 1996 3941 2046 5482 5982
3854 1681 3904 1731 4352 4852
797 156 847 206 8509 9009
1218 2985 1268 3035 5969 6469
3934 2561 3984 2611 7375 7875
2046 1185 2096 1235 8623 9123
2889 3327 2939 3377 3449 3949
5129 1901 5179 1951 4413 4913
244 35 294 85 5329 5829
4515 2995 4565 3045 7462 7962
1106 777 1156 827 7183 7683
378 2139 428 2189 4065 4565
3589 510 3639 560 4785 5285
4414 762 4464 812 8332 8832
1369 2188 1419 2238 6345 6845
5155 3241 5205 3291 3785 4285
5271 467 5321 517 5279 5779
3323 3649 3373 3699 8416 8916
1278 2003 1328 2053 7773 8273
1508 979 1558 1029 6120 6620
636 679 686 729 5043 5543
4874 2755 4924 2805 4893 5393
5460 524 5510 574 8064 8564
170 2507 220 2557 7908 8408
1262 418 1312 468 4849 5349
5066 1368 5116 1418 4097 4597
2910 400 2960 450 5886 6386
3165 1123 3215 1173 7305 7805
5456 3590 5506 3640 8346 8846
1556 2064 1606 2114 8298 8798
4393 108 4443 158 5824 6324
1812 1961 1862 2011 8306 8806
2133 2542 2183 2592 3694 4194
361 869 411 919 7665 8165
2179 3878 2229 3928 7010 7510
4403 1708 4453 1758 8416 8916
3288 2878 3338 2928 6597 7097
3050 2243 3100 2293 6994 7494
4838 2273 4888 2323 7967 8467
3105 2435 3155 2485 3620 4120
3694 2342 3744 2392 5993 6493
592 1634 642 1684 5775 6275
1296 3018 1346 3068 6342 6842
950 1916 1000 1966 6425 6925
3968 228 4018 278 5813 6313
3276 2386 3326 2436 7478 7978
891 347 941 397 6567 7067
2568 1911 2618 1961 7669 8169
2702 2827 2752 2877 5292 5792
5709 576 5759 626 6425 6925
4169 659 4219 709 6058 6558
527 2617 577 2667 5766 6266
986 734 1036 784 7168 7668
3888 54 3938 104 7101 7601
4938 1947 4988 1997 7420 7920
2744 3448 2794 3498 7016 7516
5027 1406 5077 1456 6615 7115
4925 172 4975 222 3558 4058
5603 300 5653 350 7049 7549
2263 2000 2313 2050 3668 4168
924 2815 974 2865 3611 4111
188 2284 238 2334 4064 4564
5006 2370 5056 2420 4786 5286
1463 1663 1513 1713 3420 3920
177 1033 227 1083 4258 4758
1998 3789 2048 3839 5767 6267
4213 3739 4263 3789 5041 5541
4317 3190 4367 3240 5306 5806
5362 436 5412 486 5011 5511
3741 1131 3791 1181 6071 6571
2560 3760 2610 3810 6147 6647
4185 2194 4235 2244 5275 5775
4744 2588 4794 2638 8541 9041
4207 3440 4257 3490 8379 8879
2197 2145 2247 2195 5256 5756
1354 3451 1404 3501 6788 7288
492 136 542 186 4053 4553
4964 1018 5014 1068 5515 6015
4431 3487 4481 3537 7616 8116
267 1332 317 1382 7009 7509
836 3599 886 3649 6748 7248
535 3046 585 3096 4346 4846
5682 1152 5732 1202 7468 7968
4356 3173 4406 3223 6690 7190
443 1260 493 1310 5839 6339
3347 3555 3397 3605 3695 4195
5556 2792 5606 2842 6491 6991
2326 3190 2376 3240 4345 4845
5700 1538 5750 1588 5397 5897
1256 381 1306 431 5469 5969
5491 2857 5541 2907 4857 5357
1958 3879 2008 3929 6389 6889
4236 1211 4286 1261 5584 6084
2612 1175 2662 1225 6444 6944
4342 914 4392 964 3845 4345
5620 2029 5670 2079 3848 4348
5309 3221 5359 3271 6358 6858
504 327 554 377 7775 8275
5776 3301 5826 3351 7354 7854
3325 727 3375 777 4148 4648
2683 500 2733 550 6126 6626
5083 2997 5133 3047 8208 8708
474 1942 524 1992 4442 4942
2046 3305 2096 3355 7855 8355
4233 2056 4283 2106 5155 5655
3443 340 3493 390 6085 6585
1029 1038 1079 1088 6206 6706
1947 337 1997 387 3613 4113
908 2068 958 2118 8401 8901
5478 2384 5528 2434 3740 4240
3017 2050 3067 2100 3805 4305
1477 143 1527 193 4119 4619
4532 3662 4582 3712 8339 8839
490 1336 540 1386 4755 5255
5289 289 5339 339 7320 7820
3328 1213 3378 1263 5281 5781
1089 330 1139 380 6915 7415
4130 2677 4180 2727 7486 7986
1866 1297 1916 1347 5285 5785
5790 3923 5840 3973 5022 5522
2922 3604 2972 3654 6208 6708
79 2628 129 2678 7741 8241
5012 922 5062 972 4688 5188
1928 3080 1978 3130 7214 7714
5023 2375 5073 2425 5267 5767
2593 3673 2643 3723 4591 5091
3394 3914 3444 3964 8344 8844
2482 3505 2532 3555 6390 6890
3498 1066 3548 1116 5814 6314
3289 1038 3339 1088 5236 5736
2528 1871 2578 1921 8210 8710
5225 1252 5275 1302 4273 4773
2228 1610 2278 1660 3530 4030
2455 1505 2505 1555 7148 7648
3973 2534 4023 2584 6391 6891
5223 560 5273 610 5725 6225
2530 2118 2580 2168 5279 5779
1388 912 1438 962 5300 5800
3744 663 3794 713 8618 9118
3388 3439 3438 3489 7233 7733
8 2583 58 2633 6784 7284
1084 1285 1134 1335 5118 5618
976 1931 1026 1981 5571 6071
4216 1988 4266 2038 7936 8436
4176 1086 4226 1136 5743 6243
4818 652 4868 702 8210 8710
3680 762 3730 812 4121 4621
1851 2314 1901 2364 7560 8060
2134 3467 2184 3517 4248 4748
605 427 655 477 4049 4549
1726 2208 1776 2258 8521 9021
2630 2805 2680 2855 7471 7971
3395 1464 3445 1514 5268 5768
588 1920 638 1970 8499 8999
1930 3871 1980 3921 7882 8382
861 1222 911 1272 5315 5815
4438 1596 4488 1646 7380 7880
4475 438 4525 488 8514 9014
2126 682 2176 732 6562 7062
889 3396 939 3446 6553 7053
2728 1147 2778 1197 7765 8265
4379 3138 4429 3188 4501 5001
3950 3289 4000 3339 8294 8794
4996 3210 5046 3260 6085 6585
200 2700 250 2750 6918 7418
654 911 704 961 5959 6459
4463 1786 4513 1836 8243 8743
3901 109 3951 159 7822 8322
3495 175 3545 225 6531 7031
5662 2078 5712 2128 7125 7625
4863 1925 4913 1975 5514 6014
4242 1161 4292 1211 7890 8390
4883 1640 4933 1690 8049 8549
645 773 695 823 5604 6104
208 549 258 599 7803 8303
1956 915 2006 965 3892 4392
3590 3094 3640 3144 6663 7163
2999 3897 3049 3947 6327 6827
2036 548 2086 598 4487 4987
1507 467 1557 517 7384 7884
2017 3511 2067 3561 5158 5658
5294 605 5344 655 5548 6048
2384 1887 2434 1937 4891 5391
1148 3734 1198 3784 7768 8268
846 732 896 782 6085 6585
2081 135 2131 185 7037 7537
5715 3165 5765 3215 4807 5307
3277 2947 3327 2997 8577 9077
3706 1058 3756 1108 7780 8280
3337 424 3387 474 5607 6107
3060 491 3110 541 5239 5739
4275 1836 4325 1886 5802 6302
1106 264 1156 314 5839 6339
5105 1878 5155 1928 7686 8186
758 2555 808 2605 3520 4020
2983 3289 3033 3339 7426 7926
854 2177 904 2227 3598 4098
4625 3820 4675 3870 7446 7946
5287 992 5337 1042 7710 8210
3683 65 3733 115 7549 8049
2338 303 2388 353 5450 5950
4788 2494 4838 2544 3555 4055
2366 3848 2416 3898 3892 4392
5747 2056 5797 2106 5775 6275
3993 1841 4043 1891 6360 6860
1778 3183 1828 3233 7395 7895
1056 2479 1106 2529 6816 7316
5419 9 5469 59 7915 8415
492 1914 542 1964 8473 8973
4357 842 4407 892 4242 4742
1149 71 1199 121 4695 5195
1813 301 1863 351 3573 4073
61 428 111 478 8417 8917
2742 2910 2792 2960 5036 5536
5212 2441 5262 2491 8269 8769
1199 3703 1249 3753 5119 5619
3041 2880 3091 2930 4521 5021
1733 1431 1783 1481 7912 8412
2363 2872 2413 2922 7373 7873
2846 360 2896 410 4632 5132
730 1651 780 1701 7288 7788
3537 2149 3587 2199 3989 4489
5289 875 5339 925 5118 5618
5764 339 5814 389 7874 8374
2950 3557 3000 3607 6128 6628
4723 3476 4773 3526 7887 8387
1157 2 1207 52 4081 4581
4690 2646 4740 2696 5476 5976
1245 3375 1295 3425 8290 8790
575 2612 625 2662 6326 6826
1899 992 1949 1042 3856 4356
4902 1062 4952 1112 8133 8633
4116 2502 4166 2552 3725 4225
5046 690 5096 740 4183 4683
1857 1064 1907 1114 6831 7331
4332 945 4382 995 4027 4527
1342 134 1392 184 5063 5563
5524 542 5574 592 8211 8711
943 1040 993 1090 7477 7977
1001 159 1051 209 5281 5781
4264 1556 4314 1606 7858 8358
4764 1919 4814 1969 5996 6496
4313 411 4363 461 5165 5665
1647 1413 1697 1463 7825 8325
5299 3883 5349 3933 7785 8285
1780 1222 1830 1272 4674 5174
2545 2223 2595 2273 5509 6009
380 726 430 776 3584 4084
155 2114 205 2164 6029 6529
2906 787 2956 837 6307 6807
1224 1058 1274 1108 5774 6274
4768 57 4818 107 5666 6166
4166 3315 4216 3365 6696 7196
243 425 293 475 5343 5843
3227 3009 3277 3059 6109 6609
22 1634 72 1684 6578 7078
4279 345 4329 395 5997 6497
5574 1957 5624 2007 7760 8260
4132 1214 4182 1264 3527 4027
4336 1491 4386 1541 3393 3893
2297 1449 2347 1499 7821 8321
3053 944 3103 994 4075 4575
1249 1605 1299 1655 4869 5369
4140 847 4190 897 5288 5788
3863 3878 3913 3928 3558 4058
2275 2724 2325 2774 5821 6321
3709 2279 3759 2329 4782 5282
3715 2679 3765 2729 7497 7997
699 3328 749 3378 5586 6086
1397 1884 1447 1934 5837 6337
4155 1889 4205 1939 4891 5391
4310 3760 4360 3810 4649 5149
5299 2652 5349 2702 5053 5553
5644 1222 5694 1272 7992 8492
5667 881 5717 931 7383 7883
4874 1563 4924 1613 5053 5553
583 3351 633 3401 4986 5486
2938 1705 2988 1755 4146 4646
3393 733 3443 783 7922 8422
5238 1981 5288 2031 8527 9027
4263 1716 4313 1766 3630 4130
3018 1565 3068 1615 3584 4084
3618 3829 3668 3879 5416 5916
4438 540 4488 590 4595 5095
1259 24 1309 74 8363 8863
444 3583 494 3633 3651 4151
2016 2137 2066 2187 4298 4798
3136 3364 3186 3414 7662 8162
2261 1318 2311 1368 5007 5507
4850 595 4900 645 4440 4940
1002 3256 1052 3306 5985 6485
4597 1710 4647 1760 3552 4052
1315 1421 1365 1471 8385 8885
3987 2288 4037 2338 6268 6768
2519 2913 2569 2963 4294 4794
773 1517 823 1567 8014 8514
4162 1962 4212 2012 4072 4572
1676 1438 1726 1488 7098 7598
167 3195 217 3245 5413 5913
334 2089 384 2139 6501 7001
3575 574 3625 624 7655 8155
1136 2783 1186 2833 5030 5530
1790 1761 1840 1811 7952 8452
5045 3542 5095 3592 4881 5381
2311 309 2361 359 8391 8891
580 1414 630 1464 6687 7187
3401 3900 3451 3950 4228 4728
2912 3216 2962 3266 7803 8303
4704 3880 4754 3930 5158 5658
3727 3244 3777 3294 6017 6517
5218 2719 5268 2769 5094 5594
531 3454 581 3504 5330 5830
4267 3063 4317 3113 6938 7438
1344 1425 1394 1475 4107 4607
1990 3030 2040 3080 6012 6512
348 3382 398 3432 4427 4927
2651 1546 2701 1596 7581 8081
3799 227 3849 277 5865 6365
1136 2789 1186 2839 6250 6750
1388 1511 1438 1561 7787 8287
4941 2077 4991 2127 3593 4093
4352 2655 4402 2705 6915 7415
2891 1003 2941 1053 7398 7898
4527 1357 4577 1407 4785 5285
4802 3192 4852 3242 4657 5157
4909 380 4959 430 7937 8437
1157 1771 1207 1821 3462 3962
844 1995 894 2045 7834 8334
1182 1921 1232 1971 3610 4110
5476 224 5526 274 3465 3965
2478 2944 2528 2994 5262 5762
2882 2753 2932 2803 5427 5927
5169 2434 5219 2484 5621 6121
4011 3179 4061 3229 5156 5656
5782 629 5832 679 5541 6041
5673 2994 5723 3044 6529 7029
2939 3219 2989 3269 6262 6762
981 1822 1031 1872 8185 8685
1384 1451 1434 1501 3604 4104
4389 896 4439 946 7528 8028
5277 21 5327 71 6794 7294
4802 406 4852 456 8396 8896
2170 1555 2220 1605 3848 4348
1647 2580 1697 2630 4575 5075
3250 956 3300 1006 6042 6542
43 3095 93 3145 5718 6218
5764 525 5814 575 4564 5064
2556 3265 2606 3315 6884 7384
4473 1931 4523 1981 4636 5136
4205 452 4255 502 3380 3880
3 2583 53 2633 7532 8032
5737 3638 5787 3688 4095 4595
2595 613 2645 663 4659 5159
3722 2414 3772 2464 7887 8387
736 2496 786 2546 7338 7838
4232 3483 4282 3533 4297 4797
418 1804 468 1854 3427 3927
2033 3180 2083 3230 7406 7906
4131 1137 4181 1187 7571 8071
2103 1547 2153 1597 4161 4661
3236 3497 3286 3547 5223 5723
2406 2597 2456 2647 7377 7877
4307 464 4357 514 7412 7912
1197 101 1247 151 7673 8173
5534 2981 5584 3031 4581 5081
3073 2968 3123 3018 5671 6171
5277 1350 5327 1400 6149 6649
851 2484 901 2534 6321 6821
3685 3674 3735 3724 5732 6232
2255 1849 2305 1899 4709 5209
4086 1858 4136 1908 7316 7816
5527 3153 5577 3203 3945 4445
2937 2188 2987 2238 4795 5295
4275 518 4325 568 5171 5671
2745 156 2795 206 6275 6775
2923 2626 2973 2676 8193 8693
3525 1983 3575 2033 7908 8408
3199 2705 3249 2755 6803 7303
36 722 86 772 8297 8797
2973 780 3023 830 5893 6393
3307 3331 3357 3381 7456 7956
1041 2488 1091 2538 6706 7206
586 2457 636 2507 6953 7453
72 2713 122 2763 4312 4812
5031 1720 5081 1770 8473 8973
155 2543 205 2593 5105 5605
5720 3577 5770 3627 8259 8759
4773 3243 4823 3293 7454 7954
3810 3584 3860 3634 4232 4732
2499 2924 2549 2974 5285 5785
289 1105 339 1155 3644 4144
417 2760 467 2810 3746 4246
5289 1448 5339 1498 4330 4830
512 1584 562 1634 4263 4763
3330 2701 3380 2751 7848 8348
1903 446 1953 496 5756 6256
3770 31 3820 81 8240 8740
1298 3376 1348 3426 4857 5357
1130 1112 1180 1162 3922 4422
5624 3677 5674 3727 7796 8296
5454 1068 5504 1118 4692 5192
3379 3044 3429 3094 3825 4325
3598 338 3648 388 8451 8951
4586 2469 4636 2519 4186 4686
2172 2624 2222 2674 6052 6552
3565 3772 3615 3822 6414 6914
1434 1205 1484 1255 7508 8008
3768 3102 3818 3152 8602 9102
5321 1453 5371 1503 5274 5774
1665 3744 1715 3794 5130 5630
1565 2286 1615 2336 8012 8512
5673 978 5723 1028 4974 5474
3450 601 3500 651 4525 5025
2600 231 2650 281 7756 8256
540 2581 590 2631 5070 5570
975 332 1025 382 6837 7337
5387 3359 5437 3409 4255 4755
796 575 846 625 4894 5394
904 847 954 897 7568 8068
5057 997 5107 1047 5282 5782
1517 2810 1567 2860 7807 8307
2156 3440 2206 3490 7654 8154
273 1698 323 1748 5104 5604
1159 1844 1209 1894 3798 4298
5325 1512 5375 1562 7312 7812
3192 3403 3242 3453 4314 4814
1129 3443 1179 3493 7729 8229
4231 1094 4281 1144 6619 7119
5353 303 5403 353 5151 5651
1159 1043 1209 1093 3876 4376
1739 3041 1789 3091 7315 7815
965 3414 1015 3464 6251 6751
889 686 939 736 6408 6908
5110 3098 5160 3148 7691 8191
3977 128 4027 178 5647 6147
989 2303 1039 2353 5544 6044
4177 972 4227 1022 7838 8338
2065 1860 2115 1910 3541 4041
5540 2981 5590 3031 5740 6240
5687 1268 5737 1318 5896 6396
5500 1033 5550 1083 5768 6268
3888 44 3938 94 4728 5228
5199 2659 5249 2709 7061 7561
1301 1010 1351 1060 6066 6566
585 3799 635 3849 3540 4040
2264 1186 2314 1236 6453 6953
195 266 245 316 5050 5550
1092 1017 1142 1067 5580 6080
3098 2876 3148 2926 4297 4797
1325 3308 1375 3358 5400 5900
832 2173 882 2223 5530 6030
480 2281 530 2331 3949 4449
3754 3120 3804 3170 4846 5346
1154 1301 1204 1351 4780 5280
5421 2048 5471 2098 4177 4677
4508 111 4558 161 4298 4798
4744 1135 4794 1185 6180 6680
1467 1232 1517 1282 3644 4144
3373 926 3423 976 5207 5707
4232 520 4282 570 7380 7880
740 489 790 539 8081 8581
2237 3305 2287 3355 6082 6582
2089 528 2139 578 4167 4667
2994 747 3044 797 8055 8555
5598 2540 5648 2590 6355 6855
970 2086 1020 2136 3930 4430
1681 1117 1731 1167 5634 6134
326 1176 376 1226 5396 5896
3434 2415 3484 2465 3482 3982
4963 483 5013 533 4848 5348
3483 30 3533 80 4164 4664
4493 2089 4543 2139 6508 7008
4764 2185 4814 2235 7970 8470
2377 2977 2427 3027 6971 7471
4426 387 4476 437 3714 4214
1240 2164 1290 2214 3638 4138
4012 1594 4062 1644 7142 7642
28 2323 78 2373 5462 5962
1964 281 2014 331 3490 3990
7 3431 57 3481 7421 7921
5739 1523 5789 1573 3572 4072
3946 1250 3996 1300 7227 7727
5362 942 5412 992 8522 9022
834 3720 884 3770 6249 6749
1769 1275 1819 1325 7183 7683
2008 1314 2058 1364 6860 7360
4732 2241 4782 2291 6207 6707
1777 1240 1827 1290 5447 5947
