1000
3174 506 3224 556 6096 6196
632 1018 682 1068 7997 8097
1680 3391 1730 3441 5709 5809
5481 3514 5531 3564 8164 8264
5578 3422 5628 3472 3492 3592
4227 121 4277 171 7969 8069
5515 3436 5565 3486 8707 8807
3914 2874 3964 2924 6436 6536
5394 2363 5444 2413 7396 7496
742 2657 792 2707 3790 3890
3971 1814 4021 1864 4381 4481
1070 4 1120 54 6188 6288
2457 2667 2507 2717 7426 7526
477 2542 527 2592 6542 6642
4846 1157 4896 1207 5788 5888
2322 152 2372 202 6180 6280
321 570 371 620 7421 7521
3304 920 3354 970 7510 7610
4969 978 5019 1028 7245 7345
4645 25 4695 75 8098 8198
5059 3832 5109 3882 6383 6483
1166 3280 1216 3330 8097 8197
5468 933 5518 983 5258 5358
338 2068 388 2118 8502 8602
2183 461 2233 511 6617 6717
5057 3496 5107 3546 8940 9040
4969 2788 5019 2838 7200 7300
1336 2979 1386 3029 3396 3496
2905 907 2955 957 5765 5865
1614 1994 1664 2044 7327 7427
4687 2596 4737 2646 4927 5027
3717 3220 3767 3270 6960 7060
663 363 713 413 8294 8394
1669 1367 1719 1417 7179 7279
634 708 684 758 6828 6928
482 2376 532 2426 4852 4952
5440 1403 5490 1453 4271 4371
3651 1795 3701 1845 7911 8011
4820 1906 4870 1956 4340 4440
104 3529 154 3579 7992 8092
1828 1989 1878 2039 6370 6470
1054 1913 1104 1963 7731 7831
179 3305 229 3355 7645 7745
3472 361 3522 411 3569 3669
3808 712 3858 762 6853 6953
2052 3239 2102 3289 7646 7746
1854 761 1904 811 5598 5698
2208 1183 2258 1233 3830 3930
5091 904 5141 954 8992 9092
3891 903 3941 953 7021 7121
4579 1774 4629 1824 6734 6834
3769 2260 3819 2310 8634 8734
1302 1690 1352 1740 6109 6209
2644 998 2694 1048 5135 5235
1017 1683 1067 1733 8334 8434
4395 3638 4445 3688 7614 7714
4926 2456 4976 2506 4455 4555
1789 1496 1839 1546 8355 8455
783 2028 833 2078 3913 4013
350 1579 400 1629 4861 4961
5241 1574 5291 1624 5397 5497
4097 3472 4147 3522 7077 7177
5099 2590 5149 2640 7821 7921
3119 3242 3169 3292 8464 8564
5617 2846 5667 2896 7144 7244
318 970 368 1020 8900 9000
3750 3943 3800 3993 3874 3974
5307 1314 5357 1364 7464 7564
1524 2212 1574 2262 7204 7304
1683 1210 1733 1260 4063 4163
99 130 149 180 4241 4341
4389 2099 4439 2149 6650 6750
1373 3372 1423 3422 8400 8500
4138 3303 4188 3353 5588 5688
3247 2822 3297 2872 5661 5761
5646 934 5696 984 8942 9042
4459 1447 4509 1497 7439 7539
3351 33 3401 83 3378 3478
4529 2396 4579 2446 8557 8657
2831 3782 2881 3832 5921 6021
5285 2280 5335 2330 4789 4889
423 2477 473 2527 6015 6115
943 2683 993 2733 3524 3624
2356 3450 2406 3500 5723 5823
188 1826 238 1876 8707 8807
5713 2875 5763 2925 3592 3692
161 2335 211 2385 5959 6059
1851 1523 1901 1573 8714 8814
2317 2504 2367 2554 3923 4023
1015 2788 1065 2838 5048 5148
2759 571 2809 621 7909 8009
1208 810 1258 860 4775 4875
4923 2457 4973 2507 6601 6701
1630 200 1680 250 8081 8181
4703 1232 4753 1282 7057 7157
5523 3311 5573 3361 8884 8984
5735 74 5785 124 7753 7853
3298 2797 3348 2847 5746 5846
865 3754 915 3804 6957 7057
1288 2344 1338 2394 7041 7141
3596 2021 3646 2071 5111 5211
4751 102 4801 152 3617 3717
5162 1499 5212 1549 7418 7518
1737 1113 1787 1163 4536 4636
1751 2816 1801 2866 4437 4537
3989 959 4039 1009 7832 7932
5651 3240 5701 3290 3935 4035
942 391 992 441 4994 5094
2141 2592 2191 2642 6925 7025
3522 954 3572 1004 5158 5258
5264 3212 5314 3262 7910 8010
3722 3742 3772 3792 5263 5363
1131 3885 1181 3935 8688 8788
1086 3511 1136 3561 5422 5522
4618 982 4668 1032 8224 8324
332 2074 382 2124 7934 8034
5523 2330 5573 2380 7931 8031
1653 2947 1703 2997 5136 5236
828 2066 878 2116 6470 6570
900 1053 950 1103 6818 6918
4694 3266 4744 3316 3768 3868
251 805 301 855 7526 7626
3498 2381 3548 2431 4069 4169
1984 1980 2034 2030 7967 8067
3130 2616 3180 2666 8501 8601
3195 2139 3245 2189 3690 3790
3238 2723 3288 2773 6296 6396
1875 1628 1925 1678 7783 7883
1077 515 1127 565 8017 8117
1711 3138 1761 3188 6495 6595
2410 3940 2460 3990 5308 5408
2307 421 2357 471 7775 7875
362 1156 412 1206 4386 4486
4875 1986 4925 2036 6437 6537
1537 643 1587 693 7845 7945
1026 3893 1076 3943 4006 4106
2869 275 2919 325 8212 8312
5597 931 5647 981 8108 8208
4363 1164 4413 1214 5317 5417
1306 183 1356 233 6555 6655
4414 2894 4464 2944 7938 8038
251 87 301 137 6758 6858
4120 2837 4170 2887 3978 4078
5572 3747 5622 3797 7423 7523
4365 1238 4415 1288 3719 3819
3790 3625 3840 3675 4967 5067
5507 1699 5557 1749 5972 6072
2130 34 2180 84 4047 4147
5568 2714 5618 2764 6624 6724
5066 3334 5116 3384 5466 5566
1524 2380 1574 2430 5600 5700
4102 3686 4152 3736 9003 9103
1468 2968 1518 3018 6912 7012
1584 3746 1634 3796 4766 4866
5108 2342 5158 2392 5580 5680
3588 1373 3638 1423 4727 4827
220 3546 270 3596 8195 8295
2705 2546 2755 2596 3484 3584
9 0 59 50 6343 6443
1656 3757 1706 3807 5992 6092
910 1151 960 1201 5555 5655
3320 74 3370 124 4461 4561
2263 3760 2313 3810 3954 4054
2567 1513 2617 1563 4121 4221
1989 3220 2039 3270 8027 8127
739 486 789 536 8810 8910
4308 2292 4358 2342 7104 7204
5309 3256 5359 3306 3661 3761
895 358 945 408 8888 8988
3874 2096 3924 2146 3635 3735
1316 1320 1366 1370 8093 8193
3428 354 3478 404 7314 7414
3341 2667 3391 2717 8773 8873
5177 2627 5227 2677 7410 7510
1599 597 1649 647 4767 4867
2762 61 2812 111 3701 3801
4012 692 4062 742 4880 4980
5065 808 5115 858 5236 5336
935 2687 985 2737 5445 5545
1652 2848 1702 2898 8761 8861
702 2918 752 2968 7520 7620
4072 1896 4122 1946 8042 8142
2955 3468 3005 3518 7781 7881
3284 1561 3334 1611 8699 8799
852 492 902 542 4012 4112
5232 1465 5282 1515 7267 7367
2638 2471 2688 2521 8483 8583
3547 1399 3597 1449 6815 6915
4871 794 4921 844 3956 4056
3967 656 4017 706 8547 8647
2491 223 2541 273 7782 7882
2679 646 2729 696 3846 3946
5199 1431 5249 1481 5077 5177
731 1248 781 1298 7971 8071
3425 2750 3475 2800 7609 7709
2361 116 2411 166 4557 4657
4071 1734 4121 1784 5836 5936
4416 1426 4466 1476 5419 5519
4243 1879 4293 1929 5178 5278
1791 2881 1841 2931 4961 5061
2263 2579 2313 2629 6613 6713
4320 1724 4370 1774 6677 6777
5599 669 5649 719 5938 6038
3652 2082 3702 2132 7288 7388
1001 3501 1051 3551 3428 3528
1899 2141 1949 2191 8673 8773
5128 877 5178 927 4766 4866
3118 970 3168 1020 7715 7815
933 2658 983 2708 5537 5637
2647 3539 2697 3589 4397 4497
5447 3649 5497 3699 8756 8856
4244 817 4294 867 8264 8364
1784 891 1834 941 5085 5185
2349 2818 2399 2868 3629 3729
779 827 829 877 5135 5235
5043 2743 5093 2793 4575 4675
3002 2700 3052 2750 9006 9106
1757 1461 1807 1511 4952 5052
4855 994 4905 1044 8777 8877
5587 2094 5637 2144 5639 5739
801 897 851 947 6384 6484
3243 1009 3293 1059 5664 5764
5339 3644 5389 3694 3956 4056
2514 1195 2564 1245 4545 4645
1292 3380 1342 3430 6363 6463
632 527 682 577 5470 5570
4707 86 4757 136 7141 7241
2869 3791 2919 3841 5664 5764
2670 647 2720 697 8756 8856
2564 1003 2614 1053 8467 8567
5668 2652 5718 2702 7966 8066
4473 840 4523 890 4828 4928
163 674 213 724 8027 8127
2801 2823 2851 2873 4703 4803
3130 1466 3180 1516 6023 6123
3478 3486 3528 3536 7955 8055
3091 3124 3141 3174 8553 8653
2632 1256 2682 1306 3542 3642
2567 1665 2617 1715 7677 7777
3828 3628 3878 3678 4536 4636
1944 2213 1994 2263 3975 4075
3690 1070 3740 1120 4130 4230
401 3828 451 3878 5805 5905
4117 96 4167 146 8207 8307
5604 2836 5654 2886 4344 4444
4316 1593 4366 1643 8899 8999
831 3060 881 3110 7649 7749
1288 897 1338 947 6230 6330
327 517 377 567 7803 7903
4130 3483 4180 3533 6437 6537
4048 2281 4098 2331 7559 7659
5346 2896 5396 2946 6935 7035
2340 1250 2390 1300 8437 8537
2178 986 2228 1036 8561 8661
1584 3299 1634 3349 8482 8582
523 3668 573 3718 5523 5623
954 2051 1004 2101 9031 9131
468 1348 518 1398 7350 7450
5069 1967 5119 2017 6862 6962
2710 37 2760 87 6356 6456
4883 510 4933 560 3677 3777
4346 2089 4396 2139 5002 5102
2436 1093 2486 1143 6119 6219
1126 2148 1176 2198 3505 3605
3219 175 3269 225 8251 8351
262 591 312 641 3493 3593
198 2931 248 2981 5155 5255
327 1849 377 1899 8659 8759
627 2552 677 2602 8509 8609
3666 2184 3716 2234 4922 5022
4827 424 4877 474 6311 6411
2916 3436 2966 3486 7611 7711
298 437 348 487 5493 5593
511 2020 561 2070 6480 6580
554 378 604 428 5650 5750
1568 2868 1618 2918 3976 4076
5214 2612 5264 2662 6986 7086
2068 2101 2118 2151 3532 3632
2348 2232 2398 2282 6230 6330
3243 3524 3293 3574 5667 5767
4903 988 4953 1038 8998 9098
5585 856 5635 906 4983 5083
4846 1506 4896 1556 8526 8626
3697 235 3747 285 3595 3695
1664 1982 1714 2032 8300 8400
1656 1574 1706 1624 5076 5176
1544 3249 1594 3299 8993 9093
3608 587 3658 637 6195 6295
5662 2270 5712 2320 6330 6430
2522 2363 2572 2413 8801 8901
1361 903 1411 953 3674 3774
4408 2921 4458 2971 5754 5854
1291 1465 1341 1515 3754 3854
2047 2148 2097 2198 6092 6192
3337 3168 3387 3218 4724 4824
1264 180 1314 230 7038 7138
552 1676 602 1726 6559 6659
1401 3255 1451 3305 7580 7680
2809 1108 2859 1158 7211 7311
5405 2877 5455 2927 4923 5023
4410 1706 4460 1756 7934 8034
4651 1971 4701 2021 6919 7019
4581 343 4631 393 4537 4637
1843 2887 1893 2937 8580 8680
2741 908 2791 958 8310 8410
711 1547 761 1597 4428 4528
3112 3721 3162 3771 4787 4887
2249 2141 2299 2191 7334 7434
1518 1152 1568 1202 8141 8241
1939 3554 1989 3604 4398 4498
5428 1020 5478 1070 5652 5752
3980 731 4030 781 6190 6290
4507 732 4557 782 7626 7726
3410 1391 3460 1441 5357 5457
3060 2373 3110 2423 5275 5375
656 2280 706 2330 8222 8322
992 1546 1042 1596 8654 8754
5612 40 5662 90 4016 4116
5215 1161 5265 1211 4380 4480
4136 3798 4186 3848 7038 7138
434 705 484 755 7662 7762
3071 1258 3121 1308 8134 8234
1735 3287 1785 3337 5168 5268
5320 357 5370 407 4818 4918
1154 2517 1204 2567 7295 7395
174 514 224 564 6703 6803
509 1292 559 1342 4201 4301
56 3714 106 3764 7066 7166
4680 1426 4730 1476 5659 5759
5610 56 5660 106 7910 8010
5596 1345 5646 1395 5613 5713
4585 3047 4635 3097 4911 5011
110 2613 160 2663 3684 3784
1217 3770 1267 3820 8767 8867
5285 2071 5335 2121 7432 7532
820 1806 870 1856 7128 7228
1441 572 1491 622 4823 4923
1817 1521 1867 1571 5093 5193
5524 3413 5574 3463 7161 7261
5635 2310 5685 2360 3530 3630
5416 1767 5466 1817 4985 5085
524 3373 574 3423 8139 8239
3383 2770 3433 2820 7633 7733
4266 1261 4316 1311 7723 7823
792 3048 842 3098 4725 4825
485 3173 535 3223 3704 3804
5328 2778 5378 2828 6351 6451
3404 26 3454 76 8193 8293
4789 1723 4839 1773 5784 5884
3116 1695 3166 1745 5804 5904
1195 2604 1245 2654 6251 6351
3923 634 3973 684 5747 5847
2791 1563 2841 1613 4966 5066
3997 3022 4047 3072 4126 4226
1280 1984 1330 2034 7833 7933
258 968 308 1018 7093 7193
1105 3868 1155 3918 8400 8500
3004 125 3054 175 5334 5434
220 784 270 834 4750 4850
1896 2753 1946 2803 7357 7457
2062 2705 2112 2755 3847 3947
3658 278 3708 328 7799 7899
1016 3040 1066 3090 3747 3847
4500 44 4550 94 9011 9111
2419 149 2469 199 5383 5483
4522 906 4572 956 5102 5202
48 3553 98 3603 3746 3846
2020 1328 2070 1378 6856 6956
674 2518 724 2568 7977 8077
4670 3203 4720 3253 3650 3750
2272 603 2322 653 4442 4542
4687 1005 4737 1055 8808 8908
5321 3263 5371 3313 6089 6189
440 2245 490 2295 3709 3809
100 2025 150 2075 6018 6118
2441 1701 2491 1751 4614 4714
3484 494 3534 544 5497 5597
2767 46 2817 96 7560 7660
1039 1520 1089 1570 5867 5967
5745 981 5795 1031 8499 8599
1301 695 1351 745 4044 4144
4948 2126 4998 2176 5140 5240
3237 3097 3287 3147 4406 4506
2095 81 2145 131 3436 3536
2382 3433 2432 3483 4567 4667
4052 3855 4102 3905 6590 6690
245 1744 295 1794 3471 3571
3647 401 3697 451 4328 4428
5682 3902 5732 3952 4525 4625
3916 608 3966 658 5442 5542
1571 1176 1621 1226 6976 7076
5175 3789 5225 3839 3935 4035
5476 256 5526 306 6416 6516
353 1519 403 1569 5036 5136
1908 3672 1958 3722 3856 3956
978 2343 1028 2393 8048 8148
2084 2391 2134 2441 3917 4017
3949 36 3999 86 5685 5785
4129 3369 4179 3419 4569 4669
5108 3057 5158 3107 7686 7786
5766 2303 5816 2353 8717 8817
3910 2278 3960 2328 5572 5672
1575 2281 1625 2331 6848 6948
5409 2762 5459 2812 3927 4027
4270 1448 4320 1498 6903 7003
1396 2607 1446 2657 4578 4678
554 1176 604 1226 3864 3964
3903 464 3953 514 6886 6986
2628 515 2678 565 3988 4088
2231 2282 2281 2332 9004 9104
3995 2794 4045 2844 5965 6065
2103 1608 2153 1658 5304 5404
1504 1421 1554 1471 4701 4801
5434 808 5484 858 5191 5291
4406 3234 4456 3284 8420 8520
3941 278 3991 328 5825 5925
3626 3697 3676 3747 6295 6395
1052 3384 1102 3434 4261 4361
5659 2552 5709 2602 3841 3941
5755 1721 5805 1771 4609 4709
2602 363 2652 413 7706 7806
2237 221 2287 271 7909 8009
5369 3948 5419 3998 4853 4953
4567 3898 4617 3948 4093 4193
4647 1022 4697 1072 4785 4885
400 2942 450 2992 5833 5933
3059 2962 3109 3012 5317 5417
5780 91 5830 141 6292 6392
2742 1130 2792 1180 8564 8664
5191 977 5241 1027 6082 6182
5327 2690 5377 2740 6322 6422
1798 669 1848 719 7380 7480
4305 5 4355 55 8948 9048
2843 167 2893 217 7256 7356
166 2779 216 2829 6018 6118
1872 1387 1922 1437 8768 8868
2239 2549 2289 2599 5375 5475
494 2922 544 2972 7670 7770
5006 2969 5056 3019 5322 5422
5492 2637 5542 2687 4616 4716
5512 257 5562 307 7098 7198
1943 2005 1993 2055 8112 8212
26 1018 76 1068 7083 7183
5245 3238 5295 3288 3761 3861
1680 1002 1730 1052 7217 7317
5321 926 5371 976 3911 4011
4061 2719 4111 2769 3548 3648
4665 2746 4715 2796 4961 5061
2393 3821 2443 3871 7462 7562
2904 594 2954 644 7432 7532
372 1552 422 1602 3600 3700
536 3674 586 3724 8479 8579
1169 2663 1219 2713 8671 8771
4987 1898 5037 1948 5659 5759
510 1327 560 1377 4253 4353
1313 833 1363 883 7449 7549
2006 2789 2056 2839 3860 3960
5648 2825 5698 2875 6772 6872
3782 3276 3832 3326 6187 6287
479 1891 529 1941 8879 8979
928 3028 978 3078 7801 7901
3340 339 3390 389 4325 4425
3720 2962 3770 3012 4040 4140
584 3002 634 3052 6853 6953
1239 3439 1289 3489 6893 6993
4523 3671 4573 3721 8386 8486
726 564 776 614 5392 5492
3670 620 3720 670 7164 7264
5404 2241 5454 2291 6665 6765
5143 3875 5193 3925 7424 7524
2589 1395 2639 1445 6599 6699
599 1823 649 1873 3828 3928
1118 2075 1168 2125 3851 3951
5499 355 5549 405 7871 7971
3423 2716 3473 2766 7451 7551
2362 2827 2412 2877 5506 5606
1846 3859 1896 3909 5087 5187
145 1766 195 1816 3862 3962
598 1540 648 1590 5000 5100
5598 236 5648 286 6925 7025
5139 1263 5189 1313 3940 4040
922 2791 972 2841 3524 3624
2411 22 2461 72 5115 5215
3658 3523 3708 3573 4257 4357
5185 3339 5235 3389 8907 9007
384 797 434 847 6099 6199
2152 3494 2202 3544 4002 4102
5376 1798 5426 1848 4684 4784
4122 3053 4172 3103 7457 7557
3501 1497 3551 1547 3800 3900
1336 3541 1386 3591 6470 6570
5675 3172 5725 3222 4469 4569
1158 731 1208 781 6002 6102
3086 3130 3136 3180 4489 4589
4927 950 4977 1000 8151 8251
802 1581 852 1631 7594 7694
2351 224 2401 274 3742 3842
3183 1963 3233 2013 7447 7547
5641 1761 5691 1811 3914 4014
2222 2996 2272 3046 3686 3786
5186 503 5236 553 3569 3669
4213 3012 4263 3062 8370 8470
5695 1061 5745 1111 8788 8888
3631 3489 3681 3539 6884 6984
3520 2751 3570 2801 8738 8838
341 1562 391 1612 5512 5612
3574 1612 3624 1662 8171 8271
3482 3947 3532 3997 5512 5612
3348 724 3398 774 6857 6957
5097 1386 5147 1436 8165 8265
1419 2787 1469 2837 8902 9002
1917 1671 1967 1721 3968 4068
3050 828 3100 878 6435 6535
3247 3094 3297 3144 3549 3649
377 708 427 758 6606 6706
2277 962 2327 1012 4134 4234
5352 132 5402 182 4531 4631
1499 1144 1549 1194 8428 8528
1884 2414 1934 2464 7380 7480
2185 1906 2235 1956 3893 3993
112 2257 162 2307 7227 7327
2792 1917 2842 1967 5052 5152
4320 109 4370 159 8226 8326
4525 1515 4575 1565 5533 5633
704 1362 754 1412 3760 3860
5385 31 5435 81 5179 5279
4651 3056 4701 3106 5183 5283
3990 2189 4040 2239 7304 7404
2121 2776 2171 2826 5860 5960
3359 2627 3409 2677 8643 8743
1480 218 1530 268 8719 8819
2997 3 3047 53 7867 7967
5007 475 5057 525 5417 5517
1621 2126 1671 2176 8365 8465
2263 3924 2313 3974 8888 8988
3334 720 3384 770 4175 4275
5176 838 5226 888 7706 7806
4245 2510 4295 2560 5693 5793
4023 641 4073 691 5018 5118
2067 1046 2117 1096 3498 3598
820 3404 870 3454 7507 7607
3030 3170 3080 3220 5569 5669
3495 1445 3545 1495 5530 5630
2611 3008 2661 3058 6367 6467
4954 2483 5004 2533 6677 6777
5108 9 5158 59 8766 8866
2698 1068 2748 1118 6149 6249
3076 1841 3126 1891 5655 5755
1950 2903 2000 2953 4162 4262
1204 2148 1254 2198 4099 4199
369 2052 419 2102 7570 7670
4021 3733 4071 3783 8671 8771
234 1207 284 1257 3416 3516
2255 1916 2305 1966 7998 8098
3028 2856 3078 2906 5064 5164
3257 869 3307 919 6340 6440
1211 3887 1261 3937 7967 8067
213 2546 263 2596 7666 7766
4254 2984 4304 3034 3703 3803
3873 2890 3923 2940 7394 7494
2430 938 2480 988 7006 7106
3215 1299 3265 1349 6306 6406
4760 3406 4810 3456 8862 8962
4956 3784 5006 3834 7891 7991
4096 608 4146 658 5878 5978
4443 615 4493 665 6762 6862
2214 575 2264 625 4748 4848
3912 757 3962 807 6680 6780
5336 3102 5386 3152 8283 8383
4718 919 4768 969 8044 8144
4126 2017 4176 2067 5160 5260
4380 1900 4430 1950 6276 6376
65 3169 115 3219 3833 3933
4931 2748 4981 2798 8819 8919
5544 3646 5594 3696 4063 4163
5530 3826 5580 3876 7369 7469
4207 3299 4257 3349 7126 7226
1619 2563 1669 2613 4531 4631
844 78 894 128 6610 6710
2504 1560 2554 1610 6903 7003
2013 688 2063 738 3631 3731
4204 650 4254 700 5082 5182
191 3474 241 3524 8377 8477
1788 2463 1838 2513 6314 6414
4134 104 4184 154 3520 3620
3137 1497 3187 1547 4848 4948
729 178 779 228 4439 4539
2585 35 2635 85 4379 4479
1799 2475 1849 2525 8964 9064
2625 3150 2675 3200 7188 7288
3147 430 3197 480 8743 8843
3140 2586 3190 2636 4998 5098
1355 3585 1405 3635 5486 5586
1227 2313 1277 2363 3430 3530
592 2553 642 2603 9019 9119
3548 3775 3598 3825 6175 6275
301 2645 351 2695 5536 5636
4648 3119 4698 3169 4392 4492
3128 1435 3178 1485 7631 7731
5541 1264 5591 1314 7248 7348
5023 2388 5073 2438 3827 3927
5702 3442 5752 3492 6406 6506
4839 1807 4889 1857 4972 5072
1173 82 1223 132 7238 7338
5426 446 5476 496 8893 8993
4443 2026 4493 2076 3381 3481
2427 1315 2477 1365 6038 6138
4911 3856 4961 3906 6773 6873
5070 1497 5120 1547 6746 6846
2421 1080 2471 1130 3527 3627
2122 3597 2172 3647 7898 7998
2205 1264 2255 1314 4691 4791
3737 3203 3787 3253 6957 7057
5583 3848 5633 3898 4274 4374
2413 1711 2463 1761 3675 3775
2825 3662 2875 3712 6889 6989
1029 3864 1079 3914 4057 4157
4027 2496 4077 2546 5074 5174
4151 2406 4201 2456 5281 5381
1871 2687 1921 2737 4600 4700
4278 1969 4328 2019 8430 8530
4264 682 4314 732 5135 5235
2314 843 2364 893 7681 7781
5575 2657 5625 2707 8425 8525
5019 3915 5069 3965 4917 5017
5702 2652 5752 2702 6894 6994
4055 2642 4105 2692 5823 5923
1706 872 1756 922 5449 5549
648 1600 698 1650 8373 8473
872 1741 922 1791 7517 7617
3939 1420 3989 1470 6758 6858
153 783 203 833 6552 6652
5471 1565 5521 1615 7425 7525
241 2191 291 2241 3730 3830
4336 2174 4386 2224 6582 6682
4483 823 4533 873 6076 6176
5124 732 5174 782 4732 4832
1570 2649 1620 2699 8377 8477
4521 1959 4571 2009 3407 3507
1676 160 1726 210 4534 4634
5709 2282 5759 2332 7827 7927
44 2884 94 2934 6475 6575
5584 415 5634 465 3377 3477
250 324 300 374 3701 3801
1207 3644 1257 3694 6768 6868
3751 2479 3801 2529 4706 4806
4915 1060 4965 1110 5121 5221
4403 3250 4453 3300 4610 4710
450 2505 500 2555 6458 6558
1671 663 1721 713 6904 7004
4148 980 4198 1030 8759 8859
576 335 626 385 5744 5844
1010 2792 1060 2842 5291 5391
5111 1294 5161 1344 7621 7721
1081 3016 1131 3066 6451 6551
1056 2835 1106 2885 4907 5007
2294 590 2344 640 4931 5031
4386 1166 4436 1216 4888 4988
3248 2054 3298 2104 8436 8536
2665 903 2715 953 3571 3671
4835 1699 4885 1749 5776 5876
5254 3049 5304 3099 8682 8782
938 1217 988 1267 4132 4232
496 580 546 630 7519 7619
2841 3900 2891 3950 6934 7034
2056 360 2106 410 8097 8197
5761 3205 5811 3255 7117 7217
1706 746 1756 796 7863 7963
1718 2964 1768 3014 4004 4104
62 3918 112 3968 8494 8594
1551 2630 1601 2680 7069 7169
1641 1381 1691 1431 5767 5867
4838 3057 4888 3107 6110 6210
3819 2983 3869 3033 4017 4117
4625 2052 4675 2102 8647 8747
1346 2772 1396 2822 8898 8998
3523 288 3573 338 5178 5278
3163 2993 3213 3043 7413 7513
3342 1716 3392 1766 8666 8766
4510 2344 4560 2394 7935 8035
1220 2159 1270 2209 4663 4763
3412 1002 3462 1052 8329 8429
80 3159 130 3209 7459 7559
2488 2953 2538 3003 6481 6581
4167 2245 4217 2295 8717 8817
4871 2346 4921 2396 4329 4429
5655 3278 5705 3328 6192 6292
1695 3924 1745 3974 6108 6208
4497 2068 4547 2118 8755 8855
4399 3146 4449 3196 7859 7959
4066 3542 4116 3592 3622 3722
5681 1003 5731 1053 7277 7377
4242 2531 4292 2581 7129 7229
5152 303 5202 353 8028 8128
3116 3938 3166 3988 5945 6045
4112 3778 4162 3828 4443 4543
1270 752 1320 802 8247 8347
3486 2017 3536 2067 5678 5778
886 3798 936 3848 5315 5415
2306 1158 2356 1208 3704 3804
5153 1397 5203 1447 3457 3557
724 3195 774 3245 8274 8374
4052 600 4102 650 7633 7733
5256 2864 5306 2914 7432 7532
4176 1686 4226 1736 8319 8419
972 2501 1022 2551 5812 5912
127 178 177 228 7017 7117
701 1769 751 1819 6494 6594
3203 2936 3253 2986 5775 5875
719 874 769 924 8576 8676
3550 741 3600 791 7194 7294
9 1883 59 1933 8590 8690
5089 3026 5139 3076 6386 6486
1497 1134 1547 1184 6248 6348
4632 1405 4682 1455 5619 5719
3097 2702 3147 2752 7334 7434
3090 2852 3140 2902 3524 3624
1822 1750 1872 1800 5839 5939
2315 1615 2365 1665 5679 5779
1948 1702 1998 1752 5918 6018
5120 69 5170 119 7885 7985
4316 257 4366 307 5233 5333
2562 3270 2612 3320 7537 7637
4100 2599 4150 2649 7217 7317
2501 2499 2551 2549 4841 4941
5345 2388 5395 2438 4565 4665
3834 2663 3884 2713 5879 5979
567 2937 617 2987 7063 7163
2166 709 2216 759 5684 5784
5054 344 5104 394 4336 4436
4419 1864 4469 1914 5863 5963
5414 2145 5464 2195 3752 3852
1645 432 1695 482 5416 5516
2955 1276 3005 1326 6939 7039
1691 3023 1741 3073 6713 6813
2030 3407 2080 3457 4019 4119
2290 3791 2340 3841 6036 6136
2597 1541 2647 1591 6003 6103
2327 670 2377 720 6114 6214
4683 732 4733 782 7192 7292
3265 2601 3315 2651 6264 6364
297 1929 347 1979 5574 5674
2906 1168 2956 1218 3743 3843
618 2775 668 2825 7875 7975
3375 3365 3425 3415 5421 5521
1574 391 1624 441 7457 7557
4103 3321 4153 3371 5029 5129
1142 341 1192 391 5539 5639
306 3346 356 3396 7368 7468
5237 3238 5287 3288 7153 7253
2321 12 2371 62 4934 5034
5122 2208 5172 2258 7732 7832
5049 1612 5099 1662 6724 6824
2008 1494 2058 1544 8583 8683
1428 3316 1478 3366 8979 9079
19 1674 69 1724 6872 6972
472 3478 522 3528 7545 7645
3485 1782 3535 1832 3750 3850
1179 91 1229 141 6427 6527
184 2498 234 2548 6551 6651
5555 1444 5605 1494 6669 6769
3011 1606 3061 1656 5182 5282
3756 2317 3806 2367 6562 6662
3644 2871 3694 2921 4674 4774
4304 23 4354 73 4668 4768
1636 1887 1686 1937 8305 8405
4789 2259 4839 2309 3966 4066
1816 981 1866 1031 8165 8265
2433 163 2483 213 8106 8206
522 2720 572 2770 4023 4123
767 2619 817 2669 5407 5507
642 1325 692 1375 3813 3913
4907 198 4957 248 8694 8794
4886 1545 4936 1595 3414 3514
1198 2482 1248 2532 6977 7077
355 2994 405 3044 4426 4526
3932 2333 3982 2383 7095 7195
3122 439 3172 489 5304 5404
3532 466 3582 516 6892 6992
1004 1809 1054 1859 6096 6196
3914 3757 3964 3807 8280 8380
2999 1232 3049 1282 6178 6278
3383 963 3433 1013 8890 8990
2997 3424 3047 3474 6853 6953
3848 2778 3898 2828 6858 6958
1575 2339 1625 2389 4755 4855
1988 2645 2038 2695 4046 4146
2906 3223 2956 3273 8905 9005
4676 1335 4726 1385 4284 4384
4496 1024 4546 1074 6157 6257
3879 267 3929 317 3858 3958
1261 3890 1311 3940 4773 4873
5444 2217 5494 2267 5045 5145
2812 3759 2862 3809 5356 5456
1473 3485 1523 3535 7009 7109
5732 1989 5782 2039 7213 7313
4315 587 4365 637 6813 6913
2013 3784 2063 3834 6403 6503
5104 1846 5154 1896 5110 5210
4441 2270 4491 2320 7667 7767
5009 2686 5059 2736 6550 6650
458 2332 508 2382 6304 6404
3012 826 3062 876 8952 9052
3342 3457 3392 3507 8478 8578
1870 2728 1920 2778 4926 5026
5587 1123 5637 1173 5062 5162
5075 498 5125 548 4273 4373
4266 3754 4316 3804 7863 7963
492 3428 542 3478 8006 8106
422 3369 472 3419 6645 6745
5059 866 5109 916 3995 4095
5410 245 5460 295 3386 3486
1819 1600 1869 1650 5116 5216
4788 1943 4838 1993 9035 9135
4405 3561 4455 3611 8868 8968
1864 2467 1914 2517 5593 5693
69 432 119 482 4682 4782
5471 2345 5521 2395 6812 6912
3603 716 3653 766 7759 7859
2279 3074 2329 3124 4348 4448
1531 3110 1581 3160 5033 5133
3911 1092 3961 1142 4634 4734
2235 910 2285 960 4551 4651
3275 261 3325 311 3951 4051
5378 2335 5428 2385 8906 9006
247 2716 297 2766 7629 7729
2059 10 2109 60 5542 5642
2219 1000 2269 1050 7667 7767
88 2137 138 2187 5699 5799
2096 1318 2146 1368 8625 8725
5566 242 5616 292 3735 3835
3926 1028 3976 1078 7126 7226
2098 2055 2148 2105 6306 6406
3093 3582 3143 3632 3694 3794
1808 1164 1858 1214 5979 6079
2769 1479 2819 1529 4956 5056
3116 563 3166 613 3898 3998
5272 52 5322 102 5287 5387
4574 1992 4624 2042 3857 3957
4652 3048 4702 3098 8333 8433
4601 931 4651 981 8141 8241
3689 1029 3739 1079 6414 6514
209 3017 259 3067 7908 8008
1771 594 1821 644 7119 7219
253 3036 303 3086 5621 5721
1387 2052 1437 2102 4824 4924
3058 3491 3108 3541 5370 5470
5333 3833 5383 3883 6060 6160
2103 904 2153 954 4668 4768
107 3322 157 3372 5582 5682
2952 2308 3002 2358 5690 5790
5051 403 5101 453 6655 6755
3199 2083 3249 2133 8159 8259
957 924 1007 974 8874 8974
273 1139 323 1189 5291 5391
5200 543 5250 593 5454 5554
4402 1853 4452 1903 5445 5545
5729 1128 5779 1178 7434 7534
4284 2180 4334 2230 4380 4480
153 3196 203 3246 4280 4380
1225 1543 1275 1593 8299 8399
4620 845 4670 895 7043 7143
1356 2131 1406 2181 4267 4367
5113 2936 5163 2986 8576 8676
284 1754 334 1804 4866 4966
4723 3699 4773 3749 8663 8763
5154 1780 5204 1830 8635 8735
2039 511 2089 561 8468 8568
5114 3896 5164 3946 5991 6091
4234 1505 4284 1555 5779 5879
70 3718 120 3768 4616 4716
4341 3565 4391 3615 8852 8952
710 2075 760 2125 8613 8713
3621 1696 3671 1746 4346 4446
5075 2453 5125 2503 7050 7150
859 49 909 99 7636 7736
1290 3302 1340 3352 5978 6078
4962 3848 5012 3898 8815 8915
2971 1002 3021 1052 5918 6018
1886 2999 1936 3049 5835 5935
1812 1310 1862 1360 8267 8367
4376 2192 4426 2242 4196 4296
1719 1530 1769 1580 6664 6764
2831 838 2881 888 6612 6712
1552 1608 1602 1658 3874 3974
2619 3841 2669 3891 6039 6139
4114 749 4164 799 7012 7112
4648 2086 4698 2136 7288 7388
1506 3891 1556 3941 6841 6941
1625 1012 1675 1062 8259 8359
1178 27 1228 77 5202 5302
2717 1909 2767 1959 5759 5859
2417 740 2467 790 7933 8033
2961 2033 3011 2083 6950 7050
2344 3637 2394 3687 5508 5608
850 3353 900 3403 7611 7711
548 362 598 412 6285 6385
3457 393 3507 443 3633 3733
3170 8 3220 58 7913 8013
3475 2534 3525 2584 4738 4838
1488 1574 1538 1624 6276 6376
4399 3659 4449 3709 7173 7273
985 1070 1035 1120 5662 5762
4865 2646 4915 2696 8565 8665
962 2750 1012 2800 3939 4039
4604 2697 4654 2747 6802 6902
5070 2537 5120 2587 7572 7672
3650 1051 3700 1101 7275 7375
2652 3226 2702 3276 8846 8946
584 455 634 505 6005 6105
3795 3639 3845 3689 4374 4474
2516 2805 2566 2855 4762 4862
1123 145 1173 195 6412 6512
1335 3 1385 53 4441 4541
3329 3785 3379 3835 7757 7857
5522 1246 5572 1296 8036 8136
5224 3562 5274 3612 7015 7115
2086 3009 2136 3059 6757 6857
5220 1106 5270 1156 5510 5610
4551 1743 4601 1793 8324 8424
377 1982 427 2032 8749 8849
2803 143 2853 193 8617 8717
4291 3224 4341 3274 6226 6326
141 2925 191 2975 7720 7820
4896 1279 4946 1329 5339 5439
2199 1355 2249 1405 8470 8570
4482 1986 4532 2036 5926 6026
5177 152 5227 202 8800 8900
1948 3580 1998 3630 5087 5187
1104 3806 1154 3856 4997 5097
1654 3935 1704 3985 8318 8418
3761 1021 3811 1071 8197 8297
4706 2106 4756 2156 7507 7607
2819 3739 2869 3789 6959 7059
5620 666 5670 716 7658 7758
4299 2970 4349 3020 4503 4603
4787 927 4837 977 6596 6696
5038 1024 5088 1074 4289 4389
1583 361 1633 411 8737 8837
2866 1596 2916 1646 6827 6927
2353 664 2403 714 6862 6962
2512 1203 2562 1253 5758 5858
68 1500 118 1550 6484 6584
5072 1700 5122 1750 6414 6514
2813 1237 2863 1287 6618 6718
1084 514 1134 564 8972 9072
4081 3591 4131 3641 6805 6905
982 2176 1032 2226 5340 5440
1473 3230 1523 3280 6384 6484
1847 2770 1897 2820 7987 8087
5328 3108 5378 3158 3766 3866
3849 2275 3899 2325 4767 4867
1540 3227 1590 3277 6478 6578
37 1286 87 1336 4507 4607
3464 2190 3514 2240 4781 4881
1154 3836 1204 3886 5181 5281
2423 2492 2473 2542 6715 6815
172 143 222 193 6271 6371
2715 893 2765 943 3609 3709
1745 3233 1795 3283 3605 3705
1504 254 1554 304 6305 6405
4973 2088 5023 2138 6898 6998
4332 2422 4382 2472 6121 6221
2959 2793 3009 2843 8110 8210
2346 2422 2396 2472 5115 5215
2323 1405 2373 1455 7092 7192
71 2713 121 2763 5416 5516
376 2184 426 2234 7400 7500
5624 1411 5674 1461 7365 7465
1350 186 1400 236 7517 7617
677 107 727 157 8803 8903
3302 2405 3352 2455 3376 3476
157 3765 207 3815 6542 6642
2890 1167 2940 1217 8496 8596
3666 263 3716 313 4104 4204
3969 2858 4019 2908 6370 6470
421 3810 471 3860 7049 7149
1567 3897 1617 3947 5486 5586
2598 205 2648 255 3650 3750
3660 3297 3710 3347 4554 4654
809 1278 859 1328 8725 8825
5165 3451 5215 3501 5221 5321
549 806 599 856 8356 8456
4549 3334 4599 3384 5809 5909
1155 469 1205 519 8476 8576
2760 1734 2810 1784 3919 4019
4727 3631 4777 3681 6866 6966
3688 3565 3738 3615 3656 3756
2952 1108 3002 1158 4437 4537
3907 1675 3957 1725 3779 3879
3834 26 3884 76 7585 7685
2912 3750 2962 3800 9033 9133
4786 3082 4836 3132 7560 7660
3533 443 3583 493 5917 6017
786 1440 836 1490 8843 8943
2028 1162 2078 1212 4237 4337
3792 445 3842 495 5577 5677
357 1433 407 1483 5150 5250
3682 2359 3732 2409 5406 5506
691 114 741 164 3741 3841
