1000
1721 339 1771 389 4872 8872
3571 1680 3621 1730 3838 7838
1207 2299 1257 2349 3609 7609
4994 2691 5044 2741 4603 8603
3556 2480 3606 2530 3900 7900
3997 468 4047 518 4214 8214
2799 1201 2849 1251 4635 8635
426 378 476 428 4435 8435
28 1625 78 1675 5136 9136
4030 2235 4080 2285 4427 8427
780 2467 830 2517 3448 7448
1951 3315 2001 3365 4556 8556
2765 3852 2815 3902 4225 8225
2669 351 2719 401 4507 8507
5464 2674 5514 2724 4524 8524
939 1158 989 1208 4217 8217
2825 220 2875 270 3523 7523
2356 3651 2406 3701 4107 8107
4381 2380 4431 2430 3481 7481
2892 631 2942 681 4370 8370
3562 670 3612 720 4816 8816
5563 2720 5613 2770 4773 8773
5470 101 5520 151 4158 8158
2862 2924 2912 2974 5107 9107
5385 838 5435 888 4781 8781
3957 851 4007 901 4209 8209
3650 196 3700 246 3886 7886
3359 3659 3409 3709 4637 8637
4710 3725 4760 3775 4629 8629
5201 1770 5251 1820 4852 8852
4674 2852 4724 2902 3959 7959
4852 3927 4902 3977 4616 8616
3513 2156 3563 2206 3567 7567
5003 2651 5053 2701 3795 7795
4059 770 4109 820 4952 8952
2912 2376 2962 2426 4820 8820
4232 3417 4282 3467 3451 7451
564 1143 614 1193 4856 8856
2588 2697 2638 2747 4001 8001
4542 2370 4592 2420 3442 7442
2011 690 2061 740 3632 7632
1566 1263 1616 1313 3669 7669
3832 2315 3882 2365 4926 8926
4456 3746 4506 3796 3741 7741
1642 1387 1692 1437 4788 8788
5320 1865 5370 1915 4891 8891
3518 1816 3568 1866 4107 8107
1717 893 1767 943 3377 7377
5408 3316 5458 3366 4417 8417
1601 2425 1651 2475 4776 8776
4769 3371 4819 3421 3685 7685
1102 1736 1152 1786 4358 8358
1954 808 2004 858 4848 8848
5677 690 5727 740 4963 8963
3551 3737 3601 3787 3880 7880
4098 1746 4148 1796 4778 8778
4158 3470 4208 3520 4167 8167
2917 2342 2967 2392 4331 8331
1079 314 1129 364 4766 8766
3355 1110 3405 1160 3381 7381
2037 2550 2087 2600 4215 8215
1799 2966 1849 3016 4507 8507
1703 1765 1753 1815 3732 7732
3935 1672 3985 1722 4646 8646
589 249 639 299 5115 9115
2843 2217 2893 2267 4159 8159
2026 2052 2076 2102 4997 8997
5509 3170 5559 3220 4171 8171
4928 1626 4978 1676 4146 8146
4680 1255 4730 1305 4573 8573
4843 3289 4893 3339 4920 8920
1638 516 1688 566 3492 7492
5559 2103 5609 2153 3521 7521
1739 1892 1789 1942 3815 7815
3078 249 3128 299 4744 8744
1447 1942 1497 1992 4374 8374
3493 365 3543 415 5016 9016
4289 1287 4339 1337 4847 8847
1089 1080 1139 1130 4851 8851
2438 3061 2488 3111 4305 8305
4146 1184 4196 1234 4801 8801
3864 2204 3914 2254 3906 7906
4021 3904 4071 3954 3773 7773
3917 3143 3967 3193 4900 8900
4765 42 4815 92 3572 7572
2998 2289 3048 2339 4024 8024
61 2590 111 2640 4125 8125
1438 1034 1488 1084 3881 7881
4257 2775 4307 2825 5042 9042
1150 796 1200 846 4862 8862
2592 2969 2642 3019 4142 8142
3500 562 3550 612 4704 8704
5675 3303 5725 3353 5125 9125
565 1106 615 1156 4788 8788
1034 161 1084 211 4176 8176
1879 3532 1929 3582 3453 7453
1481 2151 1531 2201 4987 8987
5002 1452 5052 1502 4495 8495
579 86 629 136 3567 7567
3395 3630 3445 3680 4747 8747
2084 2054 2134 2104 4118 8118
4626 891 4676 941 4020 8020
2406 1228 2456 1278 4760 8760
5446 77 5496 127 4719 8719
2576 3852 2626 3902 4342 8342
2666 3762 2716 3812 3420 7420
45 1748 95 1798 3746 7746
2669 989 2719 1039 3615 7615
4573 2772 4623 2822 3525 7525
5519 3657 5569 3707 4354 8354
829 3323 879 3373 4288 8288
4903 678 4953 728 3967 7967
4233 3016 4283 3066 3926 7926
2840 1250 2890 1300 4755 8755
1989 3044 2039 3094 3467 7467
653 3350 703 3400 4778 8778
3158 508 3208 558 5014 9014
1120 1059 1170 1109 4138 8138
1768 1517 1818 1567 4429 8429
3569 138 3619 188 4998 8998
5019 1668 5069 1718 3798 7798
4246 1175 4296 1225 4347 8347
3424 2034 3474 2084 4441 8441
5573 3028 5623 3078 4064 8064
2332 1313 2382 1363 3844 7844
3663 1001 3713 1051 3794 7794
1189 1104 1239 1154 3996 7996
857 3773 907 3823 4299 8299
549 2559 599 2609 4243 8243
846 360 896 410 3839 7839
2487 1377 2537 1427 3858 7858
3094 3142 3144 3192 4861 8861
4638 2028 4688 2078 4937 8937
5061 2645 5111 2695 3893 7893
2692 2256 2742 2306 4846 8846
107 3008 157 3058 3462 7462
1783 1899 1833 1949 3513 7513
4627 2920 4677 2970 4398 8398
2863 3678 2913 3728 3799 7799
1065 1857 1115 1907 4619 8619
4752 1683 4802 1733 4303 8303
1844 1389 1894 1439 3767 7767
1708 2223 1758 2273 3607 7607
2786 2681 2836 2731 3589 7589
801 64 851 114 5096 9096
3532 796 3582 846 3895 7895
50 327 100 377 4933 8933
2442 2547 2492 2597 4732 8732
1573 614 1623 664 4060 8060
1020 3946 1070 3996 4162 8162
4354 3643 4404 3693 3920 7920
548 1940 598 1990 4738 8738
2777 3396 2827 3446 4242 8242
4209 1572 4259 1622 5084 9084
3300 3449 3350 3499 3815 7815
1055 1869 1105 1919 4447 8447
5602 1216 5652 1266 4843 8843
757 3162 807 3212 3858 7858
4750 3011 4800 3061 4191 8191
758 2753 808 2803 4153 8153
4345 2747 4395 2797 3421 7421
1953 3234 2003 3284 5043 9043
1140 3404 1190 3454 3620 7620
5217 766 5267 816 5046 9046
3199 1347 3249 1397 4723 8723
917 3452 967 3502 5106 9106
4268 2189 4318 2239 4515 8515
4780 1699 4830 1749 4863 8863
5754 2091 5804 2141 3826 7826
1608 1953 1658 2003 3600 7600
4990 3712 5040 3762 3666 7666
3278 580 3328 630 4165 8165
2782 1848 2832 1898 3910 7910
2556 1268 2606 1318 4720 8720
923 952 973 1002 3462 7462
1820 396 1870 446 4421 8421
1661 396 1711 446 3792 7792
3152 711 3202 761 4116 8116
4753 3318 4803 3368 4985 8985
3573 931 3623 981 3736 7736
5098 1446 5148 1496 3721 7721
772 3417 822 3467 4698 8698
1399 2022 1449 2072 3705 7705
828 3468 878 3518 4360 8360
614 1427 664 1477 4838 8838
2730 3299 2780 3349 4792 8792
3767 2483 3817 2533 3531 7531
5348 3576 5398 3626 4481 8481
5092 1839 5142 1889 3615 7615
5096 3096 5146 3146 3522 7522
327 2768 377 2818 4379 8379
5385 3602 5435 3652 3490 7490
386 3743 436 3793 3505 7505
3843 2644 3893 2694 3883 7883
946 1071 996 1121 3552 7552
2012 371 2062 421 5028 9028
841 3428 891 3478 4554 8554
4838 577 4888 627 3460 7460
4063 1420 4113 1470 4030 8030
1618 2959 1668 3009 5137 9137
4902 3765 4952 3815 4263 8263
4669 3599 4719 3649 4452 8452
1061 1903 1111 1953 3936 7936
5787 1663 5837 1713 5025 9025
4032 1871 4082 1921 4737 8737
1183 666 1233 716 3956 7956
386 1259 436 1309 3917 7917
649 94 699 144 4065 8065
3797 1264 3847 1314 4354 8354
4328 3569 4378 3619 3838 7838
4488 3418 4538 3468 4651 8651
931 2259 981 2309 4396 8396
220 3508 270 3558 4587 8587
5080 147 5130 197 4767 8767
2103 3548 2153 3598 4947 8947
2159 3284 2209 3334 4034 8034
3514 2086 3564 2136 3450 7450
2816 3006 2866 3056 3541 7541
4088 11 4138 61 3462 7462
838 29 888 79 3644 7644
3955 1067 4005 1117 5030 9030
5319 2513 5369 2563 4486 8486
4526 2879 4576 2929 3712 7712
1960 1389 2010 1439 4799 8799
139 687 189 737 4721 8721
4471 1846 4521 1896 3660 7660
2251 716 2301 766 3460 7460
594 156 644 206 4326 8326
2528 744 2578 794 3787 7787
3672 3900 3722 3950 4271 8271
5643 3542 5693 3592 4006 8006
1763 3435 1813 3485 4072 8072
1165 2659 1215 2709 4571 8571
446 3117 496 3167 4300 8300
2740 1951 2790 2001 4309 8309
4960 1032 5010 1082 4008 8008
3827 459 3877 509 4961 8961
2862 1489 2912 1539 3385 7385
4043 267 4093 317 3513 7513
2720 869 2770 919 4558 8558
4550 2913 4600 2963 3638 7638
1111 1917 1161 1967 3802 7802
3590 138 3640 188 4307 8307
625 517 675 567 3995 7995
3087 2631 3137 2681 4077 8077
4634 988 4684 1038 3569 7569
4290 11 4340 61 4904 8904
1586 648 1636 698 3831 7831
667 1384 717 1434 4058 8058
4294 2230 4344 2280 4886 8886
4859 3785 4909 3835 4819 8819
1855 2027 1905 2077 3748 7748
3737 3420 3787 3470 4743 8743
3449 2941 3499 2991 4420 8420
1626 841 1676 891 3417 7417
2869 1759 2919 1809 4062 8062
69 776 119 826 4876 8876
4405 283 4455 333 3387 7387
426 1576 476 1626 4090 8090
2241 309 2291 359 3863 7863
3752 382 3802 432 4772 8772
346 249 396 299 3726 7726
4042 3914 4092 3964 4362 8362
4423 1046 4473 1096 4153 8153
610 3801 660 3851 4217 8217
2459 1139 2509 1189 3721 7721
696 2565 746 2615 5073 9073
475 634 525 684 4556 8556
2003 219 2053 269 4141 8141
4861 1018 4911 1068 3969 7969
4650 3899 4700 3949 4250 8250
4593 2736 4643 2786 4460 8460
11 584 61 634 3450 7450
4749 963 4799 1013 3736 7736
731 3822 781 3872 4362 8362
1299 3321 1349 3371 4265 8265
3971 447 4021 497 4435 8435
2780 3115 2830 3165 3844 7844
3778 3502 3828 3552 3930 7930
1841 2422 1891 2472 4404 8404
5727 2106 5777 2156 4407 8407
1596 1819 1646 1869 4410 8410
2884 3590 2934 3640 3999 7999
419 2367 469 2417 4546 8546
3443 1092 3493 1142 4540 8540
1998 37 2048 87 4029 8029
3419 962 3469 1012 4681 8681
5121 123 5171 173 4463 8463
1255 1753 1305 1803 4371 8371
2501 3479 2551 3529 5123 9123
5310 1088 5360 1138 3861 7861
4989 2866 5039 2916 3568 7568
4538 1729 4588 1779 3995 7995
5345 3836 5395 3886 3387 7387
1578 3468 1628 3518 3504 7504
4103 3857 4153 3907 4214 8214
1143 1624 1193 1674 5077 9077
1840 3283 1890 3333 3465 7465
4014 2137 4064 2187 4894 8894
2551 1218 2601 1268 4223 8223
2312 975 2362 1025 3631 7631
4810 1356 4860 1406 3393 7393
4866 577 4916 627 3622 7622
5147 3742 5197 3792 3604 7604
1955 2775 2005 2825 3706 7706
487 1497 537 1547 4128 8128
2041 2662 2091 2712 4974 8974
4797 2765 4847 2815 3769 7769
4419 402 4469 452 4524 8524
220 3026 270 3076 4262 8262
4297 1206 4347 1256 4201 8201
5004 430 5054 480 3610 7610
2611 2517 2661 2567 3526 7526
4466 2018 4516 2068 3788 7788
3869 1300 3919 1350 4591 8591
1128 885 1178 935 4733 8733
50 1380 100 1430 3894 7894
5382 3178 5432 3228 4174 8174
3545 1883 3595 1933 5084 9084
259 2630 309 2680 4086 8086
3816 1565 3866 1615 3910 7910
2152 3159 2202 3209 5046 9046
3393 1806 3443 1856 4153 8153
1823 3188 1873 3238 3811 7811
1460 3239 1510 3289 4038 8038
3881 906 3931 956 4966 8966
4746 3429 4796 3479 3901 7901
5198 1148 5248 1198 4505 8505
1286 159 1336 209 4916 8916
1488 3170 1538 3220 4286 8286
2564 2358 2614 2408 3465 7465
5499 2650 5549 2700 3506 7506
2194 313 2244 363 4617 8617
4634 3259 4684 3309 4302 8302
2402 3945 2452 3995 3774 7774
4572 626 4622 676 4345 8345
4513 1565 4563 1615 5004 9004
2939 1520 2989 1570 3816 7816
4647 2689 4697 2739 3926 7926
2475 1521 2525 1571 3740 7740
2434 3857 2484 3907 5128 9128
1702 2999 1752 3049 4591 8591
820 3330 870 3380 5115 9115
1072 2277 1122 2327 5087 9087
4271 1859 4321 1909 4923 8923
2704 2238 2754 2288 4262 8262
3290 917 3340 967 4279 8279
3425 2658 3475 2708 4894 8894
4027 2168 4077 2218 3372 7372
1524 1332 1574 1382 4963 8963
638 1641 688 1691 3493 7493
723 710 773 760 4809 8809
3929 2267 3979 2317 4301 8301
5206 3029 5256 3079 4706 8706
1913 2235 1963 2285 4696 8696
1301 3122 1351 3172 4938 8938
134 1509 184 1559 4467 8467
1830 1392 1880 1442 4604 8604
7 3352 57 3402 3923 7923
4879 3027 4929 3077 4947 8947
1889 205 1939 255 4263 8263
2528 627 2578 677 3734 7734
5179 2423 5229 2473 3495 7495
454 1385 504 1435 4001 8001
3242 1343 3292 1393 3437 7437
4363 1151 4413 1201 4161 8161
2598 1437 2648 1487 4587 8587
1133 3766 1183 3816 3602 7602
253 1186 303 1236 3607 7607
142 3721 192 3771 4969 8969
5084 469 5134 519 3916 7916
1469 3189 1519 3239 3787 7787
5716 2460 5766 2510 3431 7431
2601 1041 2651 1091 3613 7613
2123 1211 2173 1261 4467 8467
2763 3689 2813 3739 4986 8986
1434 2813 1484 2863 4292 8292
4565 2880 4615 2930 5061 9061
5325 3168 5375 3218 3698 7698
624 1324 674 1374 3555 7555
3568 2631 3618 2681 3850 7850
1886 3642 1936 3692 4706 8706
3420 1116 3470 1166 4814 8814
3654 1270 3704 1320 4501 8501
2004 3183 2054 3233 4124 8124
4846 50 4896 100 4216 8216
1901 3464 1951 3514 4762 8762
2231 3082 2281 3132 4112 8112
3201 3109 3251 3159 3499 7499
3493 3515 3543 3565 3661 7661
2195 2807 2245 2857 4406 8406
1196 53 1246 103 3879 7879
1698 968 1748 1018 3610 7610
434 2319 484 2369 4513 8513
2324 2677 2374 2727 4659 8659
1682 1678 1732 1728 5092 9092
4682 1613 4732 1663 4042 8042
4993 2211 5043 2261 3516 7516
1096 474 1146 524 3934 7934
362 3785 412 3835 4552 8552
279 628 329 678 4410 8410
141 2758 191 2808 5029 9029
89 941 139 991 5058 9058
49 1588 99 1638 3766 7766
1295 1791 1345 1841 4141 8141
159 2190 209 2240 4533 8533
1214 2525 1264 2575 4184 8184
2757 1089 2807 1139 4016 8016
909 3574 959 3624 4928 8928
995 2435 1045 2485 4501 8501
2311 1238 2361 1288 3896 7896
2634 2616 2684 2666 4570 8570
5179 2309 5229 2359 3530 7530
3593 864 3643 914 3988 7988
2858 2933 2908 2983 4328 8328
3651 984 3701 1034 3720 7720
5027 1262 5077 1312 4778 8778
3098 3281 3148 3331 4379 8379
3230 2220 3280 2270 3450 7450
2835 1190 2885 1240 3888 7888
4079 3706 4129 3756 3424 7424
4694 3536 4744 3586 3884 7884
84 732 134 782 3402 7402
5341 214 5391 264 4779 8779
4852 3163 4902 3213 4826 8826
942 972 992 1022 4042 8042
4221 2083 4271 2133 5124 9124
1999 777 2049 827 3438 7438
596 3216 646 3266 4435 8435
4246 264 4296 314 4349 8349
3055 3610 3105 3660 4363 8363
441 2597 491 2647 4723 8723
2336 2796 2386 2846 3551 7551
1710 1198 1760 1248 4303 8303
3076 2773 3126 2823 4023 8023
4593 841 4643 891 4272 8272
3766 1544 3816 1594 4630 8630
481 3455 531 3505 5120 9120
150 2576 200 2626 3639 7639
5492 3049 5542 3099 4493 8493
130 2220 180 2270 3505 7505
2421 1898 2471 1948 4737 8737
4743 178 4793 228 5060 9060
5159 2183 5209 2233 4820 8820
4606 875 4656 925 4449 8449
2807 2571 2857 2621 4298 8298
5221 352 5271 402 3740 7740
831 2814 881 2864 4368 8368
1663 1385 1713 1435 4443 8443
691 1098 741 1148 4045 8045
3889 332 3939 382 3878 7878
3754 1654 3804 1704 4787 8787
3653 129 3703 179 3933 7933
3671 1579 3721 1629 4699 8699
2030 560 2080 610 4351 8351
4909 234 4959 284 5135 9135
342 1004 392 1054 4185 8185
151 1004 201 1054 4232 8232
3199 1010 3249 1060 4552 8552
1636 3100 1686 3150 3462 7462
5501 207 5551 257 4688 8688
1802 2703 1852 2753 4101 8101
4373 1903 4423 1953 4823 8823
2158 3415 2208 3465 3496 7496
3141 1105 3191 1155 3801 7801
1470 1128 1520 1178 3642 7642
4877 3758 4927 3808 5086 9086
5544 2635 5594 2685 4876 8876
3954 647 4004 697 4949 8949
4719 3183 4769 3233 3617 7617
424 2007 474 2057 3959 7959
4108 2722 4158 2772 4339 8339
3956 3275 4006 3325 3376 7376
1575 3275 1625 3325 4716 8716
5260 954 5310 1004 3523 7523
2245 0 2295 50 3622 7622
1128 2985 1178 3035 3381 7381
4476 2359 4526 2409 3959 7959
1540 935 1590 985 4771 8771
4236 3480 4286 3530 4144 8144
1675 3192 1725 3242 3729 7729
3537 3214 3587 3264 5012 9012
5132 1251 5182 1301 4289 8289
5648 1382 5698 1432 3704 7704
1640 98 1690 148 4772 8772
5391 2479 5441 2529 4144 8144
5766 288 5816 338 3584 7584
1780 1862 1830 1912 4886 8886
3840 3686 3890 3736 3603 7603
2235 3388 2285 3438 3664 7664
1256 3498 1306 3548 3391 7391
3750 3656 3800 3706 5080 9080
5728 3182 5778 3232 4945 8945
5772 3410 5822 3460 3646 7646
3386 3236 3436 3286 4056 8056
1711 383 1761 433 3858 7858
2217 3311 2267 3361 4301 8301
10 3358 60 3408 4540 8540
3288 3158 3338 3208 5102 9102
442 2790 492 2840 4216 8216
1983 917 2033 967 4874 8874
1216 115 1266 165 4126 8126
3578 2537 3628 2587 4710 8710
4580 2987 4630 3037 4071 8071
1333 789 1383 839 4533 8533
2234 848 2284 898 3500 7500
600 2026 650 2076 4950 8950
696 3359 746 3409 3399 7399
1208 2684 1258 2734 4137 8137
3675 938 3725 988 4840 8840
5216 2169 5266 2219 4699 8699
3042 529 3092 579 4863 8863
5156 3185 5206 3235 4413 8413
3779 102 3829 152 3476 7476
4561 3379 4611 3429 4154 8154
3351 1828 3401 1878 4310 8310
5539 1312 5589 1362 4904 8904
3984 2117 4034 2167 3402 7402
466 1587 516 1637 5045 9045
1962 3408 2012 3458 3780 7780
452 3066 502 3116 3624 7624
1656 3491 1706 3541 3807 7807
2206 3818 2256 3868 4269 8269
2039 3278 2089 3328 4816 8816
1136 1332 1186 1382 4141 8141
229 646 279 696 3719 7719
2356 1034 2406 1084 4224 8224
2617 2427 2667 2477 3840 7840
5485 3092 5535 3142 4714 8714
1341 2807 1391 2857 3456 7456
2209 3222 2259 3272 3473 7473
4281 1874 4331 1924 3706 7706
1656 2258 1706 2308 4121 8121
2375 2962 2425 3012 5079 9079
765 1882 815 1932 4908 8908
1296 3760 1346 3810 4582 8582
1739 2109 1789 2159 3627 7627
39 1770 89 1820 3622 7622
2685 2151 2735 2201 3618 7618
3767 1984 3817 2034 3777 7777
5632 1071 5682 1121 4589 8589
1914 2717 1964 2767 4822 8822
121 1795 171 1845 4991 8991
4080 1490 4130 1540 3765 7765
199 1903 249 1953 3808 7808
3294 2464 3344 2514 4134 8134
670 3862 720 3912 5079 9079
1004 76 1054 126 3473 7473
2488 3940 2538 3990 4049 8049
4263 2374 4313 2424 4758 8758
3827 2169 3877 2219 4427 8427
3443 1871 3493 1921 5077 9077
1629 1021 1679 1071 4584 8584
1076 3437 1126 3487 4639 8639
686 3356 736 3406 5104 9104
4733 2681 4783 2731 4980 8980
1863 918 1913 968 3825 7825
225 3054 275 3104 4261 8261
5573 3045 5623 3095 4011 8011
4691 31 4741 81 4791 8791
4713 3585 4763 3635 3753 7753
3384 1124 3434 1174 4724 8724
2332 1855 2382 1905 3523 7523
1885 136 1935 186 4627 8627
4419 2309 4469 2359 3458 7458
3581 1218 3631 1268 5091 9091
5133 1761 5183 1811 3849 7849
5021 1526 5071 1576 3526 7526
1959 1147 2009 1197 3394 7394
4423 2775 4473 2825 4867 8867
4598 491 4648 541 3835 7835
998 2701 1048 2751 4262 8262
2 268 52 318 4062 8062
1730 2890 1780 2940 4064 8064
3145 3017 3195 3067 3685 7685
3119 3121 3169 3171 3549 7549
484 1716 534 1766 3627 7627
4837 2095 4887 2145 3673 7673
4273 3195 4323 3245 3976 7976
5746 2194 5796 2244 3444 7444
3263 326 3313 376 3466 7466
2462 3713 2512 3763 3516 7516
3649 2372 3699 2422 4321 8321
8 138 58 188 4535 8535
4199 448 4249 498 4635 8635
5325 2707 5375 2757 3794 7794
2328 557 2378 607 3621 7621
2864 2818 2914 2868 3781 7781
39 692 89 742 4372 8372
3890 3418 3940 3468 4265 8265
410 313 460 363 4881 8881
102 588 152 638 4042 8042
1887 2554 1937 2604 4869 8869
4116 2977 4166 3027 4955 8955
2883 856 2933 906 3787 7787
2607 3020 2657 3070 4012 8012
5542 1648 5592 1698 4790 8790
3913 3020 3963 3070 4041 8041
4068 192 4118 242 3687 7687
849 1644 899 1694 4731 8731
3142 2250 3192 2300 5131 9131
3965 1363 4015 1413 4560 8560
2989 1684 3039 1734 3909 7909
216 99 266 149 4847 8847
513 1742 563 1792 3552 7552
5698 2866 5748 2916 4853 8853
4172 2073 4222 2123 3810 7810
4019 509 4069 559 5007 9007
5612 3653 5662 3703 3627 7627
3454 33 3504 83 3626 7626
152 1989 202 2039 4286 8286
781 3085 831 3135 3935 7935
3337 2512 3387 2562 4672 8672
5680 2075 5730 2125 3911 7911
699 1910 749 1960 3605 7605
4175 2467 4225 2517 4416 8416
1407 2501 1457 2551 4996 8996
1841 1432 1891 1482 4619 8619
1223 3785 1273 3835 4673 8673
4056 75 4106 125 4389 8389
1322 2760 1372 2810 3871 7871
3685 3681 3735 3731 4629 8629
5456 2288 5506 2338 4775 8775
2732 2274 2782 2324 5016 9016
4093 1527 4143 1577 3584 7584
839 335 889 385 4246 8246
1368 1148 1418 1198 5084 9084
4106 2234 4156 2284 4957 8957
1383 1522 1433 1572 4535 8535
1732 344 1782 394 5113 9113
1538 3156 1588 3206 4512 8512
2616 356 2666 406 4681 8681
1815 640 1865 690 4853 8853
3450 2312 3500 2362 4963 8963
620 381 670 431 4717 8717
4093 3923 4143 3973 5089 9089
869 1138 919 1188 4022 8022
2236 295 2286 345 3911 7911
3770 1903 3820 1953 3833 7833
5291 1713 5341 1763 4835 8835
4462 2571 4512 2621 4611 8611
110 3654 160 3704 4077 8077
3269 2388 3319 2438 4775 8775
1232 2424 1282 2474 4468 8468
1489 1317 1539 1367 3697 7697
1601 408 1651 458 4652 8652
3090 2734 3140 2784 4840 8840
1572 1756 1622 1806 5096 9096
4681 2856 4731 2906 4898 8898
5194 1918 5244 1968 4572 8572
2704 2399 2754 2449 3552 7552
343 3109 393 3159 4900 8900
3123 3209 3173 3259 3775 7775
3591 1035 3641 1085 5120 9120
3154 2814 3204 2864 3691 7691
1439 1033 1489 1083 4821 8821
3751 547 3801 597 3474 7474
3012 1936 3062 1986 4716 8716
4655 3482 4705 3532 4221 8221
1619 2188 1669 2238 3945 7945
2754 1780 2804 1830 4839 8839
1152 894 1202 944 3715 7715
5221 455 5271 505 4632 8632
5194 3916 5244 3966 4555 8555
4521 2306 4571 2356 4472 8472
2495 3339 2545 3389 4753 8753
3209 2466 3259 2516 3576 7576
1742 826 1792 876 4341 8341
2140 1527 2190 1577 5027 9027
5036 3092 5086 3142 3537 7537
2812 2713 2862 2763 4873 8873
4395 1824 4445 1874 4177 8177
5430 697 5480 747 3924 7924
2069 582 2119 632 4727 8727
1335 1090 1385 1140 4936 8936
2064 2400 2114 2450 4088 8088
2720 400 2770 450 4441 8441
3738 2346 3788 2396 4718 8718
3554 1521 3604 1571 5062 9062
4195 783 4245 833 3462 7462
3737 2048 3787 2098 3680 7680
420 3197 470 3247 4315 8315
4842 2819 4892 2869 4336 8336
1426 741 1476 791 4938 8938
5345 812 5395 862 3728 7728
1054 1894 1104 1944 4564 8564
2901 502 2951 552 4380 8380
401 1703 451 1753 4445 8445
2357 2913 2407 2963 4147 8147
1843 3663 1893 3713 3545 7545
4941 1621 4991 1671 4983 8983
4152 1949 4202 1999 4622 8622
3763 1590 3813 1640 4761 8761
3206 3812 3256 3862 3916 7916
1882 1248 1932 1298 3456 7456
4314 154 4364 204 4484 8484
86 3302 136 3352 4844 8844
3991 165 4041 215 4740 8740
4862 42 4912 92 3562 7562
4840 3321 4890 3371 3755 7755
3169 1810 3219 1860 4696 8696
1336 1036 1386 1086 4347 8347
3736 3392 3786 3442 3516 7516
5543 3916 5593 3966 3732 7732
4845 377 4895 427 4584 8584
4306 630 4356 680 4889 8889
4662 3693 4712 3743 4573 8573
2842 925 2892 975 3916 7916
5722 3145 5772 3195 4265 8265
2137 20 2187 70 3959 7959
3882 235 3932 285 4859 8859
5766 1889 5816 1939 4527 8527
5556 2520 5606 2570 4096 8096
2303 2704 2353 2754 4530 8530
3223 906 3273 956 3859 7859
753 3028 803 3078 4396 8396
1738 1924 1788 1974 4589 8589
636 1479 686 1529 3864 7864
4965 2826 5015 2876 5064 9064
5501 2116 5551 2166 4450 8450
1433 1874 1483 1924 4943 8943
3493 3722 3543 3772 4618 8618
4252 2275 4302 2325 3934 7934
1682 1369 1732 1419 4282 8282
2126 2003 2176 2053 3647 7647
3003 905 3053 955 3883 7883
181 1612 231 1662 4336 8336
5329 3474 5379 3524 3917 7917
5065 1568 5115 1618 3997 7997
2926 1025 2976 1075 4767 8767
2423 3459 2473 3509 4050 8050
4073 2778 4123 2828 3964 7964
4748 589 4798 639 4880 8880
5530 3095 5580 3145 4196 8196
1707 2930 1757 2980 5022 9022
2589 3283 2639 3333 5031 9031
5363 1403 5413 1453 4952 8952
3109 3796 3159 3846 5008 9008
4462 3485 4512 3535 4163 8163
907 3047 957 3097 5080 9080
1699 3071 1749 3121 4018 8018
3603 3791 3653 3841 4234 8234
803 2009 853 2059 5115 9115
3320 812 3370 862 4036 8036
1874 2337 1924 2387 4716 8716
4152 2969 4202 3019 5082 9082
653 1786 703 1836 3600 7600
2043 712 2093 762 4235 8235
3167 658 3217 708 4733 8733
3199 3881 3249 3931 3436 7436
522 76 572 126 3985 7985
2360 3538 2410 3588 3622 7622
3762 1618 3812 1668 4572 8572
3188 3354 3238 3404 4652 8652
3649 2783 3699 2833 4960 8960
4617 1908 4667 1958 4793 8793
3304 498 3354 548 4664 8664
5682 163 5732 213 3956 7956
4171 3810 4221 3860 4193 8193
5164 1721 5214 1771 5025 9025
3141 1687 3191 1737 3517 7517
526 2645 576 2695 3888 7888
1392 3424 1442 3474 4171 8171
2044 662 2094 712 5083 9083
3547 835 3597 885 4703 8703
4955 3493 5005 3543 3891 7891
5720 3446 5770 3496 3516 7516
1433 1530 1483 1580 4182 8182
2321 2108 2371 2158 3384 7384
5729 3578 5779 3628 4473 8473
982 1085 1032 1135 4038 8038
33 2220 83 2270 3518 7518
3350 1735 3400 1785 4941 8941
1964 2207 2014 2257 4743 8743
1849 3311 1899 3361 3591 7591
898 3433 948 3483 4599 8599
4591 1022 4641 1072 3379 7379
5135 1815 5185 1865 3885 7885
4575 2573 4625 2623 4235 8235
3424 3387 3474 3437 4209 8209
418 3617 468 3667 4662 8662
542 3339 592 3389 3837 7837
367 2142 417 2192 3565 7565
5465 3886 5515 3936 3467 7467
4304 1781 4354 1831 4033 8033
4999 1421 5049 1471 5083 9083
5049 196 5099 246 4501 8501
1968 3124 2018 3174 4558 8558
2764 1327 2814 1377 4070 8070
1838 3137 1888 3187 4838 8838
5681 1803 5731 1853 4186 8186
4524 2394 4574 2444 3843 7843
4684 3037 4734 3087 3535 7535
4901 3204 4951 3254 5041 9041
1426 2988 1476 3038 4766 8766
2272 3226 2322 3276 5019 9019
2137 2320 2187 2370 3573 7573
2762 336 2812 386 3509 7509
2441 2186 2491 2236 3681 7681
5307 2075 5357 2125 4289 8289
5507 3014 5557 3064 3876 7876
2696 1568 2746 1618 4691 8691
1372 527 1422 577 3531 7531
420 1625 470 1675 3921 7921
4943 1411 4993 1461 3509 7509
744 3197 794 3247 4471 8471
304 2514 354 2564 3520 7520
5559 3765 5609 3815 3411 7411
4272 863 4322 913 3866 7866
1018 3147 1068 3197 4960 8960
5014 3287 5064 3337 4971 8971
3767 3764 3817 3814 3420 7420
4939 583 4989 633 4313 8313
1779 2650 1829 2700 3514 7514
5543 2569 5593 2619 3867 7867
509 1550 559 1600 3474 7474
120 447 170 497 4049 8049
2309 3407 2359 3457 4161 8161
1926 1701 1976 1751 4998 8998
1734 3421 1784 3471 4699 8699
3573 988 3623 1038 4732 8732
4679 2400 4729 2450 5121 9121
647 3289 697 3339 3590 7590
5090 2170 5140 2220 4029 8029
2882 1680 2932 1730 4570 8570
2567 855 2617 905 3862 7862
5091 2352 5141 2402 3740 7740
5473 591 5523 641 3427 7427
5148 2671 5198 2721 4041 8041
2094 63 2144 113 5099 9099
4754 1608 4804 1658 4961 8961
2591 2417 2641 2467 4923 8923
1438 108 1488 158 3746 7746
2667 2541 2717 2591 4336 8336
908 3439 958 3489 3705 7705
5567 3644 5617 3694 3948 7948
1344 1835 1394 1885 4209 8209
4589 1093 4639 1143 4825 8825
833 1234 883 1284 4857 8857
139 1982 189 2032 4010 8010
3527 3102 3577 3152 4851 8851
3100 2794 3150 2844 4652 8652
2627 1438 2677 1488 3462 7462
1256 2432 1306 2482 4970 8970
5231 3905 5281 3955 4803 8803
2721 1093 2771 1143 4435 8435
4492 2881 4542 2931 4948 8948
408 1244 458 1294 3481 7481
3034 3541 3084 3591 3384 7384
2714 3571 2764 3621 4703 8703
5646 3618 5696 3668 4250 8250
5150 1288 5200 1338 3574 7574
3249 1793 3299 1843 3446 7446
1919 1660 1969 1710 4272 8272
3594 1351 3644 1401 4942 8942
903 3115 953 3165 4886 8886
2203 3857 2253 3907 4783 8783
4141 840 4191 890 4814 8814
5072 3126 5122 3176 4432 8432
5682 395 5732 445 5098 9098
5409 1182 5459 1232 3420 7420
4545 2574 4595 2624 3550 7550
4354 3606 4404 3656 3501 7501
3621 3249 3671 3299 4626 8626
1875 662 1925 712 4353 8353
3163 2665 3213 2715 3994 7994
2796 481 2846 531 4918 8918
792 3847 842 3897 4611 8611
1740 2003 1790 2053 3551 7551
3819 3517 3869 3567 4200 8200
2704 1900 2754 1950 4452 8452
596 3635 646 3685 4204 8204
595 234 645 284 3760 7760
2675 467 2725 517 3398 7398
2300 2246 2350 2296 3741 7741
4703 1006 4753 1056 4638 8638
5486 1222 5536 1272 3616 7616
2023 2393 2073 2443 4021 8021
4978 1243 5028 1293 3403 7403
1339 175 1389 225 4522 8522
4074 3899 4124 3949 4196 8196
130 3610 180 3660 4281 8281
4912 29 4962 79 4980 8980
5623 2850 5673 2900 3809 7809
1529 1880 1579 1930 3438 7438
2015 1853 2065 1903 4648 8648
3520 1364 3570 1414 3646 7646
5593 320 5643 370 3615 7615
2120 2942 2170 2992 3436 7436
5775 1074 5825 1124 3381 7381
1729 1875 1779 1925 3406 7406
5647 2576 5697 2626 4540 8540
4701 1800 4751 1850 5006 9006
593 2016 643 2066 4329 8329
4060 2521 4110 2571 4556 8556
5397 28 5447 78 5087 9087
5113 582 5163 632 3800 7800
1539 146 1589 196 4987 8987
1258 2565 1308 2615 4583 8583
220 1942 270 1992 4537 8537
5381 656 5431 706 3908 7908
2071 1176 2121 1226 4757 8757
3797 2618 3847 2668 3586 7586
4036 126 4086 176 4137 8137
2809 3207 2859 3257 4063 8063
2417 1118 2467 1168 4525 8525
3098 2766 3148 2816 4231 8231
1893 903 1943 953 4404 8404
5291 1304 5341 1354 4715 8715
896 2401 946 2451 4592 8592
302 2661 352 2711 4210 8210
1793 2032 1843 2082 4392 8392
4172 744 4222 794 4281 8281
5232 1637 5282 1687 4694 8694
4806 230 4856 280 4301 8301
3096 1215 3146 1265 5125 9125
792 1926 842 1976 3928 7928
2740 3727 2790 3777 4710 8710
1625 2419 1675 2469 4177 8177
5358 944 5408 994 3373 7373
1015 377 1065 427 5054 9054
580 1454 630 1504 4927 8927
771 3940 821 3990 4161 8161
2309 26 2359 76 3601 7601
1323 768 1373 818 3414 7414
1873 3599 1923 3649 3993 7993
2240 1213 2290 1263 3517 7517
4881 1526 4931 1576 4184 8184
2409 164 2459 214 4259 8259
545 3074 595 3124 4769 8769
2647 347 2697 397 4318 8318
3841 540 3891 590 4423 8423
4871 879 4921 929 4701 8701
3745 2275 3795 2325 4575 8575
1844 2041 1894 2091 4022 8022
3305 2815 3355 2865 3545 7545
2100 1196 2150 1246 3696 7696
3981 3901 4031 3951 3379 7379
5533 3361 5583 3411 4605 8605
3120 312 3170 362 3598 7598
5239 1106 5289 1156 4140 8140
609 3315 659 3365 3718 7718
3934 2207 3984 2257 4936 8936
3823 1340 3873 1390 3584 7584
1043 2351 1093 2401 4523 8523
4864 2088 4914 2138 4354 8354
1011 59 1061 109 4831 8831
529 2141 579 2191 3953 7953
1696 209 1746 259 4036 8036
344 63 394 113 4909 8909
4970 2649 5020 2699 4014 8014
5007 442 5057 492 4803 8803
1035 2228 1085 2278 3525 7525
2753 3478 2803 3528 4508 8508
3542 836 3592 886 4633 8633
3398 1266 3448 1316 4732 8732
2868 1033 2918 1083 4638 8638
4191 1350 4241 1400 4495 8495
667 3175 717 3225 5118 9118
3633 2152 3683 2202 4043 8043
3379 1354 3429 1404 4437 8437
1225 1130 1275 1180 3711 7711
1012 2018 1062 2068 4872 8872
493 379 543 429 4734 8734
2087 2437 2137 2487 4690 8690
1847 1764 1897 1814 3620 7620
3077 1743 3127 1793 4447 8447
759 2433 809 2483 4749 8749
3339 402 3389 452 4722 8722
4768 2393 4818 2443 4621 8621
2376 3629 2426 3679 4071 8071
4538 1834 4588 1884 3841 7841
1609 3136 1659 3186 5068 9068
1987 1840 2037 1890 4988 8988
1051 2670 1101 2720 3815 7815
1171 643 1221 693 3679 7679
4556 1230 4606 1280 4584 8584
5101 3352 5151 3402 4640 8640
4661 1819 4711 1869 3638 7638
3605 3602 3655 3652 4803 8803
2279 295 2329 345 4553 8553
2998 3018 3048 3068 4322 8322
3652 3173 3702 3223 4751 8751
812 176 862 226 4225 8225
370 3699 420 3749 4859 8859
1403 3865 1453 3915 4378 8378
4656 233 4706 283 5121 9121
1415 2306 1465 2356 4026 8026
1662 2964 1712 3014 4778 8778
3410 862 3460 912 4794 8794
4501 1535 4551 1585 4933 8933
3850 2386 3900 2436 3516 7516
4492 594 4542 644 4606 8606
2975 1560 3025 1610 3421 7421
2929 2280 2979 2330 4070 8070
5116 103 5166 153 4334 8334
1126 744 1176 794 3673 7673
5620 1995 5670 2045 3953 7953
656 1200 706 1250 4971 8971
5620 2712 5670 2762 4353 8353
