77
0 2048 511 2559 4878 6878
2048 3584 2559 4095 6073 8073
512 0 1023 511 4178 6178
3072 1536 3583 2047 4289 6289
1024 1024 1535 1535 5364 7364
1536 1024 2047 1535 3387 5387
512 3072 1023 3583 6207 8207
1536 1536 2047 2047 4344 6344
1024 2048 1535 2559 4957 6957
2048 3072 2559 3583 7082 9082
3072 512 3583 1023 5034 7034
1536 3072 2047 3583 5873 7873
512 4096 1023 4607 5731 7731
0 1024 511 1535 5827 7827
3072 4608 3583 5119 3835 5835
2560 512 3071 1023 5983 7983
2560 2048 3071 2559 6012 8012
512 3584 1023 4095 5951 7951
1024 5120 1535 5631 5060 7060
1536 3584 2047 4095 4488 6488
0 2560 511 3071 4986 6986
512 5120 1023 5631 4011 6011
2560 1024 3071 1535 6815 8815
512 512 1023 1023 5229 7229
512 1536 1023 2047 4607 6607
1536 4608 2047 5119 6242 8242
1024 2560 1535 3071 5135 7135
2560 3584 3071 4095 5195 7195
2560 4096 3071 4607 3561 5561
2560 1536 3071 2047 5589 7589
1024 4096 1535 4607 7069 9069
1536 2560 2047 3071 5069 7069
512 1024 1023 1535 6618 8618
3072 1024 3583 1535 6203 8203
0 1536 511 2047 5987 7987
2048 5120 2559 5631 6938 8938
3072 2560 3583 3071 6220 8220
2560 4608 3071 5119 3381 5381
0 4608 511 5119 6238 8238
1024 0 1535 511 6133 8133
3072 0 3583 511 7093 9093
1024 512 1535 1023 4132 6132
512 4608 1023 5119 6962 8962
1536 512 2047 1023 5684 7684
0 512 511 1023 4915 6915
3072 4096 3583 4607 5754 7754
3072 3584 3583 4095 6623 8623
0 0 511 511 3788 5788
2048 1024 2559 1535 4565 6565
1536 4096 2047 4607 4544 6544
2560 5120 3071 5631 7001 9001
1024 3072 1535 3583 4507 6507
2048 4096 2559 4607 3511 5511
1536 5120 2047 5631 5003 7003
512 2560 1023 3071 4693 6693
2560 2560 3071 3071 6843 8843
2048 2560 2559 3071 4105 6105
0 3584 511 4095 4784 6784
2048 0 2559 511 6994 8994
3072 3072 3583 3583 4296 6296
1024 3584 1535 4095 5329 7329
2560 3072 3071 3583 6923 8923
0 3072 511 3583 4321 6321
2048 512 2559 1023 4808 6808
2048 4608 2559 5119 4314 6314
3072 5120 3583 5631 6937 8937
0 4096 511 4607 6702 8702
1536 0 2047 511 3394 5394
1536 2048 2047 2559 5274 7274
512 2048 1023 2559 5801 7801
1024 1536 1535 2047 6156 8156
2560 0 3071 511 5227 7227
3072 2048 3583 2559 6562 8562
1024 4608 1535 5119 5979 7979
0 5120 511 5631 5868 7868
2048 1536 2559 2047 4338 6338
2048 2048 2559 2559 6689 8689
