1395
3328 4352 3455 4479 3562 7562
3328 2560 3455 2687 3609 7609
1920 3328 2047 3455 5032 9032
128 3072 255 3199 4936 8936
2944 3072 3071 3199 3882 7882
1280 2304 1407 2431 3753 7753
1920 3968 2047 4095 4742 8742
3200 768 3327 895 4731 8731
384 3712 511 3839 4151 8151
3328 3200 3455 3327 4343 8343
3328 5504 3455 5631 4465 8465
2816 4992 2943 5119 3691 7691
1024 128 1151 255 3926 7926
0 256 127 383 4412 8412
3200 5248 3327 5375 4405 8405
2176 3456 2303 3583 4265 8265
3072 1408 3199 1535 4644 8644
3328 3072 3455 3199 4393 8393
1792 1664 1919 1791 4693 8693
2048 0 2175 127 3957 7957
1664 512 1791 639 4082 8082
2304 2048 2431 2175 4284 8284
1152 1920 1279 2047 4326 8326
1536 4864 1663 4991 5129 9129
3328 1920 3455 2047 4825 8825
512 1536 639 1663 3670 7670
1536 1408 1663 1535 3784 7784
2304 5376 2431 5503 5097 9097
2688 3328 2815 3455 4737 8737
2560 2944 2687 3071 3712 7712
896 4736 1023 4863 4096 8096
2560 1536 2687 1663 4928 8928
1536 384 1663 511 3950 7950
1664 0 1791 127 3988 7988
3840 4224 3967 4351 4724 8724
256 3072 383 3199 3670 7670
1792 1152 1919 1279 3579 7579
3584 1152 3711 1279 4326 8326
512 2688 639 2815 4240 8240
768 1280 895 1407 4359 8359
128 2688 255 2815 3530 7530
1792 5376 1919 5503 3565 7565
2816 2688 2943 2815 3888 7888
2688 768 2815 895 5063 9063
2432 3072 2559 3199 3815 7815
3328 640 3455 767 4131 8131
256 2048 383 2175 4188 8188
2176 4224 2303 4351 5088 9088
2432 3456 2559 3583 3385 7385
768 0 895 127 4719 8719
3584 1024 3711 1151 4884 8884
3712 768 3839 895 5074 9074
2048 3840 2175 3967 3863 7863
0 5504 127 5631 4070 8070
1024 3968 1151 4095 4273 8273
512 2816 639 2943 4527 8527
3840 4608 3967 4735 3578 7578
256 1920 383 2047 4686 8686
2560 1280 2687 1407 4484 8484
896 384 1023 511 4944 8944
1024 3456 1151 3583 5027 9027
1024 3712 1151 3839 4418 8418
384 768 511 895 4732 8732
1152 384 1279 511 4816 8816
1280 4608 1407 4735 4244 8244
2048 2560 2175 2687 3525 7525
1920 5376 2047 5503 4324 8324
0 4224 127 4351 3661 7661
1536 2176 1663 2303 3690 7690
1920 3456 2047 3583 3424 7424
0 3200 127 3327 3859 7859
2176 2048 2303 2175 4827 8827
1920 4480 2047 4607 3618 7618
2688 2560 2815 2687 4376 8376
128 4736 255 4863 4750 8750
1152 3712 1279 3839 4062 8062
1536 256 1663 383 5137 9137
1920 4224 2047 4351 4776 8776
640 3840 767 3967 4989 8989
3712 1152 3839 1279 4360 8360
3328 2944 3455 3071 4355 8355
3584 1536 3711 1663 3942 7942
3456 896 3583 1023 4294 8294
0 2432 127 2559 4056 8056
2688 2176 2815 2303 3850 7850
0 5632 127 5759 3427 7427
1920 2944 2047 3071 3443 7443
256 5248 383 5375 4057 8057
2432 2304 2559 2431 3951 7951
3200 3456 3327 3583 3766 7766
640 1664 767 1791 3861 7861
640 4992 767 5119 3839 7839
3712 4864 3839 4991 4022 8022
2944 3200 3071 3327 4431 8431
384 2816 511 2943 4493 8493
1536 1920 1663 2047 4896 8896
2048 3712 2175 3839 3794 7794
2560 4864 2687 4991 3677 7677
3456 0 3583 127 3417 7417
2560 1024 2687 1151 4113 8113
1408 5248 1535 5375 3731 7731
1664 4352 1791 4479 3905 7905
512 0 639 127 3800 7800
2816 4224 2943 4351 4956 8956
896 3072 1023 3199 4120 8120
1280 5376 1407 5503 4388 8388
1024 4480 1151 4607 3879 7879
1280 5248 1407 5375 4117 8117
1792 1024 1919 1151 4024 8024
2304 3712 2431 3839 4706 8706
2944 512 3071 639 5106 9106
128 384 255 511 4217 8217
128 2048 255 2175 3508 7508
1408 1408 1535 1535 3469 7469
512 1280 639 1407 4903 8903
128 2816 255 2943 3987 7987
3328 3840 3455 3967 4504 8504
1920 1536 2047 1663 4975 8975
3200 3328 3327 3455 4673 8673
3072 2048 3199 2175 5084 9084
1920 2688 2047 2815 4579 8579
3712 5504 3839 5631 4372 8372
3456 4608 3583 4735 4761 8761
2176 4352 2303 4479 3462 7462
1536 2688 1663 2815 4641 8641
3584 5504 3711 5631 4114 8114
2816 4608 2943 4735 4987 8987
1664 3456 1791 3583 4273 8273
1152 1792 1279 1919 3630 7630
3200 0 3327 127 4242 8242
3072 256 3199 383 5016 9016
2176 2176 2303 2303 3990 7990
3584 1280 3711 1407 3986 7986
1408 128 1535 255 4654 8654
512 896 639 1023 3806 7806
3456 3200 3583 3327 4735 8735
2816 1536 2943 1663 3903 7903
3840 5632 3967 5759 3523 7523
3456 1152 3583 1279 4690 8690
3328 768 3455 895 4556 8556
2176 0 2303 127 4858 8858
1280 896 1407 1023 3865 7865
1920 1152 2047 1279 4612 8612
2176 512 2303 639 4995 8995
3712 3968 3839 4095 3963 7963
1280 5632 1407 5759 4375 8375
2688 384 2815 511 4820 8820
3328 3968 3455 4095 4305 8305
2048 1536 2175 1663 3419 7419
3072 1664 3199 1791 3562 7562
3840 3456 3967 3583 3459 7459
2944 1792 3071 1919 3837 7837
640 5248 767 5375 4563 8563
1408 4736 1535 4863 4849 8849
512 3840 639 3967 3928 7928
384 3328 511 3455 5042 9042
2944 384 3071 511 4802 8802
2304 1536 2431 1663 4753 8753
3840 3968 3967 4095 4176 8176
128 4224 255 4351 5061 9061
128 5120 255 5247 3855 7855
384 0 511 127 5030 9030
1792 128 1919 255 3911 7911
896 5248 1023 5375 3679 7679
3712 5120 3839 5247 3753 7753
2048 3200 2175 3327 3555 7555
768 768 895 895 5043 9043
2176 640 2303 767 4285 8285
1152 1152 1279 1279 4686 8686
2688 3456 2815 3583 3802 7802
0 2816 127 2943 4680 8680
0 3712 127 3839 4404 8404
2560 2432 2687 2559 4296 8296
2432 1664 2559 1791 4152 8152
640 3200 767 3327 3469 7469
3072 896 3199 1023 4098 8098
3584 5632 3711 5759 4365 8365
1536 1664 1663 1791 4127 8127
3072 3072 3199 3199 5032 9032
1024 2816 1151 2943 3622 7622
2816 3200 2943 3327 4319 8319
3584 1408 3711 1535 5120 9120
896 3968 1023 4095 4088 8088
2048 4096 2175 4223 3742 7742
512 4736 639 4863 4039 8039
3712 4096 3839 4223 4645 8645
256 3968 383 4095 4623 8623
2688 0 2815 127 3701 7701
768 1024 895 1151 3467 7467
768 256 895 383 4637 8637
1792 4352 1919 4479 4600 8600
1280 1664 1407 1791 4930 8930
2688 128 2815 255 3736 7736
1152 3456 1279 3583 4349 8349
2432 5376 2559 5503 3469 7469
512 3584 639 3711 4118 8118
128 3200 255 3327 4533 8533
1920 3712 2047 3839 4351 8351
1792 4480 1919 4607 5033 9033
2176 1664 2303 1791 4079 8079
2560 128 2687 255 4782 8782
3840 4864 3967 4991 3782 7782
128 1920 255 2047 4322 8322
2688 2944 2815 3071 3939 7939
1152 3200 1279 3327 3772 7772
2304 896 2431 1023 3629 7629
2048 2304 2175 2431 4666 8666
1280 1920 1407 2047 4766 8766
2304 2432 2431 2559 4385 8385
3712 4608 3839 4735 3767 7767
1408 3840 1535 3967 4226 8226
3328 4096 3455 4223 3564 7564
1280 1408 1407 1535 3748 7748
768 1152 895 1279 4944 8944
3072 1024 3199 1151 4914 8914
1280 3584 1407 3711 3625 7625
1024 5504 1151 5631 3658 7658
128 0 255 127 3606 7606
3072 1792 3199 1919 4933 8933
3456 3968 3583 4095 3755 7755
1024 4224 1151 4351 4872 8872
2432 2688 2559 2815 4393 8393
2688 5504 2815 5631 3545 7545
128 4864 255 4991 3468 7468
384 3200 511 3327 3602 7602
512 2304 639 2431 4621 8621
256 1664 383 1791 3424 7424
1664 1024 1791 1151 3973 7973
128 3968 255 4095 3832 7832
1664 2688 1791 2815 4295 8295
1408 896 1535 1023 4682 8682
768 2688 895 2815 3475 7475
512 4480 639 4607 4706 8706
2688 1408 2815 1535 4842 8842
2432 896 2559 1023 4043 8043
1792 4736 1919 4863 5107 9107
1792 2688 1919 2815 4309 8309
1280 3456 1407 3583 3569 7569
512 5376 639 5503 3942 7942
2048 5632 2175 5759 3554 7554
1280 128 1407 255 3965 7965
3712 5632 3839 5759 4007 8007
2944 2688 3071 2815 4726 8726
1280 1792 1407 1919 3551 7551
1408 2048 1535 2175 4789 8789
128 256 255 383 3709 7709
896 4096 1023 4223 4783 8783
3072 5504 3199 5631 5076 9076
384 1664 511 1791 3944 7944
3456 3584 3583 3711 4576 8576
3840 2304 3967 2431 4669 8669
2432 5120 2559 5247 3676 7676
2048 4992 2175 5119 3829 7829
2432 256 2559 383 4052 8052
3328 2176 3455 2303 4751 8751
3328 4480 3455 4607 4060 8060
0 4480 127 4607 3534 7534
1408 1536 1535 1663 4013 8013
128 1664 255 1791 4663 8663
3584 3328 3711 3455 3995 7995
1664 3840 1791 3967 4938 8938
256 128 383 255 3414 7414
3200 4352 3327 4479 4099 8099
896 1920 1023 2047 4504 8504
3840 384 3967 511 4094 8094
1920 256 2047 383 3980 7980
256 5632 383 5759 3681 7681
3456 5504 3583 5631 5032 9032
2688 1664 2815 1791 3387 7387
3456 4352 3583 4479 3461 7461
3712 3712 3839 3839 4424 8424
256 640 383 767 4960 8960
1024 1280 1151 1407 5075 9075
2944 1536 3071 1663 4010 8010
3456 2560 3583 2687 3371 7371
3584 4864 3711 4991 4724 8724
2944 3584 3071 3711 4348 8348
768 4736 895 4863 3993 7993
640 1792 767 1919 3870 7870
640 4224 767 4351 4130 8130
2944 2816 3071 2943 3429 7429
128 1408 255 1535 3399 7399
3584 4992 3711 5119 3644 7644
2560 4736 2687 4863 4866 8866
896 256 1023 383 5059 9059
3328 0 3455 127 5024 9024
2176 4736 2303 4863 4764 8764
3584 2304 3711 2431 3453 7453
128 2944 255 3071 3898 7898
3200 4096 3327 4223 3496 7496
128 768 255 895 5055 9055
256 2176 383 2303 4674 8674
2560 2176 2687 2303 3539 7539
896 4224 1023 4351 4993 8993
3072 5632 3199 5759 5016 9016
2048 3456 2175 3583 3471 7471
2944 3968 3071 4095 3833 7833
2432 1408 2559 1535 3557 7557
2688 4992 2815 5119 4341 8341
512 1152 639 1279 3850 7850
3456 5376 3583 5503 4626 8626
1408 2688 1535 2815 3626 7626
1664 1408 1791 1535 3670 7670
2432 2560 2559 2687 4561 8561
1792 2048 1919 2175 3474 7474
3456 1024 3583 1151 4648 8648
384 2176 511 2303 5124 9124
384 4864 511 4991 3661 7661
1152 4224 1279 4351 4479 8479
3584 5248 3711 5375 3854 7854
3584 5120 3711 5247 4420 8420
1408 2304 1535 2431 4538 8538
1664 128 1791 255 4860 8860
1792 3328 1919 3455 4694 8694
2304 4736 2431 4863 3473 7473
1536 128 1663 255 4779 8779
3712 3456 3839 3583 3787 7787
768 3712 895 3839 4866 8866
1408 2560 1535 2687 4070 8070
3584 768 3711 895 3523 7523
768 4224 895 4351 4992 8992
384 512 511 639 3986 7986
1280 384 1407 511 4826 8826
3712 2176 3839 2303 4369 8369
0 2560 127 2687 4817 8817
2688 5632 2815 5759 4703 8703
3712 1664 3839 1791 3679 7679
2816 5504 2943 5631 4488 8488
768 1920 895 2047 4098 8098
1024 2688 1151 2815 4649 8649
2048 2176 2175 2303 4967 8967
640 2944 767 3071 4562 8562
3584 4096 3711 4223 4904 8904
1664 3072 1791 3199 4475 8475
512 2944 639 3071 3984 7984
1152 768 1279 895 5008 9008
2176 2944 2303 3071 4962 8962
1024 3584 1151 3711 3968 7968
3840 896 3967 1023 4507 8507
1792 1536 1919 1663 3510 7510
640 512 767 639 3660 7660
2048 5120 2175 5247 3787 7787
1024 1152 1151 1279 3886 7886
1664 1152 1791 1279 3380 7380
3200 1280 3327 1407 4319 8319
3200 4480 3327 4607 3988 7988
3584 3840 3711 3967 4789 8789
2304 5120 2431 5247 4736 8736
2816 384 2943 511 3715 7715
256 0 383 127 3719 7719
2816 3840 2943 3967 4097 8097
3712 3584 3839 3711 4545 8545
1152 3840 1279 3967 3543 7543
768 3328 895 3455 3784 7784
768 1536 895 1663 3774 7774
3072 3328 3199 3455 4989 8989
3712 3328 3839 3455 4325 8325
0 5120 127 5247 4082 8082
1920 4992 2047 5119 4338 8338
2432 4608 2559 4735 5052 9052
0 2304 127 2431 4570 8570
2304 5504 2431 5631 3374 7374
3584 3712 3711 3839 4475 8475
3456 384 3583 511 4334 8334
1792 4992 1919 5119 3688 7688
1664 3200 1791 3327 4297 8297
512 2432 639 2559 3411 7411
3456 2944 3583 3071 4488 8488
768 3840 895 3967 4103 8103
2304 128 2431 255 4547 8547
896 1152 1023 1279 4627 8627
1920 640 2047 767 4392 8392
512 1024 639 1151 4173 8173
2048 2944 2175 3071 3374 7374
896 3712 1023 3839 4401 8401
3328 5248 3455 5375 5121 9121
2304 4992 2431 5119 4969 8969
1408 2944 1535 3071 5028 9028
1920 2048 2047 2175 3926 7926
2432 640 2559 767 3544 7544
2176 1920 2303 2047 4586 8586
3712 640 3839 767 4653 8653
3840 2048 3967 2175 3927 7927
3200 1536 3327 1663 4758 8758
2432 2048 2559 2175 4275 8275
768 5120 895 5247 3540 7540
1408 0 1535 127 3817 7817
384 4608 511 4735 3460 7460
3584 4352 3711 4479 3460 7460
640 3072 767 3199 3993 7993
1536 5120 1663 5247 4350 8350
0 2048 127 2175 4659 8659
1280 2560 1407 2687 4974 8974
1664 2304 1791 2431 4663 8663
2432 4224 2559 4351 3854 7854
2432 4480 2559 4607 3522 7522
640 3456 767 3583 4798 8798
2560 640 2687 767 4872 8872
2176 4608 2303 4735 3848 7848
1024 2176 1151 2303 3761 7761
128 1792 255 1919 3489 7489
2816 4096 2943 4223 4314 8314
128 1280 255 1407 3991 7991
2432 4736 2559 4863 3500 7500
1280 3072 1407 3199 3526 7526
2944 256 3071 383 4231 8231
2816 128 2943 255 4459 8459
2432 3200 2559 3327 5124 9124
640 1536 767 1663 4119 8119
3328 384 3455 511 5015 9015
1792 1280 1919 1407 4507 8507
3584 896 3711 1023 3565 7565
1664 384 1791 511 3737 7737
2944 4864 3071 4991 5063 9063
2048 640 2175 767 4162 8162
896 2688 1023 2815 4641 8641
896 3584 1023 3711 3463 7463
1152 896 1279 1023 4608 8608
1408 2816 1535 2943 3939 7939
1536 1792 1663 1919 3553 7553
128 1536 255 1663 3461 7461
3840 4736 3967 4863 4127 8127
3456 3712 3583 3839 4841 8841
3200 1024 3327 1151 5064 9064
1280 4096 1407 4223 3651 7651
3072 4608 3199 4735 4533 8533
640 3968 767 4095 4425 8425
256 768 383 895 5078 9078
3328 1280 3455 1407 3475 7475
3712 1280 3839 1407 4111 8111
384 3456 511 3583 4678 8678
1408 5120 1535 5247 3593 7593
768 3072 895 3199 5054 9054
3840 3200 3967 3327 3529 7529
1536 1536 1663 1663 4700 8700
3712 896 3839 1023 3440 7440
3840 4992 3967 5119 3598 7598
512 1664 639 1791 4019 8019
1280 4224 1407 4351 3425 7425
1536 5504 1663 5631 4347 8347
2048 3072 2175 3199 4872 8872
128 2432 255 2559 3770 7770
1280 5120 1407 5247 3750 7750
1408 768 1535 895 3469 7469
1152 2176 1279 2303 3693 7693
2176 5376 2303 5503 4541 8541
2304 3200 2431 3327 3948 7948
896 1280 1023 1407 3786 7786
1664 4608 1791 4735 4987 8987
2688 2688 2815 2815 3725 7725
1408 1792 1535 1919 4946 8946
1664 4992 1791 5119 5077 9077
3456 2304 3583 2431 4482 8482
2304 512 2431 639 4647 8647
1024 2048 1151 2175 4211 8211
2560 1152 2687 1279 4762 8762
2688 4352 2815 4479 5019 9019
3200 1664 3327 1791 4474 8474
2048 512 2175 639 3909 7909
1408 3328 1535 3455 5123 9123
3584 0 3711 127 3445 7445
1280 1536 1407 1663 3447 7447
1792 4864 1919 4991 4554 8554
1792 4096 1919 4223 4338 8338
3072 2688 3199 2815 4584 8584
2176 5120 2303 5247 4114 8114
3328 5120 3455 5247 3616 7616
384 1408 511 1535 4811 8811
3200 384 3327 511 4762 8762
3072 3584 3199 3711 3670 7670
2304 0 2431 127 4996 8996
1280 2816 1407 2943 4495 8495
768 4480 895 4607 5047 9047
768 128 895 255 4585 8585
3072 128 3199 255 3802 7802
3456 2432 3583 2559 3601 7601
640 2176 767 2303 3986 7986
1792 2432 1919 2559 4380 8380
2304 4352 2431 4479 4994 8994
2816 1920 2943 2047 3834 7834
1792 3840 1919 3967 4734 8734
128 3328 255 3455 4800 8800
2688 4864 2815 4991 4749 8749
768 512 895 639 5054 9054
640 4864 767 4991 3516 7516
768 5248 895 5375 4798 8798
1152 2944 1279 3071 4676 8676
896 2048 1023 2175 3395 7395
1792 256 1919 383 4132 8132
896 3840 1023 3967 4424 8424
512 640 639 767 4356 8356
3840 1536 3967 1663 3416 7416
640 3328 767 3455 4500 8500
3200 3968 3327 4095 3770 7770
2816 3968 2943 4095 4383 8383
1664 1536 1791 1663 4922 8922
512 3072 639 3199 3722 7722
3840 768 3967 895 4628 8628
2944 5120 3071 5247 3803 7803
768 5632 895 5759 5114 9114
512 5632 639 5759 4137 8137
3072 5120 3199 5247 4637 8637
384 4096 511 4223 3678 7678
3712 4480 3839 4607 4044 8044
2176 3968 2303 4095 4082 8082
2944 1280 3071 1407 5087 9087
2816 896 2943 1023 3483 7483
768 4608 895 4735 4698 8698
1536 3200 1663 3327 3536 7536
3456 1792 3583 1919 5106 9106
896 128 1023 255 4370 8370
640 4736 767 4863 4109 8109
2944 5248 3071 5375 4766 8766
1024 3840 1151 3967 3979 7979
1792 2560 1919 2687 4023 8023
2176 2432 2303 2559 4912 8912
3200 2560 3327 2687 4616 8616
2432 4352 2559 4479 4538 8538
640 128 767 255 4145 8145
2944 1920 3071 2047 3608 7608
1152 4608 1279 4735 3822 7822
2304 4224 2431 4351 5131 9131
256 3712 383 3839 4631 8631
896 4352 1023 4479 4160 8160
0 640 127 767 3761 7761
640 4608 767 4735 4852 8852
3840 2688 3967 2815 3943 7943
1152 1408 1279 1535 4113 8113
1280 2432 1407 2559 4341 8341
3200 2176 3327 2303 3584 7584
3712 384 3839 511 5065 9065
2688 1920 2815 2047 4316 8316
2304 1920 2431 2047 4850 8850
2944 5376 3071 5503 4581 8581
2432 1024 2559 1151 4198 8198
2688 3712 2815 3839 4771 8771
640 5120 767 5247 4528 8528
1920 4352 2047 4479 4311 8311
2176 2304 2303 2431 3538 7538
1920 128 2047 255 3903 7903
2304 2816 2431 2943 4277 8277
128 4608 255 4735 4537 8537
1152 2304 1279 2431 4641 8641
3072 4096 3199 4223 4882 8882
3072 5248 3199 5375 4354 8354
512 5504 639 5631 3524 7524
384 2944 511 3071 4654 8654
640 3584 767 3711 4808 8808
3712 4224 3839 4351 4691 8691
1408 4864 1535 4991 3659 7659
2816 2816 2943 2943 5046 9046
3200 5120 3327 5247 3373 7373
3712 1536 3839 1663 3650 7650
2944 896 3071 1023 3746 7746
1280 1280 1407 1407 4163 8163
1152 3968 1279 4095 5019 9019
2688 2048 2815 2175 3459 7459
2944 3456 3071 3583 3944 7944
256 3200 383 3327 4970 8970
3840 128 3967 255 3638 7638
2176 3328 2303 3455 5135 9135
2432 3584 2559 3711 4895 8895
1024 896 1151 1023 4583 8583
1024 4864 1151 4991 4054 8054
0 4736 127 4863 3545 7545
2304 1408 2431 1535 4619 8619
256 5120 383 5247 3685 7685
1792 768 1919 895 3911 7911
2304 3968 2431 4095 3790 7790
3584 5376 3711 5503 3852 7852
1280 4864 1407 4991 4443 8443
2304 384 2431 511 3906 7906
1280 640 1407 767 4227 8227
3072 3968 3199 4095 3944 7944
128 4352 255 4479 3648 7648
3328 4864 3455 4991 4420 8420
3712 512 3839 639 4098 8098
1280 0 1407 127 4931 8931
3456 4736 3583 4863 4088 8088
1792 3712 1919 3839 4627 8627
1664 3968 1791 4095 4428 8428
768 4864 895 4991 4972 8972
128 3840 255 3967 4630 8630
256 4352 383 4479 3917 7917
512 768 639 895 3579 7579
3712 2944 3839 3071 4631 8631
768 1792 895 1919 3796 7796
1152 640 1279 767 4645 8645
3200 4992 3327 5119 4413 8413
384 1024 511 1151 3626 7626
2304 2560 2431 2687 4912 8912
1152 5632 1279 5759 4408 8408
3072 2944 3199 3071 4359 8359
1536 2816 1663 2943 4355 8355
3712 1792 3839 1919 5091 9091
3072 4992 3199 5119 3742 7742
1536 1024 1663 1151 3834 7834
256 384 383 511 4615 8615
1536 4096 1663 4223 4282 8282
512 4864 639 4991 3463 7463
1792 5632 1919 5759 4305 8305
896 512 1023 639 3586 7586
1024 5120 1151 5247 3998 7998
3840 2560 3967 2687 4371 8371
640 5632 767 5759 4159 8159
256 1280 383 1407 4275 8275
3328 4224 3455 4351 4629 8629
3328 3584 3455 3711 4095 8095
1664 2432 1791 2559 5044 9044
2048 1024 2175 1151 4555 8555
2560 5632 2687 5759 3583 7583
384 3968 511 4095 4332 8332
3456 5632 3583 5759 4388 8388
3840 1280 3967 1407 4051 8051
256 3584 383 3711 4087 8087
1280 256 1407 383 3805 7805
3200 1408 3327 1535 3542 7542
1024 1792 1151 1919 4512 8512
2304 3328 2431 3455 4288 8288
1280 3200 1407 3327 4584 8584
256 1152 383 1279 3976 7976
0 128 127 255 4060 8060
3840 1664 3967 1791 4830 8830
384 4480 511 4607 4173 8173
1024 512 1151 639 4253 8253
2944 1408 3071 1535 4781 8781
2432 1920 2559 2047 4544 8544
640 1152 767 1279 3925 7925
2816 5632 2943 5759 3465 7465
3456 4096 3583 4223 3687 7687
3328 4992 3455 5119 4017 8017
1536 1152 1663 1279 4400 8400
1536 2048 1663 2175 4880 8880
3200 1920 3327 2047 3853 7853
0 384 127 511 3631 7631
1792 5504 1919 5631 3899 7899
1152 5248 1279 5375 4757 8757
0 1792 127 1919 4889 8889
2688 5376 2815 5503 4624 8624
2944 4992 3071 5119 3870 7870
2304 256 2431 383 4304 8304
768 3200 895 3327 4045 8045
2688 2432 2815 2559 4832 8832
1664 1280 1791 1407 4530 8530
640 0 767 127 4725 8725
3200 4608 3327 4735 4757 8757
3456 2688 3583 2815 4173 8173
3456 4224 3583 4351 4896 8896
2560 1792 2687 1919 4130 8130
2432 5504 2559 5631 5090 9090
2560 4352 2687 4479 3549 7549
512 2176 639 2303 3944 7944
3072 4736 3199 4863 4010 8010
3072 5376 3199 5503 5008 9008
1280 4736 1407 4863 3956 7956
3072 2432 3199 2559 4101 8101
1024 0 1151 127 3858 7858
3840 512 3967 639 5129 9129
1664 5120 1791 5247 4656 8656
0 3968 127 4095 3953 7953
1408 1664 1535 1791 4654 8654
3328 2048 3455 2175 3533 7533
256 4224 383 4351 4191 8191
2176 2688 2303 2815 4394 8394
2432 768 2559 895 4016 8016
2816 2176 2943 2303 4451 8451
2048 4480 2175 4607 4132 8132
1280 768 1407 895 4611 8611
1664 2816 1791 2943 3409 7409
3584 128 3711 255 4594 8594
1536 896 1663 1023 5111 9111
1152 2048 1279 2175 4342 8342
640 256 767 383 3499 7499
0 896 127 1023 4012 8012
2176 384 2303 511 4711 8711
768 4096 895 4223 4853 8853
1920 1792 2047 1919 3629 7629
2048 256 2175 383 4722 8722
2048 4864 2175 4991 3818 7818
2816 2944 2943 3071 3597 7597
1408 5632 1535 5759 4673 8673
3072 1920 3199 2047 3996 7996
1536 4736 1663 4863 4171 8171
3456 256 3583 383 4521 8521
3584 3072 3711 3199 4842 8842
1920 1664 2047 1791 3965 7965
2688 4096 2815 4223 3483 7483
1152 4352 1279 4479 3560 7560
384 4224 511 4351 3954 7954
2304 4480 2431 4607 4768 8768
2560 3072 2687 3199 5120 9120
1408 1920 1535 2047 4447 8447
896 1792 1023 1919 4139 8139
256 3328 383 3455 4171 8171
1664 1920 1791 2047 4679 8679
1536 640 1663 767 4784 8784
3328 3328 3455 3455 4460 8460
640 1280 767 1407 3671 7671
256 3840 383 3967 3465 7465
1536 1280 1663 1407 4498 8498
3328 2688 3455 2815 4894 8894
3072 3200 3199 3327 3436 7436
3328 1792 3455 1919 4679 8679
512 5248 639 5375 5022 9022
2816 0 2943 127 5055 9055
1792 1408 1919 1535 3459 7459
2432 4096 2559 4223 3944 7944
256 2816 383 2943 4522 8522
2304 1792 2431 1919 4810 8810
1792 0 1919 127 4391 8391
512 2048 639 2175 4749 8749
512 3200 639 3327 4343 8343
1408 4096 1535 4223 5016 9016
3072 2816 3199 2943 4758 8758
640 768 767 895 4703 8703
2944 1664 3071 1791 3927 7927
512 2560 639 2687 3583 7583
0 1024 127 1151 4815 8815
1280 4480 1407 4607 5095 9095
1152 4096 1279 4223 3375 7375
1920 2304 2047 2431 3652 7652
2048 3968 2175 4095 5075 9075
1536 3840 1663 3967 3660 7660
1920 1408 2047 1535 4420 8420
3584 512 3711 639 5085 9085
2688 3584 2815 3711 4969 8969
3072 2304 3199 2431 5043 9043
3584 1792 3711 1919 3614 7614
128 2176 255 2303 4478 8478
768 896 895 1023 5137 9137
3072 1536 3199 1663 4742 8742
3072 3456 3199 3583 4233 8233
640 1920 767 2047 4411 8411
3840 1792 3967 1919 3490 7490
256 4096 383 4223 5093 9093
2304 1280 2431 1407 4326 8326
3456 640 3583 767 3578 7578
2944 4736 3071 4863 4876 8876
3200 128 3327 255 3708 7708
3072 4480 3199 4607 4226 8226
2560 3584 2687 3711 4127 8127
2944 3328 3071 3455 4295 8295
2560 1664 2687 1791 3430 7430
3072 640 3199 767 4982 8982
128 5376 255 5503 3913 7913
3456 1280 3583 1407 3971 7971
384 2432 511 2559 3769 7769
128 5504 255 5631 5103 9103
1408 4224 1535 4351 3646 7646
2176 3584 2303 3711 3724 7724
384 3584 511 3711 4317 8317
3328 1024 3455 1151 3927 7927
1280 3328 1407 3455 4638 8638
1792 1920 1919 2047 4606 8606
3200 3200 3327 3327 4976 8976
1024 256 1151 383 3792 7792
3328 3456 3455 3583 4435 8435
256 2688 383 2815 4879 8879
256 1024 383 1151 4035 8035
1536 3328 1663 3455 3774 7774
2944 128 3071 255 4085 8085
384 4736 511 4863 3637 7637
0 4608 127 4735 3845 7845
256 2432 383 2559 5125 9125
384 4992 511 5119 4734 8734
1664 3712 1791 3839 4776 8776
768 3456 895 3583 3520 7520
1152 3328 1279 3455 4150 8150
2176 2560 2303 2687 4512 8512
2048 1280 2175 1407 4836 8836
2560 1920 2687 2047 5006 9006
640 2304 767 2431 4478 8478
1408 3968 1535 4095 3991 7991
2944 3712 3071 3839 4274 8274
2816 2432 2943 2559 4320 8320
3072 2560 3199 2687 3743 7743
1152 2688 1279 2815 4874 8874
2432 4992 2559 5119 3927 7927
3712 2688 3839 2815 4684 8684
1920 384 2047 511 3380 7380
1152 5376 1279 5503 4281 8281
1920 5504 2047 5631 3861 7861
256 4480 383 4607 4914 8914
1536 768 1663 895 4757 8757
3712 2432 3839 2559 5097 9097
3840 3840 3967 3967 3959 7959
3840 640 3967 767 3409 7409
1920 2560 2047 2687 3601 7601
1152 4992 1279 5119 3699 7699
1152 4864 1279 4991 4073 8073
3072 768 3199 895 4982 8982
3456 768 3583 895 3622 7622
2304 3584 2431 3711 3549 7549
2944 5504 3071 5631 3687 7687
1792 5120 1919 5247 3608 7608
3072 4352 3199 4479 4912 8912
384 1280 511 1407 4302 8302
512 4224 639 4351 3757 7757
3712 128 3839 255 4901 8901
896 2816 1023 2943 3674 7674
2816 3456 2943 3583 3453 7453
3200 4224 3327 4351 4767 8767
2688 4608 2815 4735 3990 7990
1152 128 1279 255 5052 9052
640 1024 767 1151 3901 7901
1152 4480 1279 4607 4939 8939
1024 1408 1151 1535 4633 8633
512 1408 639 1535 3635 7635
2688 3968 2815 4095 3727 7727
2048 5248 2175 5375 4177 8177
3200 5632 3327 5759 4622 8622
384 640 511 767 3846 7846
256 896 383 1023 4668 8668
2048 1792 2175 1919 4396 8396
0 4992 127 5119 4441 8441
2944 2944 3071 3071 3834 7834
2176 4992 2303 5119 4984 8984
3584 2944 3711 3071 4479 8479
256 5376 383 5503 4064 8064
1920 3200 2047 3327 4521 8521
2432 3328 2559 3455 4390 8390
3712 2304 3839 2431 3907 7907
2944 2432 3071 2559 4773 8773
2560 5504 2687 5631 4568 8568
896 5504 1023 5631 3432 7432
0 4096 127 4223 4219 8219
1920 2176 2047 2303 3550 7550
3840 2944 3967 3071 4363 8363
128 896 255 1023 4605 8605
3584 384 3711 511 4289 8289
896 5120 1023 5247 3876 7876
1920 4736 2047 4863 3897 7897
2304 2688 2431 2815 3916 7916
384 5632 511 5759 4495 8495
640 640 767 767 4787 8787
1536 5376 1663 5503 3655 7655
2176 256 2303 383 3504 7504
2560 2560 2687 2687 4280 8280
768 1408 895 1535 3919 7919
2816 3712 2943 3839 4838 8838
1792 2304 1919 2431 4295 8295
2432 1792 2559 1919 4379 8379
640 2560 767 2687 4522 8522
384 256 511 383 3823 7823
2432 0 2559 127 3635 7635
768 2048 895 2175 3823 7823
1024 1920 1151 2047 4286 8286
2176 5248 2303 5375 4457 8457
896 3328 1023 3455 4931 8931
3200 4736 3327 4863 4189 8189
1280 2048 1407 2175 4817 8817
2688 2304 2815 2431 3390 7390
2944 2560 3071 2687 3934 7934
1024 2944 1151 3071 4450 8450
3456 4864 3583 4991 3797 7797
2944 0 3071 127 3995 7995
3584 4608 3711 4735 3529 7529
1920 4864 2047 4991 4954 8954
3328 5632 3455 5759 4197 8197
3456 2048 3583 2175 3972 7972
1408 5504 1535 5631 4103 8103
512 3456 639 3583 4702 8702
1408 3456 1535 3583 3707 7707
3840 4480 3967 4607 4648 8648
512 5120 639 5247 5035 9035
1920 512 2047 639 4332 8332
1024 768 1151 895 4932 8932
768 4352 895 4479 4377 8377
1408 384 1535 511 3472 7472
2176 896 2303 1023 4689 8689
2304 4864 2431 4991 4075 8075
2304 3072 2431 3199 4397 8397
0 0 127 127 3928 7928
896 2176 1023 2303 3457 7457
2816 5120 2943 5247 4058 8058
640 5376 767 5503 3401 7401
1024 1664 1151 1791 4887 8887
1152 0 1279 127 4183 8183
3840 4096 3967 4223 3696 7696
640 4352 767 4479 3887 7887
3328 512 3455 639 4210 8210
0 3584 127 3711 3373 7373
896 1664 1023 1791 3907 7907
384 2048 511 2175 4773 8773
512 512 639 639 3661 7661
1280 3712 1407 3839 4333 8333
1920 3072 2047 3199 3628 7628
2944 640 3071 767 4797 8797
0 2688 127 2815 4147 8147
1152 512 1279 639 4454 8454
1024 1536 1151 1663 3630 7630
3584 2048 3711 2175 4879 8879
1152 3072 1279 3199 4994 8994
1792 4224 1919 4351 4944 8944
3200 5376 3327 5503 3596 7596
1664 2560 1791 2687 4099 8099
3712 256 3839 383 4137 8137
1408 4608 1535 4735 4366 8366
3712 5248 3839 5375 5105 9105
1152 4736 1279 4863 3447 7447
2304 3456 2431 3583 3915 7915
1408 640 1535 767 5019 9019
2944 768 3071 895 3682 7682
0 3072 127 3199 3681 7681
2944 4352 3071 4479 4314 8314
2048 1408 2175 1535 4370 8370
1024 3328 1151 3455 3711 7711
256 1536 383 1663 4062 8062
2688 1024 2815 1151 4391 8391
1792 3456 1919 3583 4036 8036
384 1792 511 1919 3787 7787
2048 1920 2175 2047 3461 7461
1152 2816 1279 2943 5017 9017
1152 1536 1279 1663 4323 8323
3072 1152 3199 1279 4863 8863
2816 4480 2943 4607 3538 7538
0 1280 127 1407 4494 8494
3840 2432 3967 2559 4329 8329
2176 4096 2303 4223 4965 8965
3456 1664 3583 1791 4479 8479
128 1024 255 1151 4622 8622
640 384 767 511 4433 8433
1280 512 1407 639 3427 7427
3200 2816 3327 2943 4476 8476
3200 3072 3327 3199 3446 7446
2048 1664 2175 1791 3652 7652
896 4480 1023 4607 4413 8413
2560 2048 2687 2175 4212 8212
3200 2304 3327 2431 4647 8647
2304 4608 2431 4735 3588 7588
896 3200 1023 3327 3498 7498
1792 896 1919 1023 4400 8400
2176 4864 2303 4991 4445 8445
0 2944 127 3071 3809 7809
2176 768 2303 895 4710 8710
1152 3584 1279 3711 3619 7619
1920 0 2047 127 4017 8017
2944 4608 3071 4735 4259 8259
1920 5632 2047 5759 3519 7519
2816 2048 2943 2175 5037 9037
1408 1024 1535 1151 4925 8925
1792 512 1919 639 3936 7936
384 128 511 255 4336 8336
1792 2176 1919 2303 4011 8011
1664 4224 1791 4351 4097 8097
256 512 383 639 4059 8059
384 1920 511 2047 4178 8178
3200 3840 3327 3967 3452 7452
1664 4480 1791 4607 4227 8227
1664 4096 1791 4223 4981 8981
1536 2944 1663 3071 3769 7769
3072 2176 3199 2303 3709 7709
3840 3072 3967 3199 3483 7483
2304 2944 2431 3071 3826 7826
3840 3584 3967 3711 4023 8023
3840 0 3967 127 3559 7559
512 4992 639 5119 5085 9085
1664 2048 1791 2175 5066 9066
2304 1664 2431 1791 3609 7609
3584 1664 3711 1791 3802 7802
3200 4864 3327 4991 3514 7514
1792 640 1919 767 3736 7736
3584 4480 3711 4607 4831 8831
2560 256 2687 383 4588 8588
896 3456 1023 3583 3384 7384
2816 5248 2943 5375 3611 7611
1536 4480 1663 4607 4045 8045
3328 1408 3455 1535 4030 8030
384 5120 511 5247 4499 8499
3200 5504 3327 5631 4194 8194
3072 512 3199 639 4906 8906
256 1792 383 1919 3493 7493
2176 1536 2303 1663 3968 7968
3712 2048 3839 2175 5080 9080
1280 5504 1407 5631 4133 8133
2048 4224 2175 4351 3903 7903
2304 1152 2431 1279 4978 8978
1664 768 1791 895 4150 8150
0 768 127 895 3984 7984
2816 1792 2943 1919 4065 8065
768 2432 895 2559 3991 7991
2560 896 2687 1023 3592 7592
2816 3328 2943 3455 4403 8403
512 3968 639 4095 4104 8104
2048 5504 2175 5631 4047 8047
3712 4736 3839 4863 5055 9055
896 1408 1023 1535 3501 7501
2176 2816 2303 2943 4970 8970
2176 1152 2303 1279 4981 8981
128 1152 255 1279 3739 7739
128 4992 255 5119 3632 7632
1024 4992 1151 5119 4333 8333
768 1664 895 1791 5083 9083
1024 5632 1151 5759 4302 8302
2816 768 2943 895 4759 8759
384 1536 511 1663 5096 9096
1664 3328 1791 3455 4542 8542
2176 4480 2303 4607 3665 7665
1664 5376 1791 5503 4964 8964
2816 1280 2943 1407 4879 8879
2688 640 2815 767 3697 7697
1920 1920 2047 2047 3939 7939
1024 1024 1151 1151 5002 9002
0 3328 127 3455 3503 7503
2688 3840 2815 3967 3880 7880
2048 3328 2175 3455 4973 8973
640 4096 767 4223 4035 8035
1536 5632 1663 5759 3718 7718
2816 1024 2943 1151 3983 7983
2432 1536 2559 1663 3858 7858
128 5632 255 5759 4412 8412
2560 4096 2687 4223 4604 8604
2688 1536 2815 1663 4079 8079
640 5504 767 5631 3675 7675
3328 256 3455 383 4546 8546
1408 3200 1535 3327 3964 7964
2688 3072 2815 3199 4568 8568
3840 1024 3967 1151 4676 8676
512 384 639 511 3794 7794
256 2944 383 3071 4410 8410
256 1408 383 1535 4253 8253
0 1536 127 1663 4056 8056
2944 4224 3071 4351 4581 8581
1792 3072 1919 3199 4196 8196
1536 3712 1663 3839 4196 8196
3456 1920 3583 2047 4201 8201
1280 3840 1407 3967 5130 9130
3712 5376 3839 5503 4576 8576
0 5248 127 5375 3704 7704
3712 1920 3839 2047 4955 8955
1280 2176 1407 2303 4315 8315
1792 384 1919 511 4030 8030
384 5504 511 5631 4732 8732
640 4480 767 4607 3386 7386
2816 4864 2943 4991 3371 7371
384 384 511 511 3472 7472
1280 3968 1407 4095 4989 8989
2048 2048 2175 2175 4035 8035
384 2688 511 2815 4797 8797
256 256 383 383 3832 7832
3840 5504 3967 5631 4522 8522
2944 1152 3071 1279 4069 8069
3328 1152 3455 1279 4274 8274
1664 5248 1791 5375 4439 8439
1408 2432 1535 2559 3582 7582
128 4096 255 4223 4658 8658
1280 1024 1407 1151 5032 9032
0 1664 127 1791 4780 8780
1152 1024 1279 1151 3403 7403
2176 5632 2303 5759 3687 7687
1536 3072 1663 3199 5028 9028
3584 3968 3711 4095 4286 8286
2304 5248 2431 5375 3581 7581
3200 256 3327 383 3678 7678
2688 896 2815 1023 5111 9111
1536 2432 1663 2559 3615 7615
1920 4096 2047 4223 4508 8508
3840 5120 3967 5247 5102 9102
256 4864 383 4991 4820 8820
1536 2560 1663 2687 4050 8050
1664 1792 1791 1919 4126 8126
3200 896 3327 1023 4973 8973
1792 5248 1919 5375 3918 7918
768 5504 895 5631 3718 7718
2432 2176 2559 2303 4989 8989
2304 768 2431 895 3918 7918
2816 2560 2943 2687 3820 7820
2048 384 2175 511 4047 8047
128 128 255 255 3792 7792
2944 2304 3071 2431 4455 8455
1024 5376 1151 5503 3717 7717
3712 2560 3839 2687 4943 8943
896 5376 1023 5503 3385 7385
2688 5248 2815 5375 3830 7830
1408 4352 1535 4479 3452 7452
1152 1664 1279 1791 4574 8574
0 3840 127 3967 5117 9117
1408 1152 1535 1279 5113 9113
1792 1792 1919 1919 3423 7423
2816 2304 2943 2431 3381 7381
896 1536 1023 1663 4638 8638
2816 4736 2943 4863 4289 8289
768 3968 895 4095 4296 8296
2560 3712 2687 3839 4057 8057
1152 5120 1279 5247 4597 8597
3328 2816 3455 2943 3476 7476
1408 3712 1535 3839 3510 7510
3840 3328 3967 3455 4943 8943
2304 4096 2431 4223 4416 8416
2560 3968 2687 4095 4959 8959
2560 1408 2687 1535 3854 7854
1664 2176 1791 2303 3402 7402
2432 3840 2559 3967 4002 8002
2816 640 2943 767 3610 7610
3456 2176 3583 2303 4728 8728
3712 3200 3839 3327 3851 7851
3456 4480 3583 4607 4158 8158
3200 3712 3327 3839 4386 8386
2432 4864 2559 4991 3736 7736
1024 4096 1151 4223 4579 8579
1408 512 1535 639 3701 7701
512 3328 639 3455 4082 8082
2688 1792 2815 1919 3591 7591
2944 2048 3071 2175 3715 7715
512 1920 639 2047 3750 7750
2304 5632 2431 5759 3672 7672
1792 3968 1919 4095 4128 8128
1152 2432 1279 2559 3728 7728
128 3456 255 3583 4624 8624
1408 3584 1535 3711 3389 7389
2560 0 2687 127 4716 8716
2304 1024 2431 1151 5100 9100
768 384 895 511 4308 8308
896 4608 1023 4735 4850 8850
1536 2304 1663 2431 4996 8996
1408 1280 1535 1407 4743 8743
1152 2560 1279 2687 4955 8955
3328 128 3455 255 5135 9135
2688 1280 2815 1407 4546 8546
384 2304 511 2431 3441 7441
2816 3072 2943 3199 4955 8955
384 3072 511 3199 4238 8238
2688 3200 2815 3327 3472 7472
2048 4736 2175 4863 4795 8795
1536 0 1663 127 4478 8478
3328 5376 3455 5503 4829 8829
256 4992 383 5119 3506 7506
128 2560 255 2687 4474 8474
384 896 511 1023 4075 8075
3328 2432 3455 2559 4849 8849
256 4736 383 4863 3913 7913
2432 5248 2559 5375 4406 8406
1792 2816 1919 2943 4769 8769
2304 2176 2431 2303 5111 9111
2048 2816 2175 2943 3959 7959
0 4864 127 4991 3380 7380
2560 4480 2687 4607 4622 8622
256 2304 383 2431 3925 7925
1920 4608 2047 4735 3737 7737
2816 4352 2943 4479 4106 8106
1536 4992 1663 5119 3944 7944
3200 3584 3327 3711 4291 8291
2944 1024 3071 1151 5044 9044
896 4992 1023 5119 4090 8090
3840 3712 3967 3839 4001 8001
2560 5248 2687 5375 4900 8900
2432 2432 2559 2559 3693 7693
2560 2304 2687 2431 4794 8794
256 5504 383 5631 4896 8896
3712 4352 3839 4479 4077 8077
2048 2688 2175 2815 4864 8864
1664 640 1791 767 3920 7920
1152 5504 1279 5631 4154 8154
2688 2816 2815 2943 4175 8175
1536 4352 1663 4479 3575 7575
2688 4736 2815 4863 4470 8470
3584 256 3711 383 4842 8842
2944 5632 3071 5759 4688 8688
384 1152 511 1279 3804 7804
2432 3968 2559 4095 4756 8756
2048 2432 2175 2559 3606 7606
2176 1408 2303 1535 3555 7555
0 512 127 639 4022 8022
1664 256 1791 383 5004 9004
2048 768 2175 895 4504 8504
0 3456 127 3583 3819 7819
1536 3456 1663 3583 5013 9013
2688 5120 2815 5247 3986 7986
384 4352 511 4479 3583 7583
1920 1024 2047 1151 4588 8588
1408 256 1535 383 3930 7930
1920 5248 2047 5375 4156 8156
384 2560 511 2687 3739 7739
3456 3328 3583 3455 3835 7835
1408 4480 1535 4607 4875 8875
384 5248 511 5375 3578 7578
1664 4864 1791 4991 3595 7595
3584 2176 3711 2303 4406 8406
1792 3584 1919 3711 5002 9002
2432 1280 2559 1407 4329 8329
3072 3840 3199 3967 5112 9112
1664 1664 1791 1791 3935 7935
1792 2944 1919 3071 4087 8087
3200 640 3327 767 4126 8126
2560 3200 2687 3327 4739 8739
1024 384 1151 511 3500 7500
3456 3072 3583 3199 4434 8434
3712 3840 3839 3967 4442 8442
1024 5248 1151 5375 4026 8026
128 2304 255 2431 4867 8867
3584 2688 3711 2815 5036 9036
1536 3584 1663 3711 4261 8261
2560 768 2687 895 4260 8260
2560 4224 2687 4351 4896 8896
3840 5376 3967 5503 4126 8126
2560 3328 2687 3455 3625 7625
2560 5120 2687 5247 3575 7575
2816 3584 2943 3711 3999 7999
3840 2176 3967 2303 3449 7449
3456 4992 3583 5119 4765 8765
1280 4352 1407 4479 3448 7448
640 1408 767 1535 4009 8009
2816 1664 2943 1791 3781 7781
3200 1792 3327 1919 4794 8794
256 2560 383 2687 4473 8473
3584 2432 3711 2559 4494 8494
768 2816 895 2943 5002 9002
1920 5120 2047 5247 3906 7906
512 256 639 383 4738 8738
2944 4480 3071 4607 4073 8073
3456 1536 3583 1663 4074 8074
2816 512 2943 639 4711 8711
768 4992 895 5119 4637 8637
2176 3840 2303 3967 4790 8790
2688 1152 2815 1279 4675 8675
3840 1408 3967 1535 3446 7446
128 640 255 767 4920 8920
3584 1920 3711 2047 3970 7970
3072 4224 3199 4351 3726 7726
1280 1152 1407 1279 4784 8784
896 768 1023 895 4675 8675
512 3712 639 3839 3622 7622
1664 3584 1791 3711 3906 7906
3328 3712 3455 3839 4774 8774
640 2432 767 2559 3378 7378
1920 896 2047 1023 4661 8661
3328 2304 3455 2431 4237 8237
3456 5120 3583 5247 4560 8560
0 4352 127 4479 4498 8498
3072 1280 3199 1407 4315 8315
3072 4864 3199 4991 4186 8186
3840 1920 3967 2047 4575 8575
896 5632 1023 5759 4953 8953
0 5376 127 5503 3805 7805
640 896 767 1023 3439 7439
2048 4608 2175 4735 3495 7495
1664 2944 1791 3071 4138 8138
896 1024 1023 1151 5070 9070
3584 4736 3711 4863 4031 8031
3200 512 3327 639 3736 7736
3456 128 3583 255 4003 8003
2432 5632 2559 5759 4734 8734
2048 896 2175 1023 4285 8285
3584 4224 3711 4351 4478 8478
1920 3840 2047 3967 3593 7593
2560 512 2687 639 4799 8799
3072 0 3199 127 3762 7762
1408 3072 1535 3199 4351 8351
2176 3712 2303 3839 4607 8607
3712 3072 3839 3199 4117 8117
3328 896 3455 1023 3996 7996
128 3712 255 3839 5120 9120
3200 2944 3327 3071 4368 8368
0 1408 127 1535 4531 8531
640 2688 767 2815 4754 8754
512 4608 639 4735 3584 7584
3840 2816 3967 2943 5030 9030
896 2304 1023 2431 4829 8829
896 0 1023 127 4774 8774
3712 2816 3839 2943 4388 8388
3584 3456 3711 3583 4005 8005
640 3712 767 3839 4798 8798
3200 1152 3327 1279 3824 7824
3456 512 3583 639 4796 8796
1024 640 1151 767 3463 7463
256 4608 383 4735 3892 7892
2176 1792 2303 1919 4921 8921
2432 1152 2559 1279 3439 7439
2944 4096 3071 4223 4800 8800
3328 4736 3455 4863 4790 8790
2432 2944 2559 3071 3805 7805
3712 1408 3839 1535 4641 8641
1536 3968 1663 4095 4384 8384
3456 2816 3583 2943 3928 7928
2560 5376 2687 5503 4957 8957
1024 2432 1151 2559 3815 7815
2560 4608 2687 4735 3587 7587
2944 2176 3071 2303 3580 7580
256 3456 383 3583 4796 8796
3328 4608 3455 4735 4823 8823
128 512 255 639 4326 8326
768 2560 895 2687 4630 8630
2432 512 2559 639 4804 8804
2304 640 2431 767 4533 8533
512 128 639 255 4021 8021
2432 3712 2559 3839 3627 7627
896 4864 1023 4991 3955 7955
3456 5248 3583 5375 3911 7911
3584 2560 3711 2687 5086 9086
512 1792 639 1919 3589 7589
1152 1280 1279 1407 4928 8928
3584 3200 3711 3327 4929 8929
1792 4608 1919 4735 4225 8225
1536 5248 1663 5375 4590 8590
1024 2560 1151 2687 4585 8585
3584 640 3711 767 3527 7527
1024 3072 1151 3199 4320 8320
128 4480 255 4607 4366 8366
3456 3456 3583 3583 3595 7595
2560 2688 2687 2815 4958 8958
0 1920 127 2047 4994 8994
2560 384 2687 511 5007 9007
3200 2432 3327 2559 4459 8459
2048 128 2175 255 4238 8238
896 640 1023 767 3796 7796
1664 5632 1791 5759 3486 7486
3712 4992 3839 5119 3892 7892
768 2944 895 3071 4012 8012
2432 384 2559 511 3695 7695
1664 5504 1791 5631 4526 8526
128 5248 255 5375 4674 8674
384 3840 511 3967 4650 8650
1408 4992 1535 5119 4016 8016
1024 3200 1151 3327 3547 7547
768 2176 895 2303 5021 9021
2048 3584 2175 3711 3875 7875
1920 2816 2047 2943 3803 7803
512 4096 639 4223 3837 7837
2176 1280 2303 1407 4415 8415
1024 2304 1151 2431 3749 7749
896 896 1023 1023 5033 9033
3712 0 3839 127 3412 7412
1408 5376 1535 5503 4516 8516
2048 4352 2175 4479 4119 8119
1536 4224 1663 4351 3841 7841
3200 2048 3327 2175 3962 7962
2688 4224 2815 4351 4275 8275
896 2432 1023 2559 3999 7999
768 2304 895 2431 4166 8166
2688 512 2815 639 4499 8499
3200 2688 3327 2815 4796 8796
2304 2304 2431 2431 4021 8021
3456 3840 3583 3967 4367 8367
2688 256 2815 383 5093 9093
2432 128 2559 255 4097 8097
768 5376 895 5503 4001 8001
3456 1408 3583 1535 3439 7439
896 2560 1023 2687 4618 8618
1024 4352 1151 4479 4642 8642
768 640 895 767 3763 7763
1792 3200 1919 3327 4004 8004
2688 4480 2815 4607 3385 7385
2304 3840 2431 3967 4252 8252
2560 2816 2687 2943 3858 7858
2176 1024 2303 1151 3561 7561
1024 4736 1151 4863 4133 8133
1664 896 1791 1023 4362 8362
768 3584 895 3711 3994 7994
1536 512 1663 639 4599 8599
512 4352 639 4479 4615 8615
1664 4736 1791 4863 3581 7581
1920 2432 2047 2559 3702 7702
384 5376 511 5503 4657 8657
1280 2944 1407 3071 4727 8727
1920 768 2047 895 4450 8450
3328 1536 3455 1663 4336 8336
2560 4992 2687 5119 4527 8527
2560 3456 2687 3583 3585 7585
3328 1664 3455 1791 4173 8173
1280 4992 1407 5119 3553 7553
3840 1152 3967 1279 3922 7922
2176 3072 2303 3199 3829 7829
896 2944 1023 3071 4203 8203
1536 4608 1663 4735 4127 8127
3712 1024 3839 1151 3783 7783
2944 3840 3071 3967 4139 8139
2816 1152 2943 1279 4757 8757
640 2048 767 2175 3851 7851
2560 3840 2687 3967 4595 8595
3072 3712 3199 3839 3469 7469
3840 4352 3967 4479 4244 8244
2816 256 2943 383 3460 7460
2176 128 2303 255 3483 7483
640 2816 767 2943 4334 8334
3840 5248 3967 5375 3947 7947
3840 256 3967 383 3674 7674
2048 5376 2175 5503 5096 9096
3584 2816 3711 2943 4148 8148
1280 2688 1407 2815 3506 7506
128 3584 255 3711 3765 7765
2816 1408 2943 1535 3623 7623
1920 3584 2047 3711 4694 8694
1152 256 1279 383 4096 8096
1024 4608 1151 4735 4118 8118
2048 1152 2175 1279 3490 7490
1408 2176 1535 2303 3406 7406
3584 3584 3711 3711 5083 9083
1920 1280 2047 1407 4646 8646
0 1152 127 1279 4598 8598
2176 3200 2303 3327 4117 8117
2432 2816 2559 2943 4038 8038
2816 5376 2943 5503 4358 8358
3072 384 3199 511 3784 7784
0 2176 127 2303 4079 8079
2176 5504 2303 5631 5115 9115
