77
0 2048 511 2559 7188 7288
2048 3584 2559 4095 5950 6050
512 0 1023 511 6075 6175
3072 1536 3583 2047 7848 7948
1024 1024 1535 1535 8797 8897
1536 1024 2047 1535 8811 8911
512 3072 1023 3583 7643 7743
1536 1536 2047 2047 7991 8091
1024 2048 1535 2559 3900 4000
2048 3072 2559 3583 6640 6740
3072 512 3583 1023 8059 8159
1536 3072 2047 3583 8711 8811
512 4096 1023 4607 6445 6545
0 1024 511 1535 6828 6928
3072 4608 3583 5119 5554 5654
2560 512 3071 1023 7804 7904
2560 2048 3071 2559 6061 6161
512 3584 1023 4095 7095 7195
1024 5120 1535 5631 5920 6020
1536 3584 2047 4095 6693 6793
0 2560 511 3071 6089 6189
512 5120 1023 5631 4790 4890
2560 1024 3071 1535 9024 9124
512 512 1023 1023 8376 8476
512 1536 1023 2047 4029 4129
1536 4608 2047 5119 3508 3608
1024 2560 1535 3071 7551 7651
2560 3584 3071 4095 5454 5554
2560 4096 3071 4607 5323 5423
2560 1536 3071 2047 7208 7308
1024 4096 1535 4607 8156 8256
1536 2560 2047 3071 3472 3572
512 1024 1023 1535 5698 5798
3072 1024 3583 1535 6771 6871
0 1536 511 2047 7949 8049
2048 5120 2559 5631 7035 7135
3072 2560 3583 3071 6543 6643
2560 4608 3071 5119 8132 8232
0 4608 511 5119 7566 7666
1024 0 1535 511 8652 8752
3072 0 3583 511 5733 5833
1024 512 1535 1023 6585 6685
512 4608 1023 5119 4234 4334
1536 512 2047 1023 8807 8907
0 512 511 1023 5953 6053
3072 4096 3583 4607 7998 8098
3072 3584 3583 4095 3482 3582
0 0 511 511 8644 8744
2048 1024 2559 1535 6053 6153
1536 4096 2047 4607 6032 6132
2560 5120 3071 5631 7877 7977
1024 3072 1535 3583 4682 4782
2048 4096 2559 4607 9031 9131
1536 5120 2047 5631 3772 3872
512 2560 1023 3071 5599 5699
2560 2560 3071 3071 5600 5700
2048 2560 2559 3071 3909 4009
0 3584 511 4095 5690 5790
2048 0 2559 511 3594 3694
3072 3072 3583 3583 5862 5962
1024 3584 1535 4095 5438 5538
2560 3072 3071 3583 8379 8479
0 3072 511 3583 7543 7643
2048 512 2559 1023 7766 7866
2048 4608 2559 5119 7691 7791
3072 5120 3583 5631 6452 6552
0 4096 511 4607 7341 7441
1536 0 2047 511 5194 5294
1536 2048 2047 2559 7124 7224
512 2048 1023 2559 5868 5968
1024 1536 1535 2047 4806 4906
2560 0 3071 511 3817 3917
3072 2048 3583 2559 3413 3513
1024 4608 1535 5119 5670 5770
0 5120 511 5631 5165 5265
2048 1536 2559 2047 5996 6096
2048 2048 2559 2559 6208 6308
