330
1280 0 1535 255 3576 5576
3328 1024 3583 1279 4302 6302
0 2816 255 3071 6056 8056
768 768 1023 1023 6804 8804
2304 2816 2559 3071 3457 5457
1536 2560 1791 2815 3457 5457
0 4352 255 4607 5797 7797
3328 1792 3583 2047 6885 8885
1792 2560 2047 2815 6456 8456
1024 3328 1279 3583 5261 7261
1280 1280 1535 1535 4687 6687
3584 3584 3839 3839 3868 5868
1024 5120 1279 5375 4749 6749
0 512 255 767 4512 6512
768 2304 1023 2559 6662 8662
3072 4352 3327 4607 4806 6806
512 3840 767 4095 6740 8740
1792 3072 2047 3327 5266 7266
1536 5376 1791 5631 4209 6209
1280 1536 1535 1791 6543 8543
1536 2816 1791 3071 3755 5755
3584 5376 3839 5631 3467 5467
512 3328 767 3583 4664 6664
1536 256 1791 511 5843 7843
1792 3840 2047 4095 4458 6458
2048 4096 2303 4351 6606 8606
256 1280 511 1535 6349 8349
3072 2816 3327 3071 5503 7503
1024 4096 1279 4351 6141 8141
2304 3840 2559 4095 3880 5880
256 2048 511 2303 4028 6028
1024 2048 1279 2303 4673 6673
3072 2304 3327 2559 6908 8908
3328 512 3583 767 6713 8713
2816 2560 3071 2815 6433 8433
1280 1024 1535 1279 5321 7321
768 1280 1023 1535 5126 7126
3584 4608 3839 4863 5091 7091
2304 768 2559 1023 5066 7066
3072 4096 3327 4351 4443 6443
768 0 1023 255 5308 7308
2560 1792 2815 2047 6382 8382
2560 1536 2815 1791 7036 9036
768 3328 1023 3583 6686 8686
2816 4352 3071 4607 5851 7851
2048 0 2303 255 6558 8558
1024 4608 1279 4863 4353 6353
0 0 255 255 5451 7451
3584 5120 3839 5375 6780 8780
3072 1536 3327 1791 5191 7191
2048 1536 2303 1791 4854 6854
1792 2816 2047 3071 5491 7491
1792 2304 2047 2559 3614 5614
256 5376 511 5631 6148 8148
0 4096 255 4351 4195 6195
2304 1024 2559 1279 6797 8797
512 1280 767 1535 3941 5941
1024 4352 1279 4607 3404 5404
1536 4352 1791 4607 3487 5487
3584 2560 3839 2815 5038 7038
1792 4352 2047 4607 6009 8009
2816 1792 3071 2047 4144 6144
1536 2304 1791 2559 6340 8340
2560 4352 2815 4607 5777 7777
512 2304 767 2559 5813 7813
3072 4608 3327 4863 3961 5961
0 2048 255 2303 6055 8055
256 2816 511 3071 3800 5800
1792 3584 2047 3839 5681 7681
3584 512 3839 767 3981 5981
256 768 511 1023 6968 8968
3584 768 3839 1023 5945 7945
2048 5120 2303 5375 5320 7320
256 2304 511 2559 6864 8864
768 4096 1023 4351 5492 7492
2304 3584 2559 3839 4031 6031
2816 1280 3071 1535 4610 6610
2560 2816 2815 3071 4801 6801
2816 3328 3071 3583 6111 8111
3328 256 3583 511 4250 6250
256 256 511 511 4948 6948
1280 3072 1535 3327 5922 7922
768 2816 1023 3071 6371 8371
0 4864 255 5119 5192 7192
1280 4096 1535 4351 7026 9026
512 0 767 255 5522 7522
1280 2560 1535 2815 4849 6849
1280 5376 1535 5631 5923 7923
2048 4608 2303 4863 3882 5882
0 256 255 511 4966 6966
2560 4608 2815 4863 3822 5822
3072 0 3327 255 6520 8520
0 1024 255 1279 4066 6066
2304 5120 2559 5375 6791 8791
1792 768 2047 1023 3485 5485
0 1280 255 1535 6509 8509
2560 1280 2815 1535 3612 5612
2048 4352 2303 4607 6169 8169
1792 256 2047 511 6938 8938
2048 768 2303 1023 4249 6249
3072 256 3327 511 5106 7106
2560 3072 2815 3327 5093 7093
2048 1024 2303 1279 6824 8824
2816 1536 3071 1791 7055 9055
1536 2048 1791 2303 4817 6817
2816 2304 3071 2559 3503 5503
2048 3072 2303 3327 6042 8042
0 2560 255 2815 4383 6383
2560 768 2815 1023 4933 6933
1280 768 1535 1023 7110 9110
1024 1024 1279 1279 5263 7263
512 1024 767 1279 6510 8510
512 4352 767 4607 5892 7892
1280 4352 1535 4607 6590 8590
2048 3584 2303 3839 6658 8658
768 256 1023 511 4105 6105
2816 5376 3071 5631 4972 6972
1280 3584 1535 3839 6464 8464
512 4864 767 5119 6657 8657
2816 256 3071 511 5483 7483
1792 1024 2047 1279 6386 8386
1792 1280 2047 1535 7108 9108
768 2048 1023 2303 6959 8959
3584 4352 3839 4607 7081 9081
1536 4864 1791 5119 5087 7087
2048 3840 2303 4095 7073 9073
2304 512 2559 767 6450 8450
2304 1280 2559 1535 3655 5655
3328 2816 3583 3071 6102 8102
3584 256 3839 511 4575 6575
3328 3840 3583 4095 4534 6534
1280 3840 1535 4095 4069 6069
3328 4864 3583 5119 6297 8297
2304 1536 2559 1791 6314 8314
2048 2816 2303 3071 6080 8080
512 1536 767 1791 6071 8071
3328 3584 3583 3839 4773 6773
3072 4864 3327 5119 4983 6983
2816 512 3071 767 7083 9083
1792 4096 2047 4351 6335 8335
1280 2048 1535 2303 4953 6953
2304 1792 2559 2047 3533 5533
2048 1280 2303 1535 4032 6032
1792 0 2047 255 5801 7801
512 512 767 767 6752 8752
0 3072 255 3327 3551 5551
1024 2816 1279 3071 6535 8535
2560 4096 2815 4351 6680 8680
2560 5120 2815 5375 4971 6971
1536 3840 1791 4095 4379 6379
2560 3328 2815 3583 5023 7023
1792 4608 2047 4863 4217 6217
3072 512 3327 767 4348 6348
256 2560 511 2815 4843 6843
2304 3072 2559 3327 4158 6158
1792 1792 2047 2047 4391 6391
1792 512 2047 767 6872 8872
2048 512 2303 767 5565 7565
2560 256 2815 511 4675 6675
768 3072 1023 3327 5835 7835
768 4864 1023 5119 6769 8769
1536 768 1791 1023 4165 6165
1536 3328 1791 3583 4860 6860
512 2048 767 2303 4254 6254
2304 3328 2559 3583 7108 9108
256 1536 511 1791 3800 5800
3072 3072 3327 3327 5281 7281
256 4864 511 5119 4741 6741
256 3840 511 4095 3739 5739
0 3584 255 3839 3551 5551
256 0 511 255 6032 8032
256 1792 511 2047 5321 7321
256 3072 511 3327 3714 5714
2048 2304 2303 2559 6694 8694
2816 2048 3071 2303 6078 8078
256 3584 511 3839 5422 7422
3584 3072 3839 3327 5201 7201
3072 1024 3327 1279 5473 7473
2048 4864 2303 5119 4963 6963
1536 3072 1791 3327 6801 8801
512 5120 767 5375 6482 8482
2560 3840 2815 4095 4942 6942
3328 2304 3583 2559 3878 5878
2816 0 3071 255 5786 7786
2304 4864 2559 5119 6414 8414
2560 0 2815 255 6761 8761
1280 2816 1535 3071 6806 8806
1024 1536 1279 1791 6147 8147
3072 3584 3327 3839 5186 7186
3072 2048 3327 2303 4341 6341
2304 2304 2559 2559 6938 8938
1280 3328 1535 3583 6912 8912
1536 4608 1791 4863 5136 7136
3328 2048 3583 2303 4658 6658
1024 2304 1279 2559 6122 8122
2304 2560 2559 2815 3431 5431
768 1024 1023 1279 3414 5414
768 4608 1023 4863 4263 6263
2048 2560 2303 2815 6898 8898
0 1536 255 1791 3783 5783
2560 1024 2815 1279 4443 6443
0 2304 255 2559 4117 6117
512 4096 767 4351 4060 6060
1792 5376 2047 5631 6882 8882
1792 2048 2047 2303 5767 7767
1280 4608 1535 4863 6768 8768
1280 4864 1535 5119 5165 7165
768 5376 1023 5631 3828 5828
1536 1280 1791 1535 3428 5428
3328 768 3583 1023 5084 7084
2816 4864 3071 5119 5585 7585
256 1024 511 1279 4866 6866
2560 5376 2815 5631 6655 8655
3072 3840 3327 4095 4419 6419
2816 768 3071 1023 5608 7608
1536 1536 1791 1791 4257 6257
768 1536 1023 1791 6137 8137
512 256 767 511 5274 7274
3328 4096 3583 4351 5360 7360
3584 4864 3839 5119 4183 6183
3072 3328 3327 3583 4572 6572
1024 1280 1279 1535 3485 5485
3328 4608 3583 4863 6051 8051
768 4352 1023 4607 4664 6664
1792 1536 2047 1791 6868 8868
2304 0 2559 255 5033 7033
1024 3840 1279 4095 6820 8820
768 3584 1023 3839 6911 8911
768 2560 1023 2815 4252 6252
768 1792 1023 2047 4905 6905
1792 3328 2047 3583 5650 7650
3328 1280 3583 1535 3652 5652
2304 4352 2559 4607 5652 7652
2304 5376 2559 5631 4667 6667
1280 2304 1535 2559 3394 5394
2816 3584 3071 3839 4279 6279
2048 5376 2303 5631 4295 6295
2048 2048 2303 2303 3515 5515
2560 512 2815 767 6833 8833
1792 5120 2047 5375 6448 8448
2816 3072 3071 3327 5228 7228
2304 4096 2559 4351 3605 5605
1280 512 1535 767 6271 8271
2304 2048 2559 2303 6840 8840
2816 5120 3071 5375 4654 6654
512 768 767 1023 4739 6739
2304 4608 2559 4863 6053 8053
1280 256 1535 511 3651 5651
1536 4096 1791 4351 6643 8643
3584 0 3839 255 4273 6273
2560 2304 2815 2559 6559 8559
1024 3072 1279 3327 6171 8171
1280 5120 1535 5375 4387 6387
3584 3840 3839 4095 5471 7471
3584 1024 3839 1279 3695 5695
3328 1536 3583 1791 4115 6115
256 3328 511 3583 5460 7460
3328 5120 3583 5375 5471 7471
512 3584 767 3839 5982 7982
3328 2560 3583 2815 4669 6669
256 5120 511 5375 7006 9006
1024 768 1279 1023 4493 6493
3584 2816 3839 3071 4950 6950
256 4608 511 4863 5518 7518
3072 1792 3327 2047 5789 7789
0 1792 255 2047 7069 9069
1536 512 1791 767 4753 6753
3584 1792 3839 2047 5040 7040
2816 2816 3071 3071 3445 5445
256 4096 511 4351 4446 6446
2560 2560 2815 2815 6444 8444
1024 1792 1279 2047 3629 5629
3584 4096 3839 4351 4681 6681
0 3328 255 3583 5575 7575
2048 1792 2303 2047 5425 7425
1536 1024 1791 1279 4291 6291
3584 1280 3839 1535 6944 8944
3328 5376 3583 5631 4338 6338
2560 4864 2815 5119 6667 8667
2816 4096 3071 4351 4774 6774
3584 3328 3839 3583 3567 5567
512 3072 767 3327 6086 8086
2560 2048 2815 2303 3805 5805
1536 3584 1791 3839 6679 8679
3584 2304 3839 2559 6513 8513
2816 3840 3071 4095 6225 8225
1024 3584 1279 3839 5750 7750
1280 1792 1535 2047 6930 8930
768 512 1023 767 6652 8652
2560 3584 2815 3839 4593 6593
512 1792 767 2047 4459 6459
1024 4864 1279 5119 6518 8518
1024 512 1279 767 4042 6042
3328 3072 3583 3327 4365 6365
3584 2048 3839 2303 6992 8992
1024 0 1279 255 4787 6787
1024 256 1279 511 4294 6294
2304 256 2559 511 6702 8702
1024 5376 1279 5631 4783 6783
2048 3328 2303 3583 6464 8464
512 4608 767 4863 4008 6008
0 768 255 1023 4087 6087
0 5376 255 5631 6723 8723
3072 768 3327 1023 3645 5645
3072 1280 3327 1535 6292 8292
2816 1024 3071 1279 7104 9104
1536 5120 1791 5375 6661 8661
1792 4864 2047 5119 4423 6423
3072 2560 3327 2815 4303 6303
256 512 511 767 6188 8188
0 3840 255 4095 5826 7826
2048 256 2303 511 6595 8595
3072 5120 3327 5375 3462 5462
0 4608 255 4863 4587 6587
3328 0 3583 255 6135 8135
768 3840 1023 4095 6604 8604
512 5376 767 5631 5768 7768
3328 3328 3583 3583 4745 6745
1536 0 1791 255 4721 6721
1024 2560 1279 2815 5280 7280
3328 4352 3583 4607 4294 6294
1536 1792 1791 2047 5809 7809
256 4352 511 4607 6755 8755
512 2816 767 3071 4965 6965
0 5120 255 5375 6803 8803
512 2560 767 2815 4934 6934
3584 1536 3839 1791 4708 6708
2816 4608 3071 4863 6054 8054
3072 5376 3327 5631 4496 6496
768 5120 1023 5375 6120 8120
