1000
521 2696 921 3096 7050 7150
4435 3238 4835 3638 7081 7181
156 1623 556 2023 7384 7484
3804 2689 4204 3089 8799 8899
3017 1625 3417 2025 5038 5138
869 2196 1269 2596 6780 6880
4455 2756 4855 3156 5104 5204
3668 2797 4068 3197 4765 4865
3117 3477 3517 3877 5201 5301
97 3116 497 3516 8728 8828
4091 1409 4491 1809 8055 8155
5392 100 5792 500 6984 7084
3701 2449 4101 2849 8583 8683
1709 3366 2109 3766 5545 5645
5322 2638 5722 3038 7600 7700
4655 294 5055 694 6845 6945
437 1196 837 1596 6472 6572
4719 2903 5119 3303 5245 5345
446 2000 846 2400 7966 8066
722 3498 1122 3898 4034 4134
5040 2566 5440 2966 8835 8935
4315 249 4715 649 6915 7015
2033 805 2433 1205 6473 6573
4672 3057 5072 3457 3679 3779
3009 1729 3409 2129 6665 6765
4227 1055 4627 1455 3473 3573
3020 2388 3420 2788 4495 4595
2022 1434 2422 1834 3518 3618
3526 2470 3926 2870 8093 8193
2371 418 2771 818 3687 3787
3599 975 3999 1375 4765 4865
4855 1146 5255 1546 7757 7857
321 568 721 968 4107 4207
720 864 1120 1264 7585 7685
1854 2632 2254 3032 6614 6714
4176 296 4576 696 6020 6120
552 2672 952 3072 6053 6153
3441 1713 3841 2113 5937 6037
504 2309 904 2709 7066 7166
2862 1663 3262 2063 4021 4121
44 1381 444 1781 5319 5419
1584 782 1984 1182 8395 8495
4869 3567 5269 3967 7106 7206
5281 802 5681 1202 6662 6762
4845 34 5245 434 5150 5250
3442 3321 3842 3721 6797 6897
3164 154 3564 554 5321 5421
4448 1022 4848 1422 7912 8012
1131 2557 1531 2957 8267 8367
4856 1647 5256 2047 5311 5411
22 1790 422 2190 6957 7057
5115 2881 5515 3281 5751 5851
3000 1568 3400 1968 4310 4410
1151 748 1551 1148 4154 4254
4241 805 4641 1205 5593 5693
1834 1960 2234 2360 6252 6352
719 1665 1119 2065 3724 3824
4233 1729 4633 2129 8891 8991
3515 564 3915 964 6474 6574
4970 1571 5370 1971 6863 6963
87 55 487 455 6286 6386
784 13 1184 413 6137 6237
1035 1081 1435 1481 6715 6815
4039 3247 4439 3647 8754 8854
5074 2263 5474 2663 6712 6812
3433 763 3833 1163 5412 5512
727 553 1127 953 5922 6022
73 2213 473 2613 8415 8515
2663 1765 3063 2165 4120 4220
3246 8 3646 408 3981 4081
2436 115 2836 515 4558 4658
2840 2886 3240 3286 6219 6319
917 2484 1317 2884 7392 7492
4414 3404 4814 3804 7070 7170
4851 3428 5251 3828 7617 7717
1949 3520 2349 3920 7652 7752
2028 1890 2428 2290 6511 6611
5375 201 5775 601 7726 7826
429 3077 829 3477 4500 4600
4646 181 5046 581 8978 9078
1118 2453 1518 2853 7673 7773
3628 2390 4028 2790 5751 5851
967 2294 1367 2694 5593 5693
4454 2222 4854 2622 4048 4148
4360 2341 4760 2741 5989 6089
5240 1948 5640 2348 3880 3980
3172 329 3572 729 6273 6373
4633 3333 5033 3733 5342 5442
409 1305 809 1705 5028 5128
4584 1429 4984 1829 5925 6025
677 2258 1077 2658 4276 4376
2222 3265 2622 3665 4576 4676
4876 2373 5276 2773 5502 5602
1356 2754 1756 3154 8819 8919
4020 3474 4420 3874 6063 6163
4497 1685 4897 2085 6245 6345
3658 1752 4058 2152 4156 4256
2230 45 2630 445 3927 4027
2849 287 3249 687 4935 5035
489 1224 889 1624 5419 5519
3522 2283 3922 2683 5989 6089
3817 1487 4217 1887 3744 3844
1337 1723 1737 2123 7201 7301
2754 364 3154 764 3374 3474
4165 233 4565 633 8881 8981
5294 1157 5694 1557 8451 8551
2650 3057 3050 3457 8876 8976
1139 38 1539 438 5117 5217
381 3106 781 3506 5619 5719
3998 2442 4398 2842 4913 5013
2877 2411 3277 2811 3868 3968
3576 1282 3976 1682 5856 5956
1721 2957 2121 3357 7589 7689
1155 1018 1555 1418 5620 5720
578 706 978 1106 7875 7975
2102 762 2502 1162 4054 4154
84 1043 484 1443 7584 7684
260 1878 660 2278 5941 6041
2137 3001 2537 3401 6765 6865
683 3043 1083 3443 7623 7723
3361 415 3761 815 5400 5500
2529 395 2929 795 6671 6771
3602 2646 4002 3046 4463 4563
259 2339 659 2739 4995 5095
5053 139 5453 539 5539 5639
3118 3120 3518 3520 7207 7307
1515 2165 1915 2565 8784 8884
1653 536 2053 936 5386 5486
8 1298 408 1698 8908 9008
5185 1718 5585 2118 5486 5586
4229 2441 4629 2841 8506 8606
346 56 746 456 6741 6841
548 3254 948 3654 6232 6332
3294 2953 3694 3353 3561 3661
455 2539 855 2939 7560 7660
4517 733 4917 1133 5153 5253
1886 204 2286 604 4580 4680
3533 1918 3933 2318 8186 8286
2592 801 2992 1201 3870 3970
2008 890 2408 1290 5218 5318
653 3116 1053 3516 4015 4115
1405 597 1805 997 4846 4946
2399 3329 2799 3729 7687 7787
230 1955 630 2355 6999 7099
4058 2604 4458 3004 3451 3551
3893 2382 4293 2782 7215 7315
1839 3561 2239 3961 5127 5227
856 2072 1256 2472 7071 7171
3769 3395 4169 3795 4278 4378
2146 1238 2546 1638 7391 7491
4676 1664 5076 2064 7745 7845
1275 3580 1675 3980 4860 4960
5355 3197 5755 3597 7706 7806
4194 1653 4594 2053 6036 6136
931 705 1331 1105 8724 8824
3497 492 3897 892 6600 6700
1251 2625 1651 3025 5082 5182
1463 2996 1863 3396 8002 8102
346 630 746 1030 7618 7718
786 426 1186 826 5378 5478
5407 3523 5807 3923 7486 7586
2113 1557 2513 1957 3650 3750
2134 278 2534 678 4490 4590
3455 849 3855 1249 4689 4789
3929 2040 4329 2440 6945 7045
1449 1281 1849 1681 7270 7370
3094 814 3494 1214 9026 9126
184 263 584 663 7755 7855
1693 36 2093 436 4182 4282
4772 2444 5172 2844 8565 8665
3425 2686 3825 3086 8904 9004
1183 277 1583 677 5844 5944
2016 924 2416 1324 6529 6629
318 756 718 1156 5516 5616
4639 3236 5039 3636 8015 8115
2714 2258 3114 2658 6857 6957
1314 3224 1714 3624 7465 7565
2279 983 2679 1383 7507 7607
1339 627 1739 1027 5014 5114
5141 440 5541 840 4982 5082
2072 3170 2472 3570 8922 9022
2563 3280 2963 3680 8292 8392
5328 2258 5728 2658 6160 6260
4525 1211 4925 1611 6861 6961
2099 282 2499 682 8972 9072
4109 1686 4509 2086 4928 5028
3485 2314 3885 2714 6786 6886
1478 2702 1878 3102 9010 9110
4992 2243 5392 2643 8051 8151
3806 1569 4206 1969 4069 4169
4148 524 4548 924 8827 8927
3420 2631 3820 3031 5346 5446
3736 2247 4136 2647 5242 5342
4667 1159 5067 1559 7126 7226
4229 216 4629 616 6647 6747
909 2970 1309 3370 5799 5899
1597 3498 1997 3898 7552 7652
4262 525 4662 925 4643 4743
3647 1514 4047 1914 6197 6297
1444 2902 1844 3302 4196 4296
5303 1440 5703 1840 6993 7093
5205 1325 5605 1725 8784 8884
5211 1324 5611 1724 4793 4893
1896 270 2296 670 7008 7108
1019 2521 1419 2921 4656 4756
1778 2020 2178 2420 5542 5642
1761 2536 2161 2936 5902 6002
1968 2181 2368 2581 8901 9001
2114 1359 2514 1759 5758 5858
3855 2207 4255 2607 5365 5465
1450 2146 1850 2546 3663 3763
2412 163 2812 563 7784 7884
4179 1631 4579 2031 5642 5742
1196 1023 1596 1423 5695 5795
3431 1062 3831 1462 5764 5864
2100 518 2500 918 8943 9043
1628 2589 2028 2989 3869 3969
59 295 459 695 4368 4468
4629 1449 5029 1849 7250 7350
1128 3185 1528 3585 4927 5027
4560 797 4960 1197 7857 7957
2750 503 3150 903 6068 6168
1996 2842 2396 3242 5624 5724
593 2859 993 3259 5888 5988
645 3224 1045 3624 4946 5046
3819 552 4219 952 6073 6173
142 2924 542 3324 3519 3619
2092 945 2492 1345 3975 4075
488 831 888 1231 7784 7884
4418 2006 4818 2406 4855 4955
4443 2261 4843 2661 4841 4941
426 364 826 764 5695 5795
3328 3332 3728 3732 8742 8842
2039 3196 2439 3596 5646 5746
1017 1736 1417 2136 7294 7394
1597 1475 1997 1875 7721 7821
116 831 516 1231 6591 6691
1215 1759 1615 2159 4853 4953
3982 2841 4382 3241 7110 7210
2529 1834 2929 2234 6920 7020
1026 2456 1426 2856 3768 3868
609 1161 1009 1561 5195 5295
1441 203 1841 603 4276 4376
2262 633 2662 1033 4862 4962
4267 1383 4667 1783 5188 5288
2883 3515 3283 3915 6068 6168
2774 346 3174 746 8984 9084
3005 1666 3405 2066 4677 4777
3634 3588 4034 3988 5482 5582
1288 2452 1688 2852 3941 4041
2534 2951 2934 3351 4770 4870
3930 2283 4330 2683 6786 6886
5346 370 5746 770 7017 7117
3654 634 4054 1034 3628 3728
4886 1753 5286 2153 7964 8064
1370 1840 1770 2240 4595 4695
118 868 518 1268 7559 7659
1272 250 1672 650 7248 7348
1484 350 1884 750 5846 5946
1556 2000 1956 2400 6187 6287
3030 2095 3430 2495 7245 7345
5221 223 5621 623 7330 7430
2801 3021 3201 3421 6259 6359
4853 347 5253 747 3733 3833
5097 2599 5497 2999 5188 5288
2303 2800 2703 3200 8878 8978
3194 2427 3594 2827 7815 7915
196 3238 596 3638 5220 5320
5408 1883 5808 2283 5735 5835
1047 1203 1447 1603 5851 5951
3403 2450 3803 2850 6607 6707
2620 878 3020 1278 4313 4413
2186 2760 2586 3160 6462 6562
979 3188 1379 3588 4202 4302
1261 2215 1661 2615 6272 6372
1858 1223 2258 1623 8822 8922
3091 1638 3491 2038 4791 4891
5170 2296 5570 2696 7040 7140
2783 2190 3183 2590 5537 5637
2441 1889 2841 2289 3975 4075
306 3264 706 3664 4503 4603
4355 554 4755 954 6941 7041
4756 3246 5156 3646 6526 6626
4609 1834 5009 2234 5326 5426
4690 2646 5090 3046 6756 6856
4758 1741 5158 2141 8162 8262
3307 380 3707 780 6679 6779
770 1522 1170 1922 8074 8174
1298 3325 1698 3725 6468 6568
3496 448 3896 848 4336 4436
3795 583 4195 983 7654 7754
2662 1644 3062 2044 7378 7478
5318 253 5718 653 3379 3479
3683 3031 4083 3431 4213 4313
2610 2544 3010 2944 6153 6253
4632 3482 5032 3882 3768 3868
4050 1442 4450 1842 5725 5825
1180 1873 1580 2273 3549 3649
4851 2901 5251 3301 6340 6440
3835 718 4235 1118 5124 5224
2370 128 2770 528 5541 5641
983 1490 1383 1890 7668 7768
5171 2081 5571 2481 5848 5948
798 481 1198 881 8843 8943
40 458 440 858 6146 6246
4160 2136 4560 2536 6326 6426
1255 1048 1655 1448 6658 6758
2735 2432 3135 2832 6982 7082
327 1382 727 1782 6877 6977
4816 1599 5216 1999 8510 8610
5200 1371 5600 1771 6816 6916
4662 1870 5062 2270 6087 6187
2116 1560 2516 1960 8313 8413
2320 667 2720 1067 8471 8571
4756 1954 5156 2354 8517 8617
354 866 754 1266 7747 7847
4756 1235 5156 1635 7793 7893
2382 2861 2782 3261 5364 5464
2322 63 2722 463 3584 3684
433 1858 833 2258 8710 8810
3089 3003 3489 3403 8791 8891
3203 3500 3603 3900 5600 5700
3752 3484 4152 3884 8814 8914
4613 2626 5013 3026 8683 8783
4030 357 4430 757 7629 7729
2048 731 2448 1131 8434 8534
423 29 823 429 5828 5928
3205 2713 3605 3113 3743 3843
1007 3454 1407 3854 8028 8128
4122 3062 4522 3462 4645 4745
2624 2255 3024 2655 8266 8366
2077 580 2477 980 5633 5733
3149 3128 3549 3528 6714 6814
444 2688 844 3088 4227 4327
2764 3341 3164 3741 5225 5325
5023 1944 5423 2344 6814 6914
3378 2145 3778 2545 3771 3871
1647 1389 2047 1789 7563 7663
316 1529 716 1929 3863 3963
4840 2436 5240 2836 4357 4457
1148 18 1548 418 4424 4524
2759 2848 3159 3248 3422 3522
891 1412 1291 1812 4065 4165
2786 2962 3186 3362 5628 5728
3075 382 3475 782 6612 6712
758 2828 1158 3228 4915 5015
4824 1875 5224 2275 6493 6593
512 848 912 1248 6011 6111
1716 1446 2116 1846 7042 7142
5003 2804 5403 3204 5709 5809
3117 2598 3517 2998 5772 5872
1709 231 2109 631 6053 6153
4297 2803 4697 3203 7201 7301
1189 2997 1589 3397 8990 9090
2439 2856 2839 3256 8554 8654
4073 3320 4473 3720 4482 4582
136 3028 536 3428 5926 6026
4495 2010 4895 2410 7166 7266
4034 2398 4434 2798 8574 8674
2953 446 3353 846 3470 3570
5059 1306 5459 1706 6045 6145
4972 3052 5372 3452 8278 8378
2206 1153 2606 1553 8341 8441
2788 3269 3188 3669 3908 4008
4284 1864 4684 2264 8754 8854
4332 3301 4732 3701 7726 7826
5393 811 5793 1211 5846 5946
5403 1650 5803 2050 3515 3615
3448 1517 3848 1917 6505 6605
2406 1939 2806 2339 3970 4070
4869 3263 5269 3663 4146 4246
789 3414 1189 3814 6506 6606
1559 131 1959 531 4503 4603
2315 1445 2715 1845 7010 7110
3594 1027 3994 1427 6525 6625
2717 1348 3117 1748 7869 7969
3635 2566 4035 2966 5338 5438
2853 3536 3253 3936 3634 3734
883 923 1283 1323 8558 8658
5198 3376 5598 3776 5193 5293
1599 2896 1999 3296 8795 8895
1524 3593 1924 3993 7919 8019
1239 585 1639 985 3667 3767
2480 1788 2880 2188 7117 7217
3873 2997 4273 3397 5301 5401
4980 1375 5380 1775 6563 6663
1869 244 2269 644 6345 6445
2997 1120 3397 1520 7201 7301
4539 1833 4939 2233 4750 4850
2526 1179 2926 1579 8284 8384
2789 2624 3189 3024 5635 5735
2070 2364 2470 2764 3567 3667
214 2870 614 3270 6986 7086
1991 1693 2391 2093 5435 5535
2185 2104 2585 2504 8282 8382
2204 274 2604 674 6411 6511
4131 3105 4531 3505 8917 9017
2162 2116 2562 2516 5358 5458
2017 467 2417 867 8796 8896
1701 256 2101 656 8517 8617
3622 2842 4022 3242 3541 3641
4644 2194 5044 2594 5981 6081
2994 1727 3394 2127 5127 5227
2794 62 3194 462 6199 6299
3797 1664 4197 2064 8747 8847
4156 359 4556 759 4588 4688
1463 1096 1863 1496 5469 5569
4793 750 5193 1150 6109 6209
3556 1346 3956 1746 8350 8450
4076 1135 4476 1535 6043 6143
3547 1984 3947 2384 6677 6777
1006 1097 1406 1497 7500 7600
539 2067 939 2467 7391 7491
3701 3389 4101 3789 6646 6746
4653 3249 5053 3649 4922 5022
2144 2555 2544 2955 8239 8339
1152 2681 1552 3081 7521 7621
670 270 1070 670 8253 8353
1132 45 1532 445 6086 6186
4513 3256 4913 3656 8069 8169
2142 281 2542 681 7777 7877
3 945 403 1345 4967 5067
2727 3431 3127 3831 8011 8111
5404 1897 5804 2297 5099 5199
1704 3147 2104 3547 5543 5643
2133 2084 2533 2484 4496 4596
3454 2583 3854 2983 3419 3519
1793 3566 2193 3966 5349 5449
4754 3550 5154 3950 3445 3545
3472 3002 3872 3402 4711 4811
5404 88 5804 488 6115 6215
3291 1250 3691 1650 4668 4768
4655 899 5055 1299 6140 6240
4485 763 4885 1163 6618 6718
2698 2995 3098 3395 7350 7450
3091 2985 3491 3385 7115 7215
4696 3185 5096 3585 7129 7229
3533 1090 3933 1490 3823 3923
1834 2561 2234 2961 5604 5704
592 3252 992 3652 3603 3703
1321 698 1721 1098 8672 8772
2126 483 2526 883 6180 6280
4015 105 4415 505 4346 4446
2399 1631 2799 2031 7190 7290
981 2758 1381 3158 4142 4242
1850 1044 2250 1444 8090 8190
1709 1134 2109 1534 6895 6995
4590 1527 4990 1927 6289 6389
3158 3076 3558 3476 7063 7163
3986 3152 4386 3552 6265 6365
3584 3503 3984 3903 4502 4602
4094 2319 4494 2719 7762 7862
2956 2054 3356 2454 4723 4823
335 1028 735 1428 8853 8953
1634 2068 2034 2468 7384 7484
3117 1119 3517 1519 7226 7326
1791 2357 2191 2757 7926 8026
1111 2091 1511 2491 7023 7123
307 2378 707 2778 4916 5016
1254 1076 1654 1476 8927 9027
2298 2699 2698 3099 3389 3489
841 1641 1241 2041 3966 4066
3051 1245 3451 1645 3776 3876
2701 3338 3101 3738 4009 4109
1714 2063 2114 2463 3823 3923
5351 3435 5751 3835 7199 7299
694 3237 1094 3637 4032 4132
3323 3146 3723 3546 3751 3851
3010 69 3410 469 5228 5328
4783 1679 5183 2079 6607 6707
3478 425 3878 825 4032 4132
732 2117 1132 2517 8472 8572
1234 36 1634 436 5729 5829
3873 909 4273 1309 4028 4128
2730 1255 3130 1655 7188 7288
4541 3253 4941 3653 6222 6322
274 2836 674 3236 9009 9109
2522 556 2922 956 6156 6256
2428 1542 2828 1942 7829 7929
589 1668 989 2068 3874 3974
3553 1995 3953 2395 8523 8623
4338 2427 4738 2827 4320 4420
1282 1680 1682 2080 8576 8676
536 1810 936 2210 7214 7314
2118 1753 2518 2153 4138 4238
2538 2997 2938 3397 4941 5041
4911 40 5311 440 3719 3819
3026 351 3426 751 6609 6709
872 329 1272 729 5925 6025
4197 841 4597 1241 8881 8981
3373 2383 3773 2783 7186 7286
1014 452 1414 852 6528 6628
523 1800 923 2200 7501 7601
5266 471 5666 871 8001 8101
1623 3404 2023 3804 5507 5607
5067 1277 5467 1677 3631 3731
1748 1707 2148 2107 6201 6301
3559 150 3959 550 4121 4221
376 3351 776 3751 5019 5119
337 2088 737 2488 3505 3605
534 129 934 529 5975 6075
1569 921 1969 1321 5841 5941
4489 2980 4889 3380 4115 4215
2525 1232 2925 1632 4736 4836
2112 3206 2512 3606 4271 4371
541 1446 941 1846 3379 3479
2666 715 3066 1115 3982 4082
444 249 844 649 6050 6150
4716 2114 5116 2514 6698 6798
4149 649 4549 1049 4715 4815
5090 2052 5490 2452 3765 3865
3086 3209 3486 3609 9000 9100
2162 2944 2562 3344 4361 4461
1351 2358 1751 2758 7973 8073
3752 3261 4152 3661 3511 3611
3481 1713 3881 2113 7821 7921
3074 711 3474 1111 7975 8075
4881 297 5281 697 7481 7581
1046 821 1446 1221 3910 4010
3639 521 4039 921 5484 5584
533 239 933 639 7956 8056
544 2358 944 2758 5383 5483
5001 1637 5401 2037 5012 5112
666 3478 1066 3878 6884 6984
1125 1150 1525 1550 7450 7550
5438 3169 5838 3569 8848 8948
2034 2100 2434 2500 7249 7349
1295 2669 1695 3069 7064 7164
1340 2937 1740 3337 3373 3473
2545 1143 2945 1543 6654 6754
2684 885 3084 1285 5703 5803
2292 203 2692 603 7215 7315
374 1527 774 1927 5481 5581
4299 636 4699 1036 6915 7015
269 272 669 672 8793 8893
3840 40 4240 440 4766 4866
2425 2896 2825 3296 3673 3773
1252 843 1652 1243 7704 7804
3644 753 4044 1153 8200 8300
3750 3228 4150 3628 8489 8589
278 1717 678 2117 7406 7506
3760 1291 4160 1691 5346 5446
959 2139 1359 2539 3848 3948
2671 934 3071 1334 3903 4003
1928 2124 2328 2524 6024 6124
5361 1187 5761 1587 7842 7942
442 3438 842 3838 4978 5078
1128 295 1528 695 5196 5296
3981 767 4381 1167 6937 7037
4923 3584 5323 3984 4143 4243
2150 2066 2550 2466 8685 8785
4201 1562 4601 1962 5631 5731
1053 2341 1453 2741 6752 6852
585 2437 985 2837 8020 8120
3463 3239 3863 3639 6351 6451
2808 204 3208 604 4244 4344
4058 103 4458 503 7177 7277
1243 1435 1643 1835 5180 5280
3978 2687 4378 3087 4457 4557
157 3196 557 3596 4079 4179
331 2014 731 2414 5751 5851
2058 2116 2458 2516 3626 3726
2189 1035 2589 1435 5637 5737
3977 296 4377 696 5717 5817
3716 2628 4116 3028 8990 9090
4240 518 4640 918 7959 8059
1384 3301 1784 3701 4020 4120
451 3068 851 3468 7884 7984
2694 664 3094 1064 5297 5397
3753 1372 4153 1772 8337 8437
1936 288 2336 688 5117 5217
2963 60 3363 460 8500 8600
5153 467 5553 867 3454 3554
4341 1559 4741 1959 7464 7564
319 669 719 1069 4055 4155
772 1430 1172 1830 4708 4808
5305 2939 5705 3339 8225 8325
4108 1432 4508 1832 8965 9065
872 2317 1272 2717 4664 4764
5019 2759 5419 3159 6136 6236
24 651 424 1051 8486 8586
4360 1660 4760 2060 7270 7370
3343 1656 3743 2056 8836 8936
3466 2981 3866 3381 8387 8487
190 870 590 1270 8994 9094
4982 72 5382 472 5458 5558
2080 2301 2480 2701 6831 6931
667 1968 1067 2368 4652 4752
2303 508 2703 908 8908 9008
399 2119 799 2519 6839 6939
237 703 637 1103 6402 6502
2465 3387 2865 3787 8397 8497
1137 3574 1537 3974 4901 5001
1321 208 1721 608 3850 3950
4115 208 4515 608 7589 7689
2669 1089 3069 1489 7892 7992
1223 1280 1623 1680 6185 6285
4039 481 4439 881 7859 7959
3249 3269 3649 3669 4507 4607
4742 3108 5142 3508 5306 5406
3950 1370 4350 1770 5463 5563
248 1362 648 1762 5144 5244
4601 3146 5001 3546 4461 4561
715 3587 1115 3987 6006 6106
1250 2154 1650 2554 5695 5795
1083 3117 1483 3517 4211 4311
3864 2214 4264 2614 4471 4571
1454 2384 1854 2784 5662 5762
524 2968 924 3368 3619 3719
2260 2683 2660 3083 3724 3824
3363 2778 3763 3178 4655 4755
1294 1231 1694 1631 7437 7537
415 1793 815 2193 8720 8820
4067 2521 4467 2921 7372 7472
2273 122 2673 522 5249 5349
3542 1159 3942 1559 7045 7145
4538 2103 4938 2503 7598 7698
2214 2585 2614 2985 4699 4799
5242 42 5642 442 8458 8558
2480 1604 2880 2004 5826 5926
5210 2188 5610 2588 3430 3530
224 406 624 806 4303 4403
3748 1156 4148 1556 3713 3813
595 1391 995 1791 7280 7380
407 2247 807 2647 4144 4244
4734 333 5134 733 8933 9033
5365 919 5765 1319 6001 6101
3836 2614 4236 3014 6991 7091
1310 2879 1710 3279 5054 5154
1350 801 1750 1201 8575 8675
3257 71 3657 471 6571 6671
2979 2986 3379 3386 4294 4394
762 107 1162 507 3518 3618
4087 272 4487 672 5332 5432
224 794 624 1194 8284 8384
1305 2317 1705 2717 9029 9129
3287 176 3687 576 8406 8506
4594 2277 4994 2677 3427 3527
1238 3220 1638 3620 7721 7821
4627 2373 5027 2773 6109 6209
3574 909 3974 1309 8702 8802
4007 1026 4407 1426 5447 5547
2093 1864 2493 2264 3570 3670
3373 2195 3773 2595 6839 6939
4227 1870 4627 2270 3830 3930
4049 3100 4449 3500 7759 7859
1256 3445 1656 3845 8454 8554
2949 2335 3349 2735 4472 4572
775 2936 1175 3336 6901 7001
2539 3200 2939 3600 8561 8661
2717 549 3117 949 4658 4758
3958 2862 4358 3262 4081 4181
3922 1253 4322 1653 7761 7861
3479 1989 3879 2389 4704 4804
978 2861 1378 3261 6068 6168
4828 1934 5228 2334 6956 7056
3442 1632 3842 2032 8841 8941
2500 783 2900 1183 4596 4696
396 3511 796 3911 3510 3610
1320 3402 1720 3802 8847 8947
1179 1839 1579 2239 4714 4814
669 3422 1069 3822 5651 5751
5332 2426 5732 2826 8492 8592
5362 468 5762 868 7715 7815
4848 1422 5248 1822 8442 8542
1136 390 1536 790 6756 6856
4166 1198 4566 1598 5808 5908
901 423 1301 823 6542 6642
3941 1852 4341 2252 5856 5956
3956 3012 4356 3412 7169 7269
132 1165 532 1565 7552 7652
4049 1752 4449 2152 3506 3606
1141 687 1541 1087 7517 7617
1507 3435 1907 3835 4357 4457
515 809 915 1209 7252 7352
5270 1879 5670 2279 8485 8585
3499 2545 3899 2945 6774 6874
1899 560 2299 960 8782 8882
855 2440 1255 2840 8363 8463
1142 1248 1542 1648 8117 8217
5300 2275 5700 2675 5986 6086
2601 379 3001 779 6417 6517
2444 2023 2844 2423 4452 4552
3310 3348 3710 3748 6061 6161
3553 2162 3953 2562 8489 8589
1272 3417 1672 3817 8763 8863
4174 1266 4574 1666 6379 6479
2256 3032 2656 3432 8389 8489
897 2297 1297 2697 4679 4779
493 3501 893 3901 8307 8407
2679 3427 3079 3827 3653 3753
3194 3331 3594 3731 3398 3498
2706 945 3106 1345 4155 4255
3986 2875 4386 3275 4446 4546
1513 1808 1913 2208 7036 7136
451 676 851 1076 5658 5758
1936 3470 2336 3870 6857 6957
4694 586 5094 986 8982 9082
4500 577 4900 977 7955 8055
2417 186 2817 586 3752 3852
153 2423 553 2823 5841 5941
2967 2182 3367 2582 7064 7164
4340 1796 4740 2196 5047 5147
5414 3461 5814 3861 3937 4037
5133 1320 5533 1720 6300 6400
4012 1293 4412 1693 4678 4778
2195 1658 2595 2058 4187 4287
305 780 705 1180 4139 4239
3117 1308 3517 1708 4278 4378
3484 1502 3884 1902 3927 4027
5425 2608 5825 3008 3742 3842
481 1211 881 1611 7918 8018
2135 2801 2535 3201 8165 8265
2266 108 2666 508 8723 8823
4183 2172 4583 2572 5034 5134
3120 3372 3520 3772 6956 7056
665 1434 1065 1834 6963 7063
3555 3315 3955 3715 3974 4074
915 663 1315 1063 6168 6268
1648 2978 2048 3378 6024 6124
806 2958 1206 3358 7548 7648
4262 1939 4662 2339 7862 7962
1449 1162 1849 1562 4486 4586
515 61 915 461 7960 8060
2883 2441 3283 2841 5514 5614
4625 3489 5025 3889 6480 6580
1066 3302 1466 3702 5898 5998
2146 1748 2546 2148 6324 6424
4557 3014 4957 3414 8630 8730
4794 1987 5194 2387 5133 5233
5275 2452 5675 2852 4394 4494
712 1142 1112 1542 4792 4892
2392 239 2792 639 5933 6033
3773 29 4173 429 5403 5503
4827 1301 5227 1701 5349 5449
5246 2355 5646 2755 8700 8800
3917 1812 4317 2212 7005 7105
3035 1912 3435 2312 5170 5270
342 1343 742 1743 8703 8803
4397 2924 4797 3324 5594 5694
5238 2465 5638 2865 3647 3747
2849 3155 3249 3555 4813 4913
590 3535 990 3935 3883 3983
3159 1294 3559 1694 5649 5749
5133 1652 5533 2052 4127 4227
4939 1089 5339 1489 4138 4238
572 1469 972 1869 3600 3700
3578 42 3978 442 7683 7783
4069 2216 4469 2616 4074 4174
2959 2961 3359 3361 4399 4499
4460 1655 4860 2055 5642 5742
1689 2766 2089 3166 6311 6411
1472 3124 1872 3524 6809 6909
2695 1798 3095 2198 6670 6770
3309 2452 3709 2852 6395 6495
3319 1833 3719 2233 5618 5718
5103 3432 5503 3832 5868 5968
4286 1258 4686 1658 7164 7264
2698 659 3098 1059 5210 5310
2650 468 3050 868 6844 6944
3178 581 3578 981 4071 4171
1555 3450 1955 3850 6092 6192
1370 2436 1770 2836 7730 7830
2453 1959 2853 2359 8388 8488
258 1468 658 1868 3500 3600
5053 2264 5453 2664 8890 8990
635 1012 1035 1412 6282 6382
4368 3124 4768 3524 7490 7590
3278 3310 3678 3710 6134 6234
271 2333 671 2733 3458 3558
5185 1026 5585 1426 7354 7454
4372 343 4772 743 6760 6860
681 1349 1081 1749 6278 6378
3023 377 3423 777 4841 4941
3674 231 4074 631 4727 4827
5205 472 5605 872 4183 4283
1673 2189 2073 2589 8066 8166
4848 1741 5248 2141 4337 4437
4548 99 4948 499 5487 5587
5157 60 5557 460 4041 4141
4193 2494 4593 2894 6698 6798
3553 3364 3953 3764 4390 4490
2049 3346 2449 3746 8887 8987
1467 452 1867 852 3460 3560
1626 3102 2026 3502 4326 4426
392 1435 792 1835 6331 6431
1401 304 1801 704 6053 6153
4315 1633 4715 2033 5989 6089
5416 986 5816 1386 5845 5945
4525 1115 4925 1515 7458 7558
1728 3415 2128 3815 6125 6225
3082 1267 3482 1667 5053 5153
4701 1721 5101 2121 6036 6136
5392 11 5792 411 6183 6283
5045 3208 5445 3608 6423 6523
3918 3487 4318 3887 4376 4476
1623 3111 2023 3511 3981 4081
4551 3094 4951 3494 8149 8249
3311 2957 3711 3357 7153 7253
1496 320 1896 720 7845 7945
1939 536 2339 936 6222 6322
4384 3121 4784 3521 6267 6367
2637 2726 3037 3126 5701 5801
2505 2210 2905 2610 9011 9111
1885 440 2285 840 7910 8010
4451 2177 4851 2577 3753 3853
1963 1272 2363 1672 4603 4703
4414 2935 4814 3335 3817 3917
2891 3214 3291 3614 3940 4040
2259 700 2659 1100 8668 8768
2234 2074 2634 2474 5755 5855
1569 1119 1969 1519 4195 4295
4131 2708 4531 3108 8169 8269
1089 2987 1489 3387 4604 4704
4791 1825 5191 2225 4929 5029
3418 2907 3818 3307 7588 7688
242 3484 642 3884 5785 5885
4982 3281 5382 3681 4709 4809
190 911 590 1311 6051 6151
2164 1889 2564 2289 6616 6716
4863 2221 5263 2621 4821 4921
4259 1139 4659 1539 3422 3522
1185 3511 1585 3911 7260 7360
27 2347 427 2747 4502 4602
1052 2769 1452 3169 6790 6890
3864 203 4264 603 5838 5938
1498 1736 1898 2136 4230 4330
3896 3278 4296 3678 5085 5185
4729 140 5129 540 8165 8265
1866 3062 2266 3462 8422 8522
2559 2492 2959 2892 6241 6341
2992 2566 3392 2966 7634 7734
2738 714 3138 1114 8248 8348
1242 1753 1642 2153 7905 8005
4201 1622 4601 2022 8155 8255
2305 760 2705 1160 6290 6390
320 3436 720 3836 8360 8460
210 1048 610 1448 7420 7520
947 2224 1347 2624 6425 6525
2860 2395 3260 2795 5015 5115
204 2262 604 2662 8487 8587
3219 1807 3619 2207 7888 7988
2905 2151 3305 2551 5622 5722
3395 309 3795 709 6487 6587
337 2869 737 3269 7628 7728
1399 2365 1799 2765 6513 6613
1996 1702 2396 2102 7360 7460
2370 765 2770 1165 6914 7014
4940 2254 5340 2654 4004 4104
4455 3479 4855 3879 8561 8661
3079 638 3479 1038 5241 5341
551 1643 951 2043 4325 4425
1128 3451 1528 3851 4284 4384
3119 2373 3519 2773 6497 6597
4302 2265 4702 2665 4847 4947
2852 786 3252 1186 5913 6013
70 1159 470 1559 4914 5014
332 1519 732 1919 4289 4389
2093 3053 2493 3453 7331 7431
4642 2300 5042 2700 7498 7598
4719 231 5119 631 8259 8359
2004 849 2404 1249 4308 4408
5247 3119 5647 3519 5577 5677
863 2062 1263 2462 5606 5706
3539 3033 3939 3433 4839 4939
4347 3472 4747 3872 8061 8161
5276 1119 5676 1519 6853 6953
1522 2430 1922 2830 3695 3795
4492 2761 4892 3161 5145 5245
1372 1318 1772 1718 7659 7759
778 3515 1178 3915 7212 7312
2916 2321 3316 2721 4831 4931
121 3146 521 3546 5035 5135
3619 937 4019 1337 7565 7665
3360 1116 3760 1516 8289 8389
4807 2950 5207 3350 8955 9055
1355 3112 1755 3512 5456 5556
756 1796 1156 2196 9030 9130
2187 1276 2587 1676 6213 6313
2899 1716 3299 2116 4887 4987
4469 2413 4869 2813 6154 6254
4536 986 4936 1386 4635 4735
3965 2098 4365 2498 6025 6125
1007 1997 1407 2397 5567 5667
4537 967 4937 1367 4807 4907
2534 1271 2934 1671 4293 4393
413 1606 813 2006 3407 3507
1437 3129 1837 3529 6853 6953
182 1669 582 2069 4210 4310
4497 277 4897 677 6688 6788
5266 674 5666 1074 5496 5596
4643 999 5043 1399 7102 7202
4634 592 5034 992 4267 4367
5360 1991 5760 2391 8954 9054
2244 2147 2644 2547 7971 8071
4265 3512 4665 3912 8456 8556
2327 2356 2727 2756 5341 5441
4268 3399 4668 3799 6196 6296
3922 1288 4322 1688 8836 8936
2903 875 3303 1275 7787 7887
20 1388 420 1788 4828 4928
4370 650 4770 1050 3799 3899
5110 2491 5510 2891 7741 7841
5239 2857 5639 3257 5400 5500
3251 2684 3651 3084 5710 5810
5068 2507 5468 2907 6340 6440
4617 166 5017 566 8785 8885
3568 2374 3968 2774 5372 5472
5241 3144 5641 3544 5849 5949
1255 732 1655 1132 6460 6560
5393 1384 5793 1784 7141 7241
2923 2403 3323 2803 5008 5108
4137 2683 4537 3083 6993 7093
2118 2233 2518 2633 3483 3583
3314 1539 3714 1939 4853 4953
1695 3078 2095 3478 4361 4461
4921 2431 5321 2831 7019 7119
2838 3293 3238 3693 8773 8873
2324 1012 2724 1412 9018 9118
998 2949 1398 3349 8591 8691
480 1597 880 1997 6722 6822
3472 2743 3872 3143 3954 4054
3736 182 4136 582 7180 7280
3343 1710 3743 2110 4378 4478
4777 1533 5177 1933 6799 6899
2591 3310 2991 3710 5197 5297
3615 1839 4015 2239 8746 8846
1857 407 2257 807 7150 7250
4777 901 5177 1301 5743 5843
5100 429 5500 829 7480 7580
3482 1375 3882 1775 7021 7121
5069 17 5469 417 5823 5923
1100 1535 1500 1935 5893 5993
1813 3309 2213 3709 4352 4452
1880 2505 2280 2905 6390 6490
4552 1807 4952 2207 8677 8777
3701 1630 4101 2030 8512 8612
4573 2142 4973 2542 5640 5740
2104 2116 2504 2516 3643 3743
4728 2606 5128 3006 6579 6679
2817 742 3217 1142 6198 6298
4329 3021 4729 3421 6271 6371
1620 1043 2020 1443 4346 4446
1706 510 2106 910 4045 4145
3826 56 4226 456 7060 7160
729 1218 1129 1618 5117 5217
4992 1384 5392 1784 6454 6554
2651 2985 3051 3385 3381 3481
1984 20 2384 420 8551 8651
5317 2796 5717 3196 4933 5033
3081 2878 3481 3278 3418 3518
882 3372 1282 3772 8937 9037
2507 3422 2907 3822 8225 8325
810 3209 1210 3609 3513 3613
2013 2352 2413 2752 7146 7246
10 1805 410 2205 4615 4715
271 3366 671 3766 5924 6024
970 1674 1370 2074 4183 4283
3965 156 4365 556 5679 5779
588 1803 988 2203 4606 4706
4257 1354 4657 1754 6655 6755
4696 182 5096 582 8226 8326
4411 1326 4811 1726 5173 5273
1938 1208 2338 1608 8197 8297
1970 3139 2370 3539 8521 8621
946 1841 1346 2241 5076 5176
856 1212 1256 1612 7256 7356
5400 211 5800 611 4775 4875
266 1560 666 1960 7153 7253
1003 1104 1403 1504 8992 9092
4651 3540 5051 3940 3742 3842
2830 1826 3230 2226 5569 5669
2748 3167 3148 3567 7615 7715
3461 2333 3861 2733 5185 5285
4114 1924 4514 2324 8711 8811
213 1417 613 1817 8037 8137
3685 2029 4085 2429 4907 5007
321 34 721 434 5566 5666
1407 1437 1807 1837 5934 6034
3171 2657 3571 3057 8031 8131
3242 2891 3642 3291 6823 6923
1822 2924 2222 3324 6445 6545
5236 438 5636 838 8374 8474
5424 3037 5824 3437 7708 7808
634 454 1034 854 8677 8777
882 2825 1282 3225 6878 6978
1052 571 1452 971 3556 3656
1416 659 1816 1059 6933 7033
2944 2674 3344 3074 8063 8163
1598 1659 1998 2059 7674 7774
3406 3020 3806 3420 6073 6173
2059 2419 2459 2819 4963 5063
1938 1547 2338 1947 5110 5210
5207 222 5607 622 8318 8418
44 580 444 980 3985 4085
4743 2741 5143 3141 8600 8700
1678 763 2078 1163 8441 8541
2274 2481 2674 2881 7393 7493
1362 1483 1762 1883 8440 8540
4651 260 5051 660 4027 4127
