1000
997 2508 1197 2708 4622 5122
2264 311 2464 511 4296 4796
523 1211 723 1411 6893 7393
485 3453 685 3653 3848 4348
3903 3695 4103 3895 4935 5435
1674 2482 1874 2682 8412 8912
3425 1781 3625 1981 4544 5044
4415 2025 4615 2225 5485 5985
3580 1835 3780 2035 4109 4609
2283 2957 2483 3157 4764 5264
934 1180 1134 1380 4427 4927
4053 1922 4253 2122 6272 6772
1895 3055 2095 3255 7974 8474
2469 2137 2669 2337 5834 6334
1285 2554 1485 2754 8023 8523
437 1015 637 1215 7530 8030
3887 1209 4087 1409 5053 5553
2985 1729 3185 1929 5791 6291
5541 2642 5741 2842 3922 4422
804 2796 1004 2996 4644 5144
2515 463 2715 663 5876 6376
2263 574 2463 774 3536 4036
1363 449 1563 649 4351 4851
1364 401 1564 601 3659 4159
479 1429 679 1629 6450 6950
3008 422 3208 622 6215 6715
4177 1673 4377 1873 5149 5649
2695 3796 2895 3996 7433 7933
1912 445 2112 645 5738 6238
3484 2699 3684 2899 6658 7158
5145 3631 5345 3831 4164 4664
2403 2740 2603 2940 4776 5276
2936 2608 3136 2808 6738 7238
1702 3707 1902 3907 5810 6310
4752 358 4952 558 5058 5558
4630 3118 4830 3318 3459 3959
3010 3066 3210 3266 6055 6555
3242 3516 3442 3716 6162 6662
4100 1159 4300 1359 5894 6394
3448 894 3648 1094 3403 3903
3568 1877 3768 2077 5351 5851
5396 3019 5596 3219 4938 5438
1626 2440 1826 2640 5066 5566
5435 927 5635 1127 7750 8250
2219 616 2419 816 7599 8099
4695 1792 4895 1992 6677 7177
1868 3200 2068 3400 6462 6962
3342 719 3542 919 6049 6549
669 2939 869 3139 7954 8454
5106 1101 5306 1301 7364 7864
460 1802 660 2002 8328 8828
374 3234 574 3434 7989 8489
1624 3702 1824 3902 6606 7106
5497 1385 5697 1585 7841 8341
1922 2017 2122 2217 4032 4532
2737 1695 2937 1895 6209 6709
5157 840 5357 1040 4091 4591
2153 388 2353 588 7313 7813
1987 333 2187 533 4224 4724
853 3390 1053 3590 7729 8229
2235 117 2435 317 5310 5810
5562 1747 5762 1947 5710 6210
2031 1147 2231 1347 7748 8248
68 3197 268 3397 4253 4753
1374 201 1574 401 5615 6115
5214 3181 5414 3381 8254 8754
4706 51 4906 251 4401 4901
2938 3750 3138 3950 4691 5191
3076 319 3276 519 3965 4465
3580 51 3780 251 7523 8023
2104 1570 2304 1770 7352 7852
2293 1423 2493 1623 8208 8708
3902 357 4102 557 3709 4209
2840 3084 3040 3284 6088 6588
4390 3721 4590 3921 6598 7098
5283 3622 5483 3822 6882 7382
4345 2309 4545 2509 4975 5475
3521 714 3721 914 3970 4470
359 2616 559 2816 3957 4457
1171 1823 1371 2023 6933 7433
5345 3237 5545 3437 6353 6853
1983 2589 2183 2789 7174 7674
2743 843 2943 1043 6159 6659
3683 1701 3883 1901 3956 4456
4431 478 4631 678 5034 5534
1269 721 1469 921 4787 5287
2499 2596 2699 2796 3466 3966
2071 871 2271 1071 4474 4974
1987 2797 2187 2997 6483 6983
4234 1845 4434 2045 7759 8259
4100 2197 4300 2397 4806 5306
3668 2440 3868 2640 4830 5330
3013 1311 3213 1511 4998 5498
3937 2967 4137 3167 7003 7503
943 3795 1143 3995 6555 7055
896 197 1096 397 5802 6302
3367 2955 3567 3155 4453 4953
1782 2249 1982 2449 3539 4039
4644 1829 4844 2029 7062 7562
3672 2014 3872 2214 5079 5579
2521 2116 2721 2316 4423 4923
3143 2174 3343 2374 6490 6990
2191 1342 2391 1542 5578 6078
3567 2247 3767 2447 4708 5208
4393 1903 4593 2103 4010 4510
3419 3291 3619 3491 4124 4624
135 3170 335 3370 8562 9062
4605 1581 4805 1781 8485 8985
3425 2298 3625 2498 7079 7579
2445 2607 2645 2807 5025 5525
2836 2061 3036 2261 8567 9067
4301 97 4501 297 7467 7967
3107 3104 3307 3304 5624 6124
1921 2055 2121 2255 8412 8912
4502 2452 4702 2652 5975 6475
3847 2503 4047 2703 5149 5649
1151 1399 1351 1599 7541 8041
4628 3266 4828 3466 7882 8382
4917 2904 5117 3104 7371 7871
4003 3112 4203 3312 3851 4351
405 1933 605 2133 4296 4796
3862 826 4062 1026 7651 8151
1121 2231 1321 2431 7423 7923
684 3658 884 3858 7921 8421
922 2003 1122 2203 7605 8105
2703 322 2903 522 6975 7475
1282 2614 1482 2814 8464 8964
5591 2701 5791 2901 7979 8479
567 3623 767 3823 5689 6189
1983 346 2183 546 5285 5785
2229 1748 2429 1948 5984 6484
3827 2343 4027 2543 3474 3974
4127 2034 4327 2234 6238 6738
5397 634 5597 834 8627 9127
5562 1921 5762 2121 6614 7114
3298 1727 3498 1927 6202 6702
1949 1073 2149 1273 8145 8645
1726 1599 1926 1799 7095 7595
1441 345 1641 545 5581 6081
4596 1880 4796 2080 7311 7811
2277 2001 2477 2201 3497 3997
2887 1240 3087 1440 4603 5103
5084 3493 5284 3693 4189 4689
619 1994 819 2194 7285 7785
2693 329 2893 529 8298 8798
4452 3221 4652 3421 4660 5160
3949 2561 4149 2761 3416 3916
2487 2020 2687 2220 3469 3969
4544 2592 4744 2792 4155 4655
3677 1112 3877 1312 6793 7293
3967 692 4167 892 4007 4507
26 2525 226 2725 7260 7760
1508 574 1708 774 7708 8208
3819 2403 4019 2603 6816 7316
1926 267 2126 467 3864 4364
2467 3031 2667 3231 8357 8857
2352 3416 2552 3616 5504 6004
3016 1766 3216 1966 5667 6167
4181 783 4381 983 5599 6099
925 289 1125 489 7618 8118
720 3691 920 3891 8463 8963
79 1336 279 1536 8067 8567
2828 899 3028 1099 3946 4446
1738 612 1938 812 6919 7419
2282 2642 2482 2842 6434 6934
4304 2839 4504 3039 8418 8918
5386 2931 5586 3131 5164 5664
1836 1720 2036 1920 6715 7215
947 2338 1147 2538 6258 6758
4083 2066 4283 2266 3415 3915
4634 3578 4834 3778 4810 5310
4803 1272 5003 1472 7887 8387
1758 2459 1958 2659 3434 3934
737 2293 937 2493 5396 5896
2207 497 2407 697 7244 7744
3219 1941 3419 2141 8635 9135
2586 3036 2786 3236 8273 8773
4103 3281 4303 3481 6202 6702
4770 157 4970 357 5202 5702
3262 57 3462 257 6058 6558
3255 293 3455 493 6923 7423
3077 1556 3277 1756 8527 9027
2754 3362 2954 3562 6809 7309
3717 1694 3917 1894 6201 6701
4146 3547 4346 3747 4880 5380
326 55 526 255 8608 9108
364 3383 564 3583 3977 4477
896 1004 1096 1204 6245 6745
4862 2285 5062 2485 4584 5084
5163 409 5363 609 6490 6990
2647 3267 2847 3467 5674 6174
3600 2407 3800 2607 4640 5140
2536 1437 2736 1637 8085 8585
2055 1256 2255 1456 6046 6546
4049 3267 4249 3467 4754 5254
5005 981 5205 1181 7272 7772
3664 2569 3864 2769 5523 6023
5258 1090 5458 1290 6568 7068
419 1327 619 1527 8579 9079
1224 285 1424 485 3905 4405
397 1562 597 1762 5809 6309
2649 1134 2849 1334 5194 5694
1273 1804 1473 2004 3989 4489
3820 2230 4020 2430 4938 5438
5236 166 5436 366 7481 7981
2085 3711 2285 3911 4953 5453
3229 3402 3429 3602 5299 5799
5537 5 5737 205 8154 8654
1829 2874 2029 3074 8491 8991
2442 1554 2642 1754 8143 8643
4997 3705 5197 3905 7115 7615
1390 487 1590 687 6467 6967
265 2589 465 2789 5991 6491
4452 3501 4652 3701 6633 7133
516 3387 716 3587 8542 9042
4039 1254 4239 1454 5370 5870
3989 3227 4189 3427 7625 8125
653 2819 853 3019 5470 5970
568 2565 768 2765 4367 4867
2957 948 3157 1148 8210 8710
1547 3711 1747 3911 4312 4812
4628 1979 4828 2179 5514 6014
4516 428 4716 628 5229 5729
3597 2028 3797 2228 8171 8671
3925 433 4125 633 6572 7072
3832 440 4032 640 4309 4809
2608 1501 2808 1701 8059 8559
3915 2384 4115 2584 6754 7254
1579 3441 1779 3641 3593 4093
1736 2197 1936 2397 3878 4378
5458 468 5658 668 8143 8643
1860 1348 2060 1548 5703 6203
4721 2909 4921 3109 3649 4149
4108 144 4308 344 7868 8368
3766 2886 3966 3086 4122 4622
3213 1429 3413 1629 7153 7653
4535 1016 4735 1216 8005 8505
5168 3518 5368 3718 5926 6426
4933 2129 5133 2329 5792 6292
94 464 294 664 4774 5274
4224 867 4424 1067 7739 8239
5472 1713 5672 1913 7894 8394
5001 3487 5201 3687 8334 8834
3228 2709 3428 2909 3825 4325
4454 609 4654 809 8167 8667
3630 2845 3830 3045 8042 8542
4568 2330 4768 2530 5545 6045
126 760 326 960 7516 8016
2087 1748 2287 1948 8200 8700
5380 3264 5580 3464 8593 9093
1754 3249 1954 3449 5677 6177
3888 82 4088 282 8249 8749
5204 1074 5404 1274 5328 5828
4576 583 4776 783 6723 7223
5375 2167 5575 2367 6695 7195
394 190 594 390 8446 8946
4445 2693 4645 2893 5058 5558
3365 1306 3565 1506 3901 4401
916 2214 1116 2414 8358 8858
4244 1257 4444 1457 8114 8614
3879 3694 4079 3894 6358 6858
5204 2390 5404 2590 7861 8361
4285 226 4485 426 7101 7601
280 1642 480 1842 7036 7536
2862 2980 3062 3180 6801 7301
4515 1055 4715 1255 4655 5155
2735 1099 2935 1299 6966 7466
2133 1857 2333 2057 7926 8426
2009 1515 2209 1715 7408 7908
1730 2996 1930 3196 5246 5746
1392 3700 1592 3900 5527 6027
5067 2226 5267 2426 4667 5167
1303 1818 1503 2018 7284 7784
742 3692 942 3892 7805 8305
897 1426 1097 1626 4096 4596
656 959 856 1159 3541 4041
3574 598 3774 798 8319 8819
2785 3410 2985 3610 7385 7885
4208 285 4408 485 4884 5384
4061 3635 4261 3835 8328 8828
2160 3789 2360 3989 7131 7631
107 197 307 397 3599 4099
1867 3605 2067 3805 5294 5794
1285 623 1485 823 6221 6721
2862 2497 3062 2697 4558 5058
691 3793 891 3993 3630 4130
731 2431 931 2631 5830 6330
1864 1104 2064 1304 4988 5488
1736 2649 1936 2849 4316 4816
1189 1678 1389 1878 6216 6716
4467 1720 4667 1920 4892 5392
4168 1927 4368 2127 6013 6513
5419 2421 5619 2621 6215 6715
1224 3428 1424 3628 3957 4457
3145 519 3345 719 8175 8675
2764 475 2964 675 6587 7087
4443 3613 4643 3813 8333 8833
5429 1159 5629 1359 6470 6970
2062 3311 2262 3511 5648 6148
1841 3245 2041 3445 4635 5135
1007 1685 1207 1885 5307 5807
725 802 925 1002 7232 7732
496 552 696 752 3755 4255
1547 483 1747 683 6837 7337
4546 2757 4746 2957 5008 5508
4823 458 5023 658 6946 7446
2960 2148 3160 2348 4963 5463
2453 823 2653 1023 4009 4509
448 1424 648 1624 8098 8598
1151 1968 1351 2168 8206 8706
2908 3026 3108 3226 6702 7202
2162 1579 2362 1779 7346 7846
4662 2364 4862 2564 7686 8186
916 2916 1116 3116 7056 7556
3567 3118 3767 3318 8403 8903
3968 2405 4168 2605 7549 8049
2886 1562 3086 1762 7531 8031
899 1489 1099 1689 5444 5944
25 280 225 480 8269 8769
1847 1323 2047 1523 6413 6913
1990 1758 2190 1958 5404 5904
4769 1772 4969 1972 4081 4581
2995 285 3195 485 7767 8267
2087 1988 2287 2188 3501 4001
3192 438 3392 638 5088 5588
3739 2224 3939 2424 6795 7295
851 3283 1051 3483 3982 4482
4536 3427 4736 3627 4200 4700
3376 13 3576 213 5373 5873
4846 1685 5046 1885 4510 5010
5224 1816 5424 2016 5557 6057
5440 560 5640 760 7769 8269
578 3314 778 3514 7151 7651
2341 3766 2541 3966 4086 4586
994 130 1194 330 7406 7906
1159 495 1359 695 5527 6027
1791 1518 1991 1718 7388 7888
360 807 560 1007 6632 7132
4733 1455 4933 1655 6578 7078
4152 2616 4352 2816 4098 4598
5409 1719 5609 1919 6614 7114
56 1790 256 1990 4427 4927
1384 608 1584 808 4004 4504
2925 536 3125 736 4582 5082
5368 1483 5568 1683 4482 4982
1150 1972 1350 2172 3562 4062
5370 2932 5570 3132 8587 9087
3914 2863 4114 3063 8005 8505
3475 984 3675 1184 6571 7071
3926 637 4126 837 6501 7001
1473 84 1673 284 8251 8751
3747 343 3947 543 3410 3910
4159 3187 4359 3387 8402 8902
65 2830 265 3030 3959 4459
4756 1262 4956 1462 3431 3931
4579 450 4779 650 8536 9036
3195 2620 3395 2820 4304 4804
1457 3453 1657 3653 7152 7652
3899 305 4099 505 7468 7968
2541 3061 2741 3261 4570 5070
2152 2795 2352 2995 7550 8050
2315 2062 2515 2262 5468 5968
2678 2215 2878 2415 5310 5810
3895 3505 4095 3705 5682 6182
2439 2888 2639 3088 7299 7799
5020 1234 5220 1434 3659 4159
1517 3631 1717 3831 7456 7956
4851 193 5051 393 4312 4812
4099 1599 4299 1799 5441 5941
3918 964 4118 1164 6097 6597
2744 3174 2944 3374 4422 4922
421 1608 621 1808 3657 4157
2494 325 2694 525 7542 8042
4782 1466 4982 1666 6171 6671
4342 1765 4542 1965 3438 3938
1052 435 1252 635 5723 6223
1629 981 1829 1181 5363 5863
9 1002 209 1202 4986 5486
105 2623 305 2823 3958 4458
5468 3027 5668 3227 8161 8661
2950 2853 3150 3053 7507 8007
5230 1444 5430 1644 6969 7469
4848 1415 5048 1615 3906 4406
171 1411 371 1611 3444 3944
2622 463 2822 663 3488 3988
5523 1364 5723 1564 4194 4694
2248 2293 2448 2493 8045 8545
1405 2071 1605 2271 8214 8714
4603 350 4803 550 5800 6300
4232 1237 4432 1437 4900 5400
2984 3252 3184 3452 6809 7309
2783 59 2983 259 7754 8254
381 583 581 783 4563 5063
4096 1707 4296 1907 7127 7627
749 2396 949 2596 7314 7814
4137 207 4337 407 3687 4187
2281 3236 2481 3436 7169 7669
2265 3713 2465 3913 8625 9125
3373 3360 3573 3560 6503 7003
3989 3778 4189 3978 8049 8549
2161 3661 2361 3861 5545 6045
786 2383 986 2583 5311 5811
209 3082 409 3282 7635 8135
2850 13 3050 213 6148 6648
2208 2244 2408 2444 3747 4247
2625 137 2825 337 8353 8853
5003 3260 5203 3460 3926 4426
5481 1192 5681 1392 5678 6178
3764 267 3964 467 7367 7867
186 837 386 1037 6898 7398
63 2129 263 2329 6476 6976
553 925 753 1125 7648 8148
1396 200 1596 400 6158 6658
1723 3640 1923 3840 7810 8310
1630 2784 1830 2984 7408 7908
3663 3428 3863 3628 7846 8346
2214 3134 2414 3334 4583 5083
4946 1926 5146 2126 7658 8158
2058 1875 2258 2075 6106 6606
3719 3333 3919 3533 7627 8127
2802 2995 3002 3195 5894 6394
2291 314 2491 514 4345 4845
4971 681 5171 881 4776 5276
5504 2410 5704 2610 5698 6198
2271 3406 2471 3606 8279 8779
1660 2266 1860 2466 8608 9108
2093 728 2293 928 4318 4818
133 496 333 696 7159 7659
3686 745 3886 945 6673 7173
4769 1772 4969 1972 5897 6397
1804 546 2004 746 4336 4836
2443 1467 2643 1667 4164 4664
1829 848 2029 1048 7320 7820
249 3302 449 3502 7532 8032
401 2770 601 2970 7576 8076
4568 3027 4768 3227 7923 8423
3942 1149 4142 1349 5606 6106
3602 1927 3802 2127 6448 6948
3312 483 3512 683 7582 8082
1119 3154 1319 3354 5054 5554
2852 905 3052 1105 5073 5573
2932 3468 3132 3668 5475 5975
1836 365 2036 565 7951 8451
961 928 1161 1128 7431 7931
1954 1197 2154 1397 5674 6174
805 2425 1005 2625 4130 4630
1100 1230 1300 1430 7275 7775
4978 1485 5178 1685 5782 6282
538 576 738 776 6622 7122
970 2649 1170 2849 7260 7760
4426 2695 4626 2895 6684 7184
2352 1440 2552 1640 7417 7917
2603 1468 2803 1668 7943 8443
4509 453 4709 653 6984 7484
2370 3073 2570 3273 6867 7367
3944 594 4144 794 7328 7828
5404 2884 5604 3084 8333 8833
3050 3069 3250 3269 5562 6062
2655 907 2855 1107 8165 8665
2265 3213 2465 3413 6226 6726
932 1887 1132 2087 7634 8134
384 2808 584 3008 5404 5904
3065 3642 3265 3842 8375 8875
5087 1437 5287 1637 7181 7681
983 2556 1183 2756 3492 3992
2435 2167 2635 2367 6687 7187
2729 3299 2929 3499 8287 8787
15 2560 215 2760 5165 5665
3536 347 3736 547 5760 6260
5321 2475 5521 2675 6334 6834
849 3757 1049 3957 3396 3896
4178 3567 4378 3767 6505 7005
1317 3105 1517 3305 7226 7726
5384 464 5584 664 7649 8149
191 1906 391 2106 6469 6969
4766 2557 4966 2757 6085 6585
2915 1781 3115 1981 7256 7756
1228 1599 1428 1799 6031 6531
4759 3498 4959 3698 7503 8003
2611 2722 2811 2922 6972 7472
1397 3451 1597 3651 8422 8922
5618 2309 5818 2509 7215 7715
551 736 751 936 4811 5311
82 1732 282 1932 8463 8963
3079 1948 3279 2148 5882 6382
478 3719 678 3919 8612 9112
1941 776 2141 976 4801 5301
1513 598 1713 798 7364 7864
2246 921 2446 1121 5367 5867
1076 382 1276 582 3603 4103
270 2195 470 2395 7611 8111
758 3707 958 3907 8527 9027
3002 2395 3202 2595 5704 6204
4274 3431 4474 3631 4239 4739
4021 2183 4221 2383 5262 5762
3225 1205 3425 1405 3720 4220
4321 2666 4521 2866 8198 8698
4323 2263 4523 2463 5219 5719
3245 1816 3445 2016 7114 7614
4471 1672 4671 1872 8417 8917
2117 506 2317 706 4235 4735
2673 3606 2873 3806 7815 8315
4675 3135 4875 3335 3800 4300
3723 2200 3923 2400 6680 7180
5127 2795 5327 2995 7513 8013
3435 756 3635 956 4127 4627
3415 910 3615 1110 7282 7782
2264 2030 2464 2230 7645 8145
1287 383 1487 583 7970 8470
5015 3269 5215 3469 4439 4939
4777 3537 4977 3737 3430 3930
1971 839 2171 1039 4632 5132
2063 2816 2263 3016 4127 4627
38 2603 238 2803 5942 6442
1545 3462 1745 3662 4727 5227
3946 1270 4146 1470 5580 6080
2079 2017 2279 2217 8568 9068
3373 1939 3573 2139 7266 7766
3777 1634 3977 1834 5666 6166
5385 2023 5585 2223 8448 8948
3632 1958 3832 2158 7987 8487
4354 2894 4554 3094 8523 9023
2668 3208 2868 3408 7263 7763
1653 3025 1853 3225 4046 4546
5278 1235 5478 1435 7598 8098
719 2293 919 2493 4003 4503
2481 2863 2681 3063 4244 4744
3377 280 3577 480 5291 5791
2165 3670 2365 3870 6312 6812
2013 3446 2213 3646 8556 9056
1752 1280 1952 1480 3851 4351
3423 1481 3623 1681 3693 4193
4059 3113 4259 3313 4575 5075
2618 1711 2818 1911 4341 4841
2822 1006 3022 1206 3712 4212
4083 2261 4283 2461 4148 4648
4042 161 4242 361 3819 4319
549 3220 749 3420 4049 4549
1434 1325 1634 1525 6525 7025
2343 3201 2543 3401 5308 5808
2497 2245 2697 2445 6735 7235
1109 1255 1309 1455 5692 6192
74 1072 274 1272 6026 6526
1380 710 1580 910 5906 6406
5141 502 5341 702 7905 8405
1545 1641 1745 1841 5617 6117
102 65 302 265 6426 6926
2893 854 3093 1054 5086 5586
1931 614 2131 814 8175 8675
995 242 1195 442 7450 7950
5316 230 5516 430 5401 5901
1605 1797 1805 1997 4057 4557
5422 975 5622 1175 8571 9071
2513 1763 2713 1963 7027 7527
95 325 295 525 5465 5965
3447 957 3647 1157 8017 8517
2006 2151 2206 2351 7556 8056
3818 1439 4018 1639 7540 8040
828 2163 1028 2363 4622 5122
992 1921 1192 2121 7107 7607
608 2628 808 2828 6959 7459
1274 3296 1474 3496 4755 5255
850 864 1050 1064 3402 3902
3243 717 3443 917 6788 7288
5506 1557 5706 1757 5345 5845
4745 1328 4945 1528 7364 7864
5042 21 5242 221 8354 8854
4646 3130 4846 3330 3494 3994
4260 201 4460 401 6684 7184
5165 900 5365 1100 5365 5865
3987 88 4187 288 4062 4562
3224 10 3424 210 6234 6734
4061 1181 4261 1381 6252 6752
702 3144 902 3344 6771 7271
246 536 446 736 7738 8238
2117 2994 2317 3194 8420 8920
2219 2287 2419 2487 5792 6292
579 2282 779 2482 5593 6093
89 31 289 231 4268 4768
2529 3012 2729 3212 6622 7122
3329 64 3529 264 3609 4109
2164 2822 2364 3022 5117 5617
565 3210 765 3410 6657 7157
3877 3734 4077 3934 5478 5978
3407 827 3607 1027 7919 8419
4740 3206 4940 3406 5536 6036
117 1166 317 1366 8338 8838
2749 2189 2949 2389 7292 7792
5097 1644 5297 1844 3979 4479
2424 1694 2624 1894 7602 8102
1135 3521 1335 3721 6090 6590
1991 2890 2191 3090 8300 8800
473 89 673 289 7761 8261
2997 2053 3197 2253 4599 5099
1675 1159 1875 1359 4819 5319
1863 2764 2063 2964 5220 5720
2741 2866 2941 3066 4526 5026
3633 747 3833 947 7721 8221
3469 1068 3669 1268 7072 7572
868 229 1068 429 5892 6392
995 2932 1195 3132 6175 6675
2120 3193 2320 3393 6025 6525
1752 1024 1952 1224 8306 8806
3874 1406 4074 1606 5455 5955
3625 1412 3825 1612 6048 6548
1023 49 1223 249 6690 7190
3979 3372 4179 3572 4479 4979
3277 735 3477 935 4520 5020
5139 2022 5339 2222 3859 4359
4011 2724 4211 2924 3395 3895
2348 3583 2548 3783 6377 6877
3401 1601 3601 1801 7871 8371
3771 393 3971 593 6941 7441
3947 1638 4147 1838 6967 7467
2088 2998 2288 3198 7375 7875
1602 1501 1802 1701 7444 7944
1436 1883 1636 2083 4166 4666
1784 3779 1984 3979 5095 5595
5319 2569 5519 2769 6296 6796
290 636 490 836 5790 6290
327 465 527 665 7808 8308
774 245 974 445 4531 5031
3697 598 3897 798 3571 4071
3853 3143 4053 3343 6730 7230
4163 801 4363 1001 7287 7787
585 1594 785 1794 4198 4698
701 684 901 884 4485 4985
1533 3209 1733 3409 4130 4630
923 3105 1123 3305 4896 5396
2338 2180 2538 2380 5217 5717
1083 3725 1283 3925 5026 5526
3640 3071 3840 3271 7128 7628
925 1141 1125 1341 6226 6726
179 2760 379 2960 4764 5264
5275 993 5475 1193 4826 5326
2917 1054 3117 1254 6407 6907
5334 1460 5534 1660 5065 5565
5223 1043 5423 1243 4496 4996
221 539 421 739 5943 6443
955 1970 1155 2170 4626 5126
155 1988 355 2188 8520 9020
169 3437 369 3637 7411 7911
4322 1057 4522 1257 8483 8983
5181 3634 5381 3834 7448 7948
822 1403 1022 1603 5317 5817
4845 1165 5045 1365 6092 6592
1623 618 1823 818 8579 9079
3952 908 4152 1108 5717 6217
2258 481 2458 681 7087 7587
1936 1907 2136 2107 5170 5670
3124 1282 3324 1482 5069 5569
433 602 633 802 8539 9039
429 2382 629 2582 3616 4116
1092 2681 1292 2881 3719 4219
483 841 683 1041 4257 4757
2841 2994 3041 3194 3972 4472
2957 3132 3157 3332 6374 6874
1610 3472 1810 3672 7213 7713
180 1150 380 1350 4755 5255
5231 3074 5431 3274 5795 6295
2180 19 2380 219 4323 4823
3314 3314 3514 3514 7263 7763
993 2357 1193 2557 7834 8334
1707 560 1907 760 6304 6804
5559 2213 5759 2413 6750 7250
902 3771 1102 3971 8039 8539
1858 956 2058 1156 5257 5757
2405 2090 2605 2290 8049 8549
2125 2885 2325 3085 7098 7598
1239 1610 1439 1810 4976 5476
474 1767 674 1967 5619 6119
61 12 261 212 6225 6725
245 2843 445 3043 5662 6162
5197 3717 5397 3917 3771 4271
3174 195 3374 395 7218 7718
640 3554 840 3754 4824 5324
2364 2817 2564 3017 4673 5173
4252 871 4452 1071 6611 7111
4693 157 4893 357 5223 5723
227 1154 427 1354 4130 4630
3997 3501 4197 3701 7909 8409
2128 876 2328 1076 5037 5537
695 1485 895 1685 8635 9135
127 3169 327 3369 8410 8910
1363 3278 1563 3478 4709 5209
5040 1122 5240 1322 3687 4187
2489 2757 2689 2957 6042 6542
2307 2182 2507 2382 6825 7325
465 600 665 800 4704 5204
2706 2223 2906 2423 3651 4151
3057 2523 3257 2723 3598 4098
3546 3051 3746 3251 8083 8583
1921 1049 2121 1249 7873 8373
4590 2677 4790 2877 4845 5345
2054 893 2254 1093 4614 5114
5362 3241 5562 3441 5290 5790
4209 2091 4409 2291 6272 6772
302 3731 502 3931 4272 4772
1763 1117 1963 1317 3874 4374
5002 1727 5202 1927 3630 4130
5616 310 5816 510 5147 5647
3928 3225 4128 3425 7989 8489
75 3621 275 3821 7251 7751
5586 2865 5786 3065 7811 8311
2864 1610 3064 1810 4894 5394
878 3115 1078 3315 7523 8023
114 1062 314 1262 4121 4621
2938 538 3138 738 6432 6932
2319 1676 2519 1876 7255 7755
2798 3101 2998 3301 8442 8942
4679 3698 4879 3898 8166 8666
601 897 801 1097 5600 6100
3745 906 3945 1106 5188 5688
3602 2149 3802 2349 6925 7425
223 2516 423 2716 7995 8495
535 691 735 891 7054 7554
3939 858 4139 1058 7099 7599
1490 3505 1690 3705 5534 6034
1135 1681 1335 1881 5906 6406
3265 1319 3465 1519 6868 7368
4944 2371 5144 2571 6113 6613
3513 1291 3713 1491 6550 7050
2518 1130 2718 1330 7622 8122
3804 666 4004 866 5976 6476
681 2578 881 2778 5767 6267
767 1688 967 1888 8240 8740
3783 2767 3983 2967 4776 5276
2581 306 2781 506 3641 4141
3180 1837 3380 2037 8322 8822
1625 874 1825 1074 6199 6699
2844 676 3044 876 8068 8568
1245 814 1445 1014 7849 8349
682 1451 882 1651 7480 7980
1229 1668 1429 1868 8253 8753
2755 2061 2955 2261 6752 7252
2485 2709 2685 2909 7184 7684
1219 3719 1419 3919 8431 8931
4790 820 4990 1020 3387 3887
4702 3685 4902 3885 5653 6153
3273 317 3473 517 3400 3900
3302 3688 3502 3888 6969 7469
3827 22 4027 222 8030 8530
5374 881 5574 1081 6225 6725
330 308 530 508 5958 6458
3732 1245 3932 1445 8291 8791
4292 875 4492 1075 4630 5130
2698 3690 2898 3890 6607 7107
2737 2209 2937 2409 4732 5232
183 3737 383 3937 3850 4350
1888 823 2088 1023 3908 4408
5324 118 5524 318 5723 6223
4153 1723 4353 1923 6863 7363
1888 1599 2088 1799 7826 8326
971 874 1171 1074 7593 8093
5283 1747 5483 1947 6184 6684
4146 725 4346 925 8581 9081
3892 1766 4092 1966 6529 7029
2589 828 2789 1028 4115 4615
2969 486 3169 686 4197 4697
2343 2579 2543 2779 6552 7052
2414 3439 2614 3639 3470 3970
383 2213 583 2413 5012 5512
3062 2775 3262 2975 5119 5619
5416 1246 5616 1446 5217 5717
3108 824 3308 1024 5014 5514
4383 1301 4583 1501 7893 8393
520 1585 720 1785 7127 7627
3868 1595 4068 1795 7778 8278
2220 3682 2420 3882 4687 5187
352 129 552 329 5310 5810
1387 385 1587 585 4503 5003
2984 2067 3184 2267 5864 6364
3331 1398 3531 1598 3608 4108
2009 3059 2209 3259 8445 8945
4990 2819 5190 3019 7251 7751
4723 392 4923 592 4851 5351
5424 1985 5624 2185 5281 5781
4075 3686 4275 3886 3827 4327
3337 103 3537 303 4436 4936
3546 305 3746 505 5097 5597
796 3583 996 3783 6251 6751
337 3245 537 3445 7759 8259
757 1755 957 1955 7844 8344
3793 1502 3993 1702 8280 8780
4850 1831 5050 2031 8115 8615
3496 3750 3696 3950 4893 5393
3875 2653 4075 2853 3824 4324
4088 305 4288 505 8066 8566
1083 598 1283 798 5239 5739
3469 216 3669 416 4119 4619
2232 1738 2432 1938 5207 5707
5503 1003 5703 1203 3428 3928
2155 1753 2355 1953 5693 6193
1045 2225 1245 2425 5893 6393
1718 603 1918 803 5874 6374
1719 772 1919 972 7376 7876
5353 1763 5553 1963 6968 7468
1784 3632 1984 3832 5821 6321
520 1163 720 1363 5755 6255
3705 2579 3905 2779 8085 8585
487 1199 687 1399 4213 4713
3305 3479 3505 3679 8491 8991
4015 1614 4215 1814 5019 5519
79 2335 279 2535 7159 7659
4865 1099 5065 1299 6859 7359
798 3786 998 3986 8001 8501
3731 3186 3931 3386 4209 4709
2243 1285 2443 1485 5345 5845
180 1030 380 1230 6595 7095
1032 994 1232 1194 6438 6938
2552 3012 2752 3212 6505 7005
5536 3065 5736 3265 4597 5097
4682 2130 4882 2330 5007 5507
670 1960 870 2160 4352 4852
2934 3320 3134 3520 4956 5456
4968 1178 5168 1378 3706 4206
4701 77 4901 277 4712 5212
293 3408 493 3608 5840 6340
1397 1605 1597 1805 3931 4431
3455 2129 3655 2329 3533 4033
4295 1395 4495 1595 7983 8483
280 3411 480 3611 3405 3905
2706 3110 2906 3310 8346 8846
2371 1506 2571 1706 6638 7138
167 3095 367 3295 6167 6667
3530 877 3730 1077 4169 4669
2745 2487 2945 2687 7329 7829
3165 2827 3365 3027 3439 3939
858 987 1058 1187 8169 8669
1985 1933 2185 2133 5509 6009
4609 2171 4809 2371 8029 8529
3426 2902 3626 3102 6128 6628
1816 1 2016 201 7609 8109
3719 416 3919 616 6168 6668
3421 2681 3621 2881 5595 6095
299 293 499 493 4203 4703
564 839 764 1039 3941 4441
2457 2966 2657 3166 8329 8829
2354 2626 2554 2826 6217 6717
433 2382 633 2582 6193 6693
3369 958 3569 1158 3372 3872
2430 3635 2630 3835 6157 6657
2926 3607 3126 3807 5332 5832
4050 734 4250 934 5120 5620
678 777 878 977 6501 7001
1310 987 1510 1187 8570 9070
5349 2541 5549 2741 6296 6796
497 3246 697 3446 3704 4204
3896 2710 4096 2910 8626 9126
19 2538 219 2738 8497 8997
3680 2588 3880 2788 6068 6568
2175 454 2375 654 5950 6450
1275 3350 1475 3550 8273 8773
3837 2243 4037 2443 7379 7879
798 2441 998 2641 4043 4543
3608 3238 3808 3438 6235 6735
4439 3241 4639 3441 6993 7493
394 2667 594 2867 4911 5411
128 543 328 743 8104 8604
4499 1657 4699 1857 8149 8649
4287 1871 4487 2071 4599 5099
3949 1087 4149 1287 4794 5294
1346 2206 1546 2406 3636 4136
3935 2960 4135 3160 8044 8544
3925 1495 4125 1695 7596 8096
4966 494 5166 694 7293 7793
1411 1780 1611 1980 7872 8372
5336 861 5536 1061 4729 5229
2046 703 2246 903 5409 5909
5101 923 5301 1123 4999 5499
3806 843 4006 1043 6224 6724
1376 680 1576 880 3913 4413
319 1801 519 2001 3438 3938
3333 948 3533 1148 6856 7356
3262 1180 3462 1380 7965 8465
708 211 908 411 7308 7808
2622 559 2822 759 4816 5316
2995 965 3195 1165 3414 3914
2249 135 2449 335 6117 6617
4279 3050 4479 3250 5055 5555
3387 2375 3587 2575 5355 5855
3254 2968 3454 3168 7126 7626
490 3015 690 3215 7678 8178
1783 2063 1983 2263 6645 7145
5481 87 5681 287 5448 5948
949 3327 1149 3527 4758 5258
3228 1350 3428 1550 4853 5353
5401 1196 5601 1396 4086 4586
2067 1733 2267 1933 6681 7181
4714 2765 4914 2965 6831 7331
765 2149 965 2349 6634 7134
149 1755 349 1955 4826 5326
1250 402 1450 602 8005 8505
5340 294 5540 494 5992 6492
4995 3654 5195 3854 6142 6642
4065 2104 4265 2304 4730 5230
1951 2209 2151 2409 5773 6273
5553 1210 5753 1410 5820 6320
3285 2238 3485 2438 3642 4142
2834 1455 3034 1655 3961 4461
3583 3586 3783 3786 8403 8903
3699 1872 3899 2072 4016 4516
4557 2325 4757 2525 4562 5062
684 676 884 876 4933 5433
1130 1674 1330 1874 5932 6432
3442 2698 3642 2898 6885 7385
2762 1689 2962 1889 6555 7055
1561 3008 1761 3208 6388 6888
2910 17 3110 217 3744 4244
3190 1986 3390 2186 6735 7235
1115 3624 1315 3824 6507 7007
5636 442 5836 642 5044 5544
3010 2272 3210 2472 3514 4014
5009 2996 5209 3196 3638 4138
2059 137 2259 337 6007 6507
5205 3655 5405 3855 4844 5344
4116 3204 4316 3404 4216 4716
2019 1665 2219 1865 8194 8694
4163 235 4363 435 4462 4962
1335 2177 1535 2377 6773 7273
3888 1125 4088 1325 8146 8646
1231 2290 1431 2490 6574 7074
4717 3625 4917 3825 3513 4013
4392 202 4592 402 3692 4192
5520 708 5720 908 4368 4868
1661 1195 1861 1395 8407 8907
2597 2237 2797 2437 4045 4545
4487 1503 4687 1703 6807 7307
1602 204 1802 404 6019 6519
2793 577 2993 777 7220 7720
5328 1807 5528 2007 8508 9008
1357 1410 1557 1610 6871 7371
296 3528 496 3728 5730 6230
985 613 1185 813 3594 4094
4032 2476 4232 2676 4708 5208
4926 1658 5126 1858 3682 4182
1469 119 1669 319 4126 4626
1988 1817 2188 2017 6636 7136
2402 1421 2602 1621 3693 4193
5546 2748 5746 2948 6207 6707
3328 183 3528 383 7100 7600
2429 1151 2629 1351 6826 7326
2844 23 3044 223 7060 7560
1867 2872 2067 3072 5357 5857
4430 552 4630 752 4666 5166
1236 1541 1436 1741 4943 5443
3130 3425 3330 3625 5072 5572
2946 1066 3146 1266 8582 9082
2476 2201 2676 2401 7171 7671
318 255 518 455 4516 5016
3448 1945 3648 2145 6797 7297
4321 1588 4521 1788 8156 8656
4319 2211 4519 2411 3940 4440
2367 2901 2567 3101 4924 5424
2933 2329 3133 2529 3478 3978
104 463 304 663 8550 9050
1334 2300 1534 2500 6782 7282
3350 205 3550 405 4118 4618
5076 1015 5276 1215 6676 7176
2321 3401 2521 3601 6566 7066
3519 3402 3719 3602 7637 8137
2640 554 2840 754 7171 7671
1041 808 1241 1008 3398 3898
4507 882 4707 1082 3946 4446
2893 3659 3093 3859 6453 6953
155 214 355 414 6986 7486
1220 3607 1420 3807 5857 6357
1839 1815 2039 2015 6503 7003
4002 1197 4202 1397 4333 4833
4468 163 4668 363 4939 5439
2992 2202 3192 2402 5983 6483
2977 1424 3177 1624 5924 6424
1060 513 1260 713 8218 8718
161 3291 361 3491 3429 3929
2072 2760 2272 2960 4081 4581
5582 1001 5782 1201 3613 4113
569 296 769 496 3598 4098
1369 3331 1569 3531 8419 8919
5364 1299 5564 1499 4894 5394
3671 2472 3871 2672 7265 7765
2099 3305 2299 3505 3647 4147
4172 1203 4372 1403 8005 8505
2853 1555 3053 1755 6635 7135
2385 1241 2585 1441 5374 5874
5059 891 5259 1091 5870 6370
2527 566 2727 766 5549 6049
533 2997 733 3197 4321 4821
413 3676 613 3876 8278 8778
5364 537 5564 737 7631 8131
3540 666 3740 866 8367 8867
2903 1395 3103 1595 5826 6326
1333 53 1533 253 6955 7455
1393 2528 1593 2728 7605 8105
4049 2024 4249 2224 7896 8396
2526 956 2726 1156 5818 6318
5360 1451 5560 1651 7040 7540
1423 1453 1623 1653 4733 5233
3217 2300 3417 2500 6652 7152
1149 2006 1349 2206 5392 5892
5012 1768 5212 1968 7184 7684
