1000
714 708 764 758 4292 5292
3877 3122 3927 3172 4561 5561
60 564 110 614 4926 5926
1857 946 1907 996 4787 5787
4129 2629 4179 2679 4555 5555
5245 3289 5295 3339 3956 4956
2873 940 2923 990 6195 7195
3207 528 3257 578 6548 7548
256 3404 306 3454 6309 7309
4417 357 4467 407 3663 4663
1748 1803 1798 1853 6912 7912
1011 775 1061 825 7938 8938
4694 1369 4744 1419 5888 6888
2400 718 2450 768 6285 7285
5750 2185 5800 2235 5102 6102
5708 3465 5758 3515 8002 9002
437 1894 487 1944 5364 6364
2747 830 2797 880 5629 6629
2905 3537 2955 3587 4372 5372
2829 2500 2879 2550 7642 8642
4625 3835 4675 3885 8112 9112
658 2055 708 2105 6135 7135
5737 3002 5787 3052 8123 9123
4400 3326 4450 3376 6508 7508
399 589 449 639 3954 4954
5778 181 5828 231 3444 4444
1650 2095 1700 2145 5982 6982
5058 497 5108 547 6046 7046
4189 2252 4239 2302 5155 6155
3322 2627 3372 2677 4132 5132
1251 3846 1301 3896 5851 6851
17 2097 67 2147 7160 8160
843 1070 893 1120 5607 6607
3791 762 3841 812 4568 5568
3598 1549 3648 1599 6154 7154
5722 2678 5772 2728 4958 5958
2499 2919 2549 2969 6336 7336
1267 3212 1317 3262 7216 8216
2095 2947 2145 2997 7132 8132
5724 2146 5774 2196 7896 8896
1852 1166 1902 1216 6852 7852
2481 1241 2531 1291 7543 8543
1506 2009 1556 2059 4997 5997
2292 887 2342 937 5373 6373
1450 2544 1500 2594 6817 7817
2076 696 2126 746 6291 7291
5413 2188 5463 2238 5479 6479
4782 1583 4832 1633 5246 6246
2930 3093 2980 3143 6031 7031
108 2352 158 2402 5885 6885
473 1293 523 1343 6133 7133
1531 3182 1581 3232 6745 7745
2614 3309 2664 3359 7539 8539
4995 3538 5045 3588 6676 7676
3304 2677 3354 2727 7988 8988
592 745 642 795 3647 4647
5776 2443 5826 2493 6907 7907
3133 1397 3183 1447 4251 5251
2184 1484 2234 1534 4943 5943
0 1576 50 1626 7821 8821
1231 3161 1281 3211 5929 6929
4474 2753 4524 2803 6515 7515
5281 742 5331 792 3832 4832
1842 3287 1892 3337 4885 5885
3739 973 3789 1023 4976 5976
1661 438 1711 488 6887 7887
2659 408 2709 458 7437 8437
2113 2666 2163 2716 3695 4695
5754 2522 5804 2572 7224 8224
4097 2355 4147 2405 7478 8478
2865 1497 2915 1547 7854 8854
2583 3360 2633 3410 7065 8065
4407 1852 4457 1902 7462 8462
913 2364 963 2414 7723 8723
1996 1832 2046 1882 6902 7902
3315 2801 3365 2851 3678 4678
2482 1446 2532 1496 7560 8560
930 3338 980 3388 3401 4401
303 2727 353 2777 7385 8385
879 2138 929 2188 6042 7042
2766 3354 2816 3404 7351 8351
646 3718 696 3768 5663 6663
514 2460 564 2510 6172 7172
4984 2320 5034 2370 5331 6331
4816 2318 4866 2368 5316 6316
176 1178 226 1228 7104 8104
5049 3029 5099 3079 8022 9022
3374 2411 3424 2461 3890 4890
1422 3534 1472 3584 8074 9074
50 551 100 601 4891 5891
5048 1800 5098 1850 7204 8204
3413 1973 3463 2023 8031 9031
2273 3821 2323 3871 3928 4928
2927 186 2977 236 3767 4767
1426 1687 1476 1737 4294 5294
183 827 233 877 7113 8113
5323 2564 5373 2614 8023 9023
3459 2786 3509 2836 3374 4374
1168 3023 1218 3073 4849 5849
2878 1845 2928 1895 4943 5943
2430 1607 2480 1657 6635 7635
4499 3239 4549 3289 7818 8818
2742 2198 2792 2248 8112 9112
3374 3150 3424 3200 7966 8966
2846 1695 2896 1745 4014 5014
1827 2480 1877 2530 6378 7378
2306 971 2356 1021 4006 5006
2300 1429 2350 1479 7677 8677
4551 426 4601 476 4935 5935
433 3504 483 3554 7512 8512
5545 379 5595 429 7414 8414
5280 2308 5330 2358 5674 6674
286 586 336 636 5710 6710
4 1624 54 1674 4428 5428
3628 2655 3678 2705 3788 4788
4392 3182 4442 3232 7556 8556
1145 3247 1195 3297 5159 6159
4727 1928 4777 1978 4196 5196
5603 1635 5653 1685 4058 5058
3870 1383 3920 1433 4679 5679
5367 2292 5417 2342 7581 8581
2235 1073 2285 1123 7057 8057
3678 3082 3728 3132 6642 7642
4851 287 4901 337 6893 7893
1563 1345 1613 1395 6386 7386
2359 3423 2409 3473 6737 7737
4767 3397 4817 3447 6225 7225
2530 3262 2580 3312 5429 6429
4898 1854 4948 1904 4351 5351
131 2195 181 2245 7418 8418
4015 1610 4065 1660 5537 6537
4744 1139 4794 1189 6741 7741
2355 1206 2405 1256 5939 6939
2725 2304 2775 2354 4926 5926
3439 248 3489 298 3526 4526
225 3499 275 3549 4205 5205
3356 2684 3406 2734 7020 8020
5365 2724 5415 2774 6018 7018
4089 3912 4139 3962 5503 6503
2752 3291 2802 3341 4093 5093
1787 3797 1837 3847 7750 8750
5412 720 5462 770 6211 7211
2861 889 2911 939 6547 7547
3349 370 3399 420 3380 4380
1089 786 1139 836 5485 6485
4172 3656 4222 3706 7383 8383
944 308 994 358 3720 4720
2806 1323 2856 1373 4003 5003
1576 727 1626 777 6109 7109
2856 3537 2906 3587 6649 7649
4727 3803 4777 3853 8059 9059
4110 2110 4160 2160 3884 4884
104 669 154 719 7348 8348
5315 857 5365 907 4469 5469
105 3529 155 3579 3537 4537
3409 2129 3459 2179 4619 5619
213 2893 263 2943 6313 7313
5541 1318 5591 1368 3756 4756
3222 665 3272 715 3775 4775
2619 2219 2669 2269 6223 7223
726 3656 776 3706 3788 4788
3368 2635 3418 2685 7047 8047
570 3677 620 3727 5063 6063
2289 87 2339 137 6995 7995
5459 1501 5509 1551 7807 8807
1938 266 1988 316 4707 5707
878 2694 928 2744 5119 6119
1173 186 1223 236 7923 8923
5532 2799 5582 2849 4408 5408
673 2592 723 2642 5117 6117
5392 2287 5442 2337 6004 7004
2778 1730 2828 1780 6678 7678
2705 1073 2755 1123 4085 5085
3572 1204 3622 1254 6168 7168
283 3064 333 3114 6348 7348
5509 2918 5559 2968 7433 8433
258 3284 308 3334 6845 7845
4658 3902 4708 3952 6755 7755
1004 2713 1054 2763 5973 6973
5593 3825 5643 3875 7933 8933
2580 2873 2630 2923 4552 5552
3810 2523 3860 2573 5289 6289
485 934 535 984 4759 5759
4291 2725 4341 2775 6941 7941
515 853 565 903 5216 6216
846 2227 896 2277 7466 8466
246 507 296 557 4275 5275
257 2536 307 2586 8123 9123
3766 1161 3816 1211 5090 6090
2412 999 2462 1049 6938 7938
3278 3700 3328 3750 4034 5034
5764 499 5814 549 4512 5512
1656 1363 1706 1413 7281 8281
1778 1500 1828 1550 5188 6188
2630 1566 2680 1616 7753 8753
2553 1923 2603 1973 6927 7927
4812 2837 4862 2887 7688 8688
3168 2484 3218 2534 7014 8014
3257 3862 3307 3912 4689 5689
357 3007 407 3057 6519 7519
932 804 982 854 3587 4587
3256 3493 3306 3543 6241 7241
2990 950 3040 1000 5304 6304
2839 443 2889 493 6259 7259
3722 3747 3772 3797 7827 8827
1457 2071 1507 2121 6397 7397
1555 1148 1605 1198 6031 7031
293 310 343 360 4308 5308
4983 3460 5033 3510 7559 8559
2394 889 2444 939 5901 6901
3909 373 3959 423 3896 4896
4990 3647 5040 3697 6367 7367
3658 1952 3708 2002 3874 4874
397 2984 447 3034 6216 7216
3962 2137 4012 2187 7426 8426
4615 3646 4665 3696 3452 4452
1873 1835 1923 1885 4285 5285
448 3408 498 3458 6755 7755
5061 184 5111 234 7203 8203
4759 90 4809 140 6221 7221
5091 3556 5141 3606 5555 6555
3545 2430 3595 2480 4741 5741
3230 592 3280 642 4921 5921
1340 3357 1390 3407 3414 4414
2789 2616 2839 2666 5679 6679
4417 1074 4467 1124 6562 7562
1659 85 1709 135 6670 7670
5120 1347 5170 1397 7372 8372
3730 2826 3780 2876 7543 8543
2075 1618 2125 1668 5553 6553
4974 2976 5024 3026 4549 5549
3106 370 3156 420 4749 5749
2863 1244 2913 1294 6074 7074
1445 2029 1495 2079 5689 6689
3018 2030 3068 2080 3534 4534
2860 1612 2910 1662 4065 5065
3755 2847 3805 2897 7362 8362
141 1793 191 1843 4725 5725
3892 3280 3942 3330 3681 4681
2620 2298 2670 2348 3650 4650
3183 2549 3233 2599 4214 5214
2371 1023 2421 1073 5897 6897
711 799 761 849 3979 4979
3671 3829 3721 3879 5553 6553
66 675 116 725 6876 7876
5440 1378 5490 1428 4284 5284
1245 2249 1295 2299 4450 5450
5400 36 5450 86 5339 6339
5445 2098 5495 2148 3746 4746
5113 147 5163 197 7145 8145
4701 2177 4751 2227 7029 8029
2182 3842 2232 3892 7402 8402
4238 3052 4288 3102 6687 7687
3845 399 3895 449 6434 7434
1015 3191 1065 3241 3738 4738
4328 1054 4378 1104 3855 4855
3966 150 4016 200 4081 5081
2915 2810 2965 2860 7715 8715
4968 2478 5018 2528 8092 9092
5411 1980 5461 2030 4617 5617
3181 2367 3231 2417 6062 7062
1926 2093 1976 2143 7014 8014
3425 2099 3475 2149 5905 6905
2096 3059 2146 3109 4309 5309
711 1914 761 1964 7494 8494
961 1832 1011 1882 4956 5956
3054 3289 3104 3339 6929 7929
489 659 539 709 4918 5918
4989 257 5039 307 5045 6045
421 842 471 892 5800 6800
2313 193 2363 243 6335 7335
939 859 989 909 3852 4852
3135 3294 3185 3344 6340 7340
3821 395 3871 445 5995 6995
4013 511 4063 561 3873 4873
5104 3179 5154 3229 6427 7427
5418 1876 5468 1926 6853 7853
4872 3371 4922 3421 6231 7231
1749 2612 1799 2662 6529 7529
167 1696 217 1746 5173 6173
775 3584 825 3634 5938 6938
1158 3689 1208 3739 4765 5765
3497 197 3547 247 3864 4864
4913 679 4963 729 3603 4603
4787 1584 4837 1634 7045 8045
1480 1583 1530 1633 6840 7840
647 1731 697 1781 3472 4472
3602 1040 3652 1090 7191 8191
4331 2320 4381 2370 5084 6084
3822 3529 3872 3579 5516 6516
4349 3266 4399 3316 6091 7091
5112 2190 5162 2240 5425 6425
4900 2964 4950 3014 3520 4520
4484 3736 4534 3786 4730 5730
4633 2476 4683 2526 7046 8046
1594 1098 1644 1148 5053 6053
5256 2003 5306 2053 6926 7926
1301 2823 1351 2873 4866 5866
473 266 523 316 5187 6187
1969 3060 2019 3110 3669 4669
4885 3576 4935 3626 5687 6687
5741 2007 5791 2057 6490 7490
4151 2025 4201 2075 6559 7559
3250 3542 3300 3592 5915 6915
4205 1864 4255 1914 4234 5234
774 884 824 934 4966 5966
3853 400 3903 450 5271 6271
159 1149 209 1199 3863 4863
4819 3122 4869 3172 3601 4601
2210 460 2260 510 7645 8645
1427 2191 1477 2241 7130 8130
4571 46 4621 96 7573 8573
5684 1098 5734 1148 7418 8418
5607 1022 5657 1072 4212 5212
4791 1068 4841 1118 7723 8723
5367 1680 5417 1730 7320 8320
3026 1630 3076 1680 6470 7470
4205 942 4255 992 5276 6276
4061 657 4111 707 6431 7431
3789 3663 3839 3713 8005 9005
4557 500 4607 550 6249 7249
3595 1767 3645 1817 6831 7831
1551 2320 1601 2370 5910 6910
1999 1172 2049 1222 6582 7582
3632 922 3682 972 7258 8258
2637 664 2687 714 6845 7845
3262 926 3312 976 4077 5077
2320 3143 2370 3193 4329 5329
1111 1667 1161 1717 7277 8277
108 1855 158 1905 4071 5071
5746 1108 5796 1158 4547 5547
5535 3003 5585 3053 6254 7254
5218 2214 5268 2264 7541 8541
3155 199 3205 249 5701 6701
2597 3881 2647 3931 4405 5405
630 3272 680 3322 3391 4391
2494 3207 2544 3257 6074 7074
1787 2949 1837 2999 4817 5817
1804 834 1854 884 6702 7702
1574 2798 1624 2848 7190 8190
1980 1398 2030 1448 7608 8608
5777 2207 5827 2257 6946 7946
3300 1322 3350 1372 4637 5637
233 2652 283 2702 6550 7550
857 2701 907 2751 7629 8629
5498 3106 5548 3156 5637 6637
3961 457 4011 507 3396 4396
1926 3719 1976 3769 5132 6132
944 2550 994 2600 3908 4908
3749 420 3799 470 7551 8551
3877 1562 3927 1612 4569 5569
3229 1386 3279 1436 6251 7251
5402 2230 5452 2280 4699 5699
364 1323 414 1373 4272 5272
4834 408 4884 458 7054 8054
1934 3789 1984 3839 5575 6575
3229 3659 3279 3709 5129 6129
399 1513 449 1563 6422 7422
1556 2738 1606 2788 7466 8466
2020 1669 2070 1719 7396 8396
5035 3542 5085 3592 3966 4966
4767 994 4817 1044 4941 5941
5423 411 5473 461 5487 6487
5104 625 5154 675 6827 7827
1174 1266 1224 1316 6522 7522
2022 1695 2072 1745 5605 6605
2487 1233 2537 1283 4098 5098
2410 3088 2460 3138 5396 6396
4904 1168 4954 1218 5484 6484
4655 829 4705 879 3616 4616
3238 349 3288 399 4740 5740
1306 1694 1356 1744 7197 8197
4637 1983 4687 2033 7973 8973
3621 2538 3671 2588 3564 4564
4284 2060 4334 2110 3741 4741
365 2114 415 2164 7991 8991
1825 2991 1875 3041 7917 8917
1043 2874 1093 2924 4669 5669
4410 2669 4460 2719 6600 7600
1288 3789 1338 3839 5403 6403
5680 2133 5730 2183 6384 7384
5419 3216 5469 3266 4847 5847
1079 1090 1129 1140 3672 4672
716 798 766 848 4187 5187
714 3096 764 3146 7293 8293
1443 1058 1493 1108 6009 7009
3509 1287 3559 1337 7307 8307
3023 2922 3073 2972 5228 6228
4850 145 4900 195 7594 8594
4754 3026 4804 3076 4191 5191
2101 243 2151 293 5636 6636
3255 3810 3305 3860 7755 8755
3209 2299 3259 2349 7348 8348
2924 73 2974 123 3584 4584
384 569 434 619 3561 4561
5693 2242 5743 2292 3841 4841
363 1698 413 1748 3710 4710
1601 1309 1651 1359 6843 7843
234 2455 284 2505 6422 7422
5630 2923 5680 2973 5686 6686
5073 3542 5123 3592 3754 4754
1800 142 1850 192 3816 4816
1582 2319 1632 2369 7879 8879
1938 3584 1988 3634 8057 9057
2025 1955 2075 2005 6366 7366
3475 3445 3525 3495 7945 8945
2187 2264 2237 2314 6748 7748
4452 267 4502 317 5502 6502
5521 897 5571 947 7325 8325
2687 2304 2737 2354 7730 8730
3029 374 3079 424 6928 7928
645 623 695 673 4984 5984
5419 2316 5469 2366 7018 8018
5521 1454 5571 1504 4919 5919
2993 3924 3043 3974 6094 7094
1688 3214 1738 3264 6748 7748
4376 1520 4426 1570 4751 5751
329 2941 379 2991 5860 6860
4153 1929 4203 1979 5341 6341
3325 3149 3375 3199 6292 7292
5736 587 5786 637 7711 8711
3232 1819 3282 1869 4147 5147
3533 3893 3583 3943 4753 5753
4057 67 4107 117 5789 6789
610 1698 660 1748 7468 8468
695 2024 745 2074 7032 8032
1559 2148 1609 2198 4953 5953
3567 3769 3617 3819 6338 7338
3856 3676 3906 3726 3995 4995
3142 942 3192 992 3923 4923
3919 1303 3969 1353 5489 6489
2815 3781 2865 3831 7949 8949
4284 1756 4334 1806 5158 6158
136 927 186 977 3446 4446
754 3742 804 3792 7499 8499
4182 2009 4232 2059 6006 7006
4968 1417 5018 1467 7182 8182
2645 850 2695 900 4867 5867
2992 5 3042 55 5961 6961
4412 3731 4462 3781 3753 4753
2474 1910 2524 1960 7371 8371
207 3387 257 3437 6065 7065
4048 314 4098 364 8038 9038
2042 2909 2092 2959 7400 8400
2849 204 2899 254 7520 8520
4997 74 5047 124 6351 7351
4384 1215 4434 1265 4323 5323
1405 1763 1455 1813 4637 5637
4834 3523 4884 3573 7962 8962
3261 1089 3311 1139 7424 8424
11 1563 61 1613 4123 5123
2147 441 2197 491 7168 8168
4456 3495 4506 3545 4849 5849
218 2196 268 2246 6959 7959
3744 561 3794 611 7505 8505
4063 3671 4113 3721 6509 7509
1870 1128 1920 1178 3991 4991
534 2982 584 3032 6995 7995
1814 580 1864 630 7129 8129
4256 1549 4306 1599 5018 6018
2076 2880 2126 2930 7804 8804
3655 787 3705 837 5118 6118
4692 3002 4742 3052 6307 7307
3678 3949 3728 3999 5443 6443
5215 2848 5265 2898 7369 8369
4264 628 4314 678 5549 6549
3682 2111 3732 2161 7387 8387
2646 813 2696 863 7156 8156
2475 965 2525 1015 5225 6225
369 2572 419 2622 7132 8132
3879 895 3929 945 4415 5415
5224 1226 5274 1276 6970 7970
1958 3000 2008 3050 3878 4878
782 2580 832 2630 7523 8523
1085 2876 1135 2926 6502 7502
1252 2954 1302 3004 4962 5962
3626 3456 3676 3506 7706 8706
2336 1079 2386 1129 7967 8967
4578 398 4628 448 4065 5065
950 2123 1000 2173 3539 4539
504 1687 554 1737 7495 8495
1924 1789 1974 1839 4198 5198
1566 1165 1616 1215 6985 7985
2559 2741 2609 2791 7796 8796
3795 1380 3845 1430 7272 8272
3227 456 3277 506 6598 7598
3590 3640 3640 3690 7093 8093
963 3589 1013 3639 6429 7429
1673 3285 1723 3335 5281 6281
414 2170 464 2220 5587 6587
117 2931 167 2981 4225 5225
2858 3359 2908 3409 6323 7323
709 3672 759 3722 5217 6217
1501 109 1551 159 5663 6663
3120 2813 3170 2863 4966 5966
4990 3919 5040 3969 4174 5174
4259 2348 4309 2398 7288 8288
4608 1350 4658 1400 4015 5015
239 1168 289 1218 6553 7553
2072 2198 2122 2248 5395 6395
2031 3063 2081 3113 6125 7125
3997 137 4047 187 5016 6016
284 2548 334 2598 4542 5542
4432 1444 4482 1494 3387 4387
5642 2787 5692 2837 7526 8526
3672 983 3722 1033 3962 4962
5564 123 5614 173 5644 6644
3362 2526 3412 2576 7371 8371
5194 1369 5244 1419 7842 8842
2729 1001 2779 1051 5931 6931
2707 2976 2757 3026 6575 7575
4305 1080 4355 1130 5055 6055
3657 3866 3707 3916 6967 7967
2329 1216 2379 1266 4567 5567
2879 2634 2929 2684 5921 6921
659 1600 709 1650 5394 6394
4687 3090 4737 3140 6212 7212
1179 2274 1229 2324 7329 8329
2681 2740 2731 2790 5907 6907
3748 2686 3798 2736 4983 5983
3467 900 3517 950 5646 6646
1957 3696 2007 3746 3981 4981
5211 2579 5261 2629 7711 8711
1031 654 1081 704 4373 5373
3827 1412 3877 1462 7620 8620
3809 332 3859 382 7688 8688
4641 3579 4691 3629 4252 5252
1654 2786 1704 2836 7821 8821
5730 2685 5780 2735 7679 8679
2389 3875 2439 3925 5881 6881
3958 3466 4008 3516 4453 5453
2213 1138 2263 1188 4326 5326
5616 410 5666 460 6020 7020
1542 3832 1592 3882 5937 6937
1540 3807 1590 3857 7734 8734
2809 3692 2859 3742 6030 7030
3230 3332 3280 3382 6185 7185
2575 2850 2625 2900 7523 8523
2880 252 2930 302 6329 7329
3548 1427 3598 1477 4124 5124
1518 2287 1568 2337 4597 5597
3961 1857 4011 1907 3928 4928
945 81 995 131 4929 5929
3247 824 3297 874 3479 4479
1614 1920 1664 1970 5544 6544
734 347 784 397 5957 6957
3922 2224 3972 2274 6741 7741
2956 2740 3006 2790 5968 6968
3478 218 3528 268 7596 8596
3705 211 3755 261 5317 6317
268 887 318 937 6639 7639
2425 332 2475 382 4993 5993
5015 535 5065 585 3938 4938
341 1264 391 1314 7813 8813
5479 2034 5529 2084 6956 7956
2421 306 2471 356 5616 6616
2575 3747 2625 3797 8111 9111
1656 3513 1706 3563 6478 7478
4453 2960 4503 3010 6294 7294
5116 3635 5166 3685 4150 5150
241 2082 291 2132 6199 7199
4043 1196 4093 1246 3984 4984
1361 1548 1411 1598 4357 5357
2276 165 2326 215 7713 8713
2539 879 2589 929 3439 4439
3690 3547 3740 3597 4309 5309
95 2821 145 2871 5266 6266
773 1463 823 1513 7302 8302
1183 2892 1233 2942 5032 6032
2876 2841 2926 2891 5056 6056
3611 2168 3661 2218 8127 9127
4906 3159 4956 3209 4113 5113
3604 3721 3654 3771 6751 7751
651 2228 701 2278 8060 9060
3757 642 3807 692 6328 7328
2956 3696 3006 3746 5549 6549
4772 3836 4822 3886 5363 6363
219 3855 269 3905 4370 5370
2508 1403 2558 1453 5168 6168
3535 649 3585 699 4265 5265
1214 1237 1264 1287 3609 4609
1606 101 1656 151 5340 6340
4481 1526 4531 1576 7439 8439
4600 957 4650 1007 7525 8525
977 3609 1027 3659 5271 6271
4882 233 4932 283 7904 8904
4501 1850 4551 1900 6310 7310
5063 923 5113 973 4104 5104
1106 3209 1156 3259 4392 5392
2875 384 2925 434 5329 6329
2576 3417 2626 3467 4746 5746
451 1967 501 2017 5472 6472
5007 1182 5057 1232 6993 7993
4696 1472 4746 1522 3704 4704
467 189 517 239 6538 7538
1977 1025 2027 1075 6025 7025
4471 3578 4521 3628 6747 7747
2254 2196 2304 2246 4007 5007
1890 1726 1940 1776 3559 4559
581 2246 631 2296 7062 8062
2531 940 2581 990 3717 4717
2905 545 2955 595 4869 5869
820 838 870 888 6492 7492
4344 3833 4394 3883 5376 6376
5683 474 5733 524 6904 7904
5458 2118 5508 2168 5622 6622
3970 1177 4020 1227 3708 4708
200 920 250 970 6797 7797
4623 680 4673 730 4529 5529
1047 1862 1097 1912 3469 4469
124 25 174 75 6333 7333
3069 357 3119 407 5642 6642
3043 2961 3093 3011 6313 7313
4527 890 4577 940 4697 5697
5003 2436 5053 2486 4948 5948
984 3305 1034 3355 4197 5197
489 2593 539 2643 6977 7977
3557 3288 3607 3338 5562 6562
1014 657 1064 707 3634 4634
1085 1859 1135 1909 7677 8677
854 3897 904 3947 3520 4520
243 1148 293 1198 6846 7846
4167 3481 4217 3531 6143 7143
1587 3607 1637 3657 6161 7161
336 2998 386 3048 4285 5285
881 1274 931 1324 3681 4681
5199 2842 5249 2892 4056 5056
3525 2810 3575 2860 6965 7965
769 2805 819 2855 5327 6327
3284 1171 3334 1221 4100 5100
4534 3536 4584 3586 6975 7975
5723 1800 5773 1850 6581 7581
2638 1028 2688 1078 8058 9058
3219 920 3269 970 6116 7116
3364 1927 3414 1977 6402 7402
1639 3385 1689 3435 7680 8680
4829 2892 4879 2942 4484 5484
3995 1057 4045 1107 6690 7690
2474 3319 2524 3369 3416 4416
427 1888 477 1938 4233 5233
3363 1439 3413 1489 6289 7289
4290 1997 4340 2047 4137 5137
484 3350 534 3400 5509 6509
3918 1696 3968 1746 6759 7759
3071 738 3121 788 4442 5442
294 3481 344 3531 4906 5906
3687 239 3737 289 6027 7027
832 2645 882 2695 6644 7644
5541 3810 5591 3860 4178 5178
1454 1577 1504 1627 7304 8304
1238 1187 1288 1237 4200 5200
4421 1449 4471 1499 6374 7374
5455 698 5505 748 4815 5815
1388 707 1438 757 7064 8064
4062 2839 4112 2889 6375 7375
4886 484 4936 534 7302 8302
760 5 810 55 6515 7515
2673 2536 2723 2586 5391 6391
2569 3556 2619 3606 6832 7832
1217 1350 1267 1400 5770 6770
5038 1041 5088 1091 7010 8010
2520 1644 2570 1694 6439 7439
2523 441 2573 491 7963 8963
1894 2411 1944 2461 7857 8857
2526 573 2576 623 5919 6919
1992 235 2042 285 5180 6180
603 264 653 314 5876 6876
3188 3552 3238 3602 3656 4656
834 2116 884 2166 5481 6481
1806 413 1856 463 3681 4681
740 2575 790 2625 6833 7833
5464 1570 5514 1620 7192 8192
2894 3915 2944 3965 5524 6524
3770 3921 3820 3971 3966 4966
428 3852 478 3902 4781 5781
403 3310 453 3360 5397 6397
3990 2394 4040 2444 8043 9043
1967 775 2017 825 4018 5018
958 528 1008 578 7952 8952
712 945 762 995 7041 8041
1356 788 1406 838 6343 7343
4130 108 4180 158 3741 4741
3199 3736 3249 3786 7005 8005
1364 1086 1414 1136 5095 6095
14 3580 64 3630 4651 5651
1884 2205 1934 2255 7550 8550
279 1964 329 2014 6366 7366
4886 1157 4936 1207 7883 8883
2332 3457 2382 3507 5712 6712
5442 3950 5492 4000 4008 5008
2524 2848 2574 2898 8117 9117
4406 1762 4456 1812 4423 5423
2026 1198 2076 1248 5534 6534
1045 2167 1095 2217 6502 7502
220 1990 270 2040 4098 5098
3888 1242 3938 1292 5637 6637
5112 157 5162 207 3392 4392
1841 2951 1891 3001 4637 5637
3056 754 3106 804 3760 4760
3799 3586 3849 3636 4693 5693
86 2819 136 2869 4104 5104
4239 1598 4289 1648 7970 8970
3023 355 3073 405 6934 7934
3796 3007 3846 3057 6789 7789
4536 1051 4586 1101 5184 6184
5671 2292 5721 2342 3529 4529
488 2138 538 2188 5670 6670
3231 1846 3281 1896 4921 5921
5613 2190 5663 2240 5571 6571
4611 3699 4661 3749 5611 6611
4918 2798 4968 2848 7585 8585
3909 3657 3959 3707 7875 8875
5715 2435 5765 2485 3903 4903
1953 2867 2003 2917 7021 8021
5568 951 5618 1001 6466 7466
1013 267 1063 317 5339 6339
3081 2452 3131 2502 7821 8821
3606 2137 3656 2187 4419 5419
3010 3861 3060 3911 4416 5416
3626 3179 3676 3229 5384 6384
2450 3472 2500 3522 5012 6012
4662 3638 4712 3688 5098 6098
430 1487 480 1537 3747 4747
2037 1601 2087 1651 4942 5942
273 1627 323 1677 3404 4404
5614 3554 5664 3604 5323 6323
110 155 160 205 6375 7375
2265 2869 2315 2919 6583 7583
3667 2227 3717 2277 6084 7084
252 3502 302 3552 3448 4448
285 1809 335 1859 6585 7585
5177 3350 5227 3400 5565 6565
469 1821 519 1871 6113 7113
5230 1527 5280 1577 4075 5075
4556 957 4606 1007 4692 5692
4310 1161 4360 1211 6828 7828
3046 481 3096 531 7693 8693
5715 486 5765 536 5945 6945
5293 3023 5343 3073 3828 4828
276 2380 326 2430 6489 7489
5530 2255 5580 2305 5504 6504
2808 926 2858 976 6214 7214
484 1483 534 1533 7229 8229
2946 3546 2996 3596 4311 5311
1893 944 1943 994 7700 8700
1566 2528 1616 2578 4364 5364
2979 3478 3029 3528 6503 7503
3421 2295 3471 2345 4260 5260
3846 1686 3896 1736 3453 4453
2800 422 2850 472 6947 7947
2582 1684 2632 1734 7219 8219
4316 1042 4366 1092 5910 6910
2408 2134 2458 2184 3621 4621
4890 2497 4940 2547 5496 6496
2217 2593 2267 2643 5389 6389
1782 1238 1832 1288 6282 7282
3406 1416 3456 1466 4231 5231
4547 2713 4597 2763 7008 8008
1678 98 1728 148 3520 4520
1603 2560 1653 2610 7838 8838
112 2319 162 2369 5732 6732
625 1183 675 1233 5187 6187
3857 1934 3907 1984 7268 8268
1832 3011 1882 3061 8129 9129
1108 283 1158 333 3704 4704
4913 3748 4963 3798 6673 7673
1513 2145 1563 2195 8008 9008
2882 2718 2932 2768 7262 8262
1825 2572 1875 2622 5883 6883
4963 779 5013 829 7275 8275
4127 3671 4177 3721 6839 7839
3521 512 3571 562 3761 4761
4626 1267 4676 1317 5653 6653
2134 1763 2184 1813 3887 4887
3456 2732 3506 2782 5993 6993
4694 29 4744 79 6763 7763
298 3517 348 3567 6062 7062
363 1438 413 1488 5203 6203
1194 2283 1244 2333 5075 6075
5310 974 5360 1024 7581 8581
3930 177 3980 227 3812 4812
2772 1578 2822 1628 5332 6332
1690 2267 1740 2317 6965 7965
3090 3810 3140 3860 6013 7013
2092 233 2142 283 4600 5600
2239 1462 2289 1512 6566 7566
5313 1403 5363 1453 5284 6284
1813 334 1863 384 6384 7384
748 2105 798 2155 5786 6786
5125 1727 5175 1777 3639 4639
983 1190 1033 1240 6231 7231
2670 2813 2720 2863 4565 5565
3695 447 3745 497 4098 5098
796 3359 846 3409 3959 4959
270 2137 320 2187 5958 6958
4552 1585 4602 1635 3838 4838
4319 362 4369 412 5670 6670
3740 614 3790 664 5428 6428
1714 1108 1764 1158 7002 8002
2722 3846 2772 3896 5187 6187
1953 1706 2003 1756 6836 7836
399 1741 449 1791 7700 8700
3391 3895 3441 3945 3401 4401
836 2102 886 2152 4631 5631
2469 369 2519 419 7139 8139
2818 2566 2868 2616 4009 5009
3924 3065 3974 3115 7044 8044
293 1431 343 1481 4629 5629
3871 3053 3921 3103 6312 7312
4270 1744 4320 1794 7903 8903
5475 2429 5525 2479 7022 8022
2969 764 3019 814 7752 8752
853 2849 903 2899 5465 6465
817 2478 867 2528 3754 4754
3296 3463 3346 3513 7084 8084
3266 946 3316 996 7144 8144
4291 911 4341 961 4183 5183
1914 3623 1964 3673 4882 5882
602 945 652 995 7486 8486
2912 72 2962 122 3745 4745
5043 1023 5093 1073 3467 4467
3995 1037 4045 1087 4742 5742
5094 2360 5144 2410 3995 4995
4917 918 4967 968 5596 6596
1605 70 1655 120 3543 4543
3873 1954 3923 2004 4064 5064
711 3066 761 3116 5805 6805
4883 3767 4933 3817 5171 6171
102 153 152 203 4217 5217
992 1234 1042 1284 3628 4628
502 2384 552 2434 7040 8040
3240 1358 3290 1408 3612 4612
1160 3281 1210 3331 5390 6390
3446 3576 3496 3626 3561 4561
5142 3777 5192 3827 4154 5154
2927 871 2977 921 4348 5348
2756 808 2806 858 6601 7601
4090 2131 4140 2181 3923 4923
4568 1753 4618 1803 3468 4468
3596 2157 3646 2207 7049 8049
5445 568 5495 618 6714 7714
1354 3366 1404 3416 4293 5293
83 3413 133 3463 5989 6989
2487 1852 2537 1902 6178 7178
3590 2299 3640 2349 5244 6244
4036 3697 4086 3747 6900 7900
2627 1904 2677 1954 7202 8202
2326 2350 2376 2400 6963 7963
3722 189 3772 239 4746 5746
2953 3699 3003 3749 4665 5665
276 530 326 580 7095 8095
5200 176 5250 226 8057 9057
1209 2537 1259 2587 5280 6280
2326 932 2376 982 7799 8799
5023 1368 5073 1418 3534 4534
1977 2210 2027 2260 4014 5014
4662 2598 4712 2648 6986 7986
3536 1078 3586 1128 5345 6345
3481 850 3531 900 7481 8481
3273 2066 3323 2116 6525 7525
2577 2009 2627 2059 5680 6680
568 3064 618 3114 7490 8490
1813 2638 1863 2688 7425 8425
4818 2874 4868 2924 7506 8506
1448 2828 1498 2878 4975 5975
2636 3464 2686 3514 7206 8206
4190 3947 4240 3997 5637 6637
1749 2271 1799 2321 5320 6320
730 3381 780 3431 3859 4859
3048 1128 3098 1178 4300 5300
717 1051 767 1101 6246 7246
4972 3718 5022 3768 4630 5630
5585 642 5635 692 6963 7963
1314 2000 1364 2050 3379 4379
4899 2313 4949 2363 6221 7221
3886 497 3936 547 7826 8826
5448 2494 5498 2544 4004 5004
1957 2875 2007 2925 8126 9126
1531 3421 1581 3471 3581 4581
773 372 823 422 6051 7051
2638 1377 2688 1427 5471 6471
4747 2447 4797 2497 6259 7259
2045 3189 2095 3239 4690 5690
1533 2190 1583 2240 6315 7315
1556 382 1606 432 6025 7025
3999 1945 4049 1995 6930 7930
2394 1758 2444 1808 6726 7726
78 1848 128 1898 4259 5259
585 2726 635 2776 6272 7272
1607 1860 1657 1910 7337 8337
3761 177 3811 227 7661 8661
3835 256 3885 306 6605 7605
1068 641 1118 691 6467 7467
3066 21 3116 71 7227 8227
1737 131 1787 181 4608 5608
5648 3800 5698 3850 6806 7806
3199 2639 3249 2689 5170 6170
1717 596 1767 646 3786 4786
5605 2186 5655 2236 7551 8551
2684 74 2734 124 6290 7290
4932 1583 4982 1633 7521 8521
2809 432 2859 482 7530 8530
5753 339 5803 389 4628 5628
1975 238 2025 288 4228 5228
3044 2699 3094 2749 3391 4391
952 1564 1002 1614 4967 5967
911 1281 961 1331 3873 4873
4389 3775 4439 3825 4385 5385
4415 3450 4465 3500 4667 5667
1194 3158 1244 3208 6752 7752
1290 3841 1340 3891 5603 6603
223 1787 273 1837 8090 9090
1413 11 1463 61 4614 5614
2442 565 2492 615 7855 8855
3515 2257 3565 2307 3502 4502
1726 1519 1776 1569 3747 4747
4209 3678 4259 3728 7380 8380
1778 2590 1828 2640 5270 6270
4766 3486 4816 3536 4895 5895
848 1189 898 1239 5514 6514
4542 1512 4592 1562 7019 8019
908 110 958 160 5288 6288
2709 1761 2759 1811 4251 5251
760 2016 810 2066 5183 6183
5726 1465 5776 1515 7171 8171
4627 3622 4677 3672 5557 6557
455 3247 505 3297 4902 5902
3529 3547 3579 3597 5880 6880
1 600 51 650 4135 5135
3923 543 3973 593 7491 8491
5069 2880 5119 2930 7508 8508
1253 724 1303 774 7208 8208
1077 2409 1127 2459 4160 5160
1847 373 1897 423 8033 9033
1076 2187 1126 2237 5377 6377
480 2078 530 2128 7572 8572
1011 1041 1061 1091 3727 4727
927 358 977 408 5705 6705
1480 3804 1530 3854 4982 5982
4430 1837 4480 1887 5801 6801
5182 2705 5232 2755 5649 6649
562 640 612 690 4937 5937
1049 2519 1099 2569 3615 4615
5401 2126 5451 2176 6569 7569
1343 1163 1393 1213 3975 4975
1317 1319 1367 1369 7325 8325
1258 3544 1308 3594 3815 4815
4050 234 4100 284 7687 8687
5679 1311 5729 1361 4711 5711
3793 2928 3843 2978 4824 5824
3706 618 3756 668 7221 8221
4167 980 4217 1030 7139 8139
4759 2988 4809 3038 4242 5242
2399 501 2449 551 5305 6305
2311 2867 2361 2917 4425 5425
4432 268 4482 318 7223 8223
1805 2521 1855 2571 3399 4399
3815 1590 3865 1640 6971 7971
3736 453 3786 503 7961 8961
241 3662 291 3712 4186 5186
3046 2719 3096 2769 4535 5535
4309 504 4359 554 3608 4608
5285 1693 5335 1743 7063 8063
5724 224 5774 274 4329 5329
1681 422 1731 472 6660 7660
25 522 75 572 3576 4576
4371 2033 4421 2083 5868 6868
1013 2047 1063 2097 6176 7176
5597 352 5647 402 5012 6012
3557 183 3607 233 5810 6810
1134 3378 1184 3428 8051 9051
4836 3602 4886 3652 4476 5476
3645 2632 3695 2682 4368 5368
3074 1851 3124 1901 6846 7846
1405 3385 1455 3435 3747 4747
5774 3876 5824 3926 5909 6909
4587 692 4637 742 5927 6927
4895 761 4945 811 4246 5246
4957 933 5007 983 4054 5054
3333 1952 3383 2002 6692 7692
3817 2794 3867 2844 4075 5075
2997 3508 3047 3558 3697 4697
576 556 626 606 4556 5556
4451 2014 4501 2064 4575 5575
5439 2725 5489 2775 6817 7817
1386 2744 1436 2794 4618 5618
5654 1201 5704 1251 5473 6473
4001 616 4051 666 7589 8589
243 2012 293 2062 5029 6029
2580 1891 2630 1941 4204 5204
5462 3915 5512 3965 7749 8749
354 1763 404 1813 4343 5343
3147 3842 3197 3892 3761 4761
1754 560 1804 610 4927 5927
1898 2289 1948 2339 5851 6851
3934 2118 3984 2168 5054 6054
769 3950 819 4000 4561 5561
3892 1348 3942 1398 5744 6744
1409 3692 1459 3742 4818 5818
3380 3432 3430 3482 3423 4423
