1395
3328 4352 3455 4479 5805 6305
3328 2560 3455 2687 3917 4417
1920 3328 2047 3455 6990 7490
128 3072 255 3199 5552 6052
2944 3072 3071 3199 5919 6419
1280 2304 1407 2431 8505 9005
1920 3968 2047 4095 7716 8216
3200 768 3327 895 8359 8859
384 3712 511 3839 6595 7095
3328 3200 3455 3327 4820 5320
3328 5504 3455 5631 8496 8996
2816 4992 2943 5119 5854 6354
1024 128 1151 255 4782 5282
0 256 127 383 6099 6599
3200 5248 3327 5375 6124 6624
2176 3456 2303 3583 3753 4253
3072 1408 3199 1535 4354 4854
3328 3072 3455 3199 6741 7241
1792 1664 1919 1791 7694 8194
2048 0 2175 127 7047 7547
1664 512 1791 639 4044 4544
2304 2048 2431 2175 7719 8219
1152 1920 1279 2047 7665 8165
1536 4864 1663 4991 4792 5292
3328 1920 3455 2047 4220 4720
512 1536 639 1663 8568 9068
1536 1408 1663 1535 6935 7435
2304 5376 2431 5503 4562 5062
2688 3328 2815 3455 8507 9007
2560 2944 2687 3071 7720 8220
896 4736 1023 4863 5019 5519
2560 1536 2687 1663 5672 6172
1536 384 1663 511 8266 8766
1664 0 1791 127 8638 9138
3840 4224 3967 4351 7853 8353
256 3072 383 3199 8227 8727
1792 1152 1919 1279 5916 6416
3584 1152 3711 1279 6929 7429
512 2688 639 2815 5360 5860
768 1280 895 1407 3871 4371
128 2688 255 2815 8379 8879
1792 5376 1919 5503 5216 5716
2816 2688 2943 2815 3767 4267
2688 768 2815 895 7203 7703
2432 3072 2559 3199 5357 5857
3328 640 3455 767 3933 4433
256 2048 383 2175 7585 8085
2176 4224 2303 4351 6340 6840
2432 3456 2559 3583 7304 7804
768 0 895 127 4052 4552
3584 1024 3711 1151 7430 7930
3712 768 3839 895 5390 5890
2048 3840 2175 3967 8400 8900
0 5504 127 5631 6455 6955
1024 3968 1151 4095 4225 4725
512 2816 639 2943 6663 7163
3840 4608 3967 4735 3796 4296
256 1920 383 2047 7789 8289
2560 1280 2687 1407 7854 8354
896 384 1023 511 3663 4163
1024 3456 1151 3583 6869 7369
1024 3712 1151 3839 6915 7415
384 768 511 895 5964 6464
1152 384 1279 511 3909 4409
1280 4608 1407 4735 4326 4826
2048 2560 2175 2687 7859 8359
1920 5376 2047 5503 6178 6678
0 4224 127 4351 4284 4784
1536 2176 1663 2303 3562 4062
1920 3456 2047 3583 8167 8667
0 3200 127 3327 7467 7967
2176 2048 2303 2175 5983 6483
1920 4480 2047 4607 4743 5243
2688 2560 2815 2687 7863 8363
128 4736 255 4863 4546 5046
1152 3712 1279 3839 6729 7229
1536 256 1663 383 8426 8926
1920 4224 2047 4351 6173 6673
640 3840 767 3967 7112 7612
3712 1152 3839 1279 4503 5003
3328 2944 3455 3071 6854 7354
3584 1536 3711 1663 8584 9084
3456 896 3583 1023 6522 7022
0 2432 127 2559 4027 4527
2688 2176 2815 2303 3812 4312
0 5632 127 5759 7376 7876
1920 2944 2047 3071 7319 7819
256 5248 383 5375 4237 4737
2432 2304 2559 2431 3938 4438
3200 3456 3327 3583 3947 4447
640 1664 767 1791 4529 5029
640 4992 767 5119 7437 7937
3712 4864 3839 4991 4904 5404
2944 3200 3071 3327 4535 5035
384 2816 511 2943 5388 5888
1536 1920 1663 2047 5860 6360
2048 3712 2175 3839 6436 6936
2560 4864 2687 4991 8195 8695
3456 0 3583 127 6773 7273
2560 1024 2687 1151 6627 7127
1408 5248 1535 5375 7723 8223
1664 4352 1791 4479 5600 6100
512 0 639 127 3970 4470
2816 4224 2943 4351 6508 7008
896 3072 1023 3199 7506 8006
1280 5376 1407 5503 7827 8327
1024 4480 1151 4607 4598 5098
1280 5248 1407 5375 7292 7792
1792 1024 1919 1151 5360 5860
2304 3712 2431 3839 5752 6252
2944 512 3071 639 8424 8924
128 384 255 511 6256 6756
128 2048 255 2175 5696 6196
1408 1408 1535 1535 3719 4219
512 1280 639 1407 6913 7413
128 2816 255 2943 6137 6637
3328 3840 3455 3967 5138 5638
1920 1536 2047 1663 5592 6092
3200 3328 3327 3455 7003 7503
3072 2048 3199 2175 5705 6205
1920 2688 2047 2815 3581 4081
3712 5504 3839 5631 5574 6074
3456 4608 3583 4735 7184 7684
2176 4352 2303 4479 5115 5615
1536 2688 1663 2815 4151 4651
3584 5504 3711 5631 3932 4432
2816 4608 2943 4735 7604 8104
1664 3456 1791 3583 4629 5129
1152 1792 1279 1919 6170 6670
3200 0 3327 127 8419 8919
3072 256 3199 383 7886 8386
2176 2176 2303 2303 5253 5753
3584 1280 3711 1407 8062 8562
1408 128 1535 255 5898 6398
512 896 639 1023 8390 8890
3456 3200 3583 3327 6928 7428
2816 1536 2943 1663 5086 5586
3840 5632 3967 5759 7030 7530
3456 1152 3583 1279 8262 8762
3328 768 3455 895 7075 7575
2176 0 2303 127 4142 4642
1280 896 1407 1023 5459 5959
1920 1152 2047 1279 7374 7874
2176 512 2303 639 6467 6967
3712 3968 3839 4095 5807 6307
1280 5632 1407 5759 5647 6147
2688 384 2815 511 6646 7146
3328 3968 3455 4095 4987 5487
2048 1536 2175 1663 5281 5781
3072 1664 3199 1791 7691 8191
3840 3456 3967 3583 4735 5235
2944 1792 3071 1919 8174 8674
640 5248 767 5375 4625 5125
1408 4736 1535 4863 8548 9048
512 3840 639 3967 4649 5149
384 3328 511 3455 8087 8587
2944 384 3071 511 6523 7023
2304 1536 2431 1663 6295 6795
3840 3968 3967 4095 4077 4577
128 4224 255 4351 4053 4553
128 5120 255 5247 6074 6574
384 0 511 127 6005 6505
1792 128 1919 255 5935 6435
896 5248 1023 5375 8178 8678
3712 5120 3839 5247 5945 6445
2048 3200 2175 3327 8367 8867
768 768 895 895 6466 6966
2176 640 2303 767 7660 8160
1152 1152 1279 1279 4171 4671
2688 3456 2815 3583 3501 4001
0 2816 127 2943 3509 4009
0 3712 127 3839 4942 5442
2560 2432 2687 2559 5589 6089
2432 1664 2559 1791 7512 8012
640 3200 767 3327 5452 5952
3072 896 3199 1023 5439 5939
3584 5632 3711 5759 7201 7701
1536 1664 1663 1791 6140 6640
3072 3072 3199 3199 7055 7555
1024 2816 1151 2943 6524 7024
2816 3200 2943 3327 5192 5692
3584 1408 3711 1535 8419 8919
896 3968 1023 4095 6058 6558
2048 4096 2175 4223 6446 6946
512 4736 639 4863 5741 6241
3712 4096 3839 4223 7336 7836
256 3968 383 4095 8576 9076
2688 0 2815 127 3624 4124
768 1024 895 1151 7673 8173
768 256 895 383 6695 7195
1792 4352 1919 4479 6988 7488
1280 1664 1407 1791 7790 8290
2688 128 2815 255 6742 7242
1152 3456 1279 3583 6965 7465
2432 5376 2559 5503 7328 7828
512 3584 639 3711 4047 4547
128 3200 255 3327 6692 7192
1920 3712 2047 3839 7837 8337
1792 4480 1919 4607 8337 8837
2176 1664 2303 1791 7492 7992
2560 128 2687 255 7967 8467
3840 4864 3967 4991 5888 6388
128 1920 255 2047 6477 6977
2688 2944 2815 3071 4917 5417
1152 3200 1279 3327 7442 7942
2304 896 2431 1023 5971 6471
2048 2304 2175 2431 6985 7485
1280 1920 1407 2047 6003 6503
2304 2432 2431 2559 3471 3971
3712 4608 3839 4735 8082 8582
1408 3840 1535 3967 6569 7069
3328 4096 3455 4223 5292 5792
1280 1408 1407 1535 7862 8362
768 1152 895 1279 3988 4488
3072 1024 3199 1151 5781 6281
1280 3584 1407 3711 7645 8145
1024 5504 1151 5631 5366 5866
128 0 255 127 8399 8899
3072 1792 3199 1919 5311 5811
3456 3968 3583 4095 4400 4900
1024 4224 1151 4351 6454 6954
2432 2688 2559 2815 3659 4159
2688 5504 2815 5631 3550 4050
128 4864 255 4991 4556 5056
384 3200 511 3327 7253 7753
512 2304 639 2431 4920 5420
256 1664 383 1791 7914 8414
1664 1024 1791 1151 7987 8487
128 3968 255 4095 4117 4617
1664 2688 1791 2815 5024 5524
1408 896 1535 1023 6840 7340
768 2688 895 2815 3445 3945
512 4480 639 4607 7541 8041
2688 1408 2815 1535 7359 7859
2432 896 2559 1023 4991 5491
1792 4736 1919 4863 6343 6843
1792 2688 1919 2815 7372 7872
1280 3456 1407 3583 8605 9105
512 5376 639 5503 6388 6888
2048 5632 2175 5759 7472 7972
1280 128 1407 255 8047 8547
3712 5632 3839 5759 7000 7500
2944 2688 3071 2815 6807 7307
1280 1792 1407 1919 4682 5182
1408 2048 1535 2175 5030 5530
128 256 255 383 6630 7130
896 4096 1023 4223 6369 6869
3072 5504 3199 5631 7025 7525
384 1664 511 1791 6389 6889
3456 3584 3583 3711 8309 8809
3840 2304 3967 2431 5467 5967
2432 5120 2559 5247 4203 4703
2048 4992 2175 5119 8597 9097
2432 256 2559 383 8328 8828
3328 2176 3455 2303 8070 8570
3328 4480 3455 4607 7210 7710
0 4480 127 4607 4609 5109
1408 1536 1535 1663 4757 5257
128 1664 255 1791 6558 7058
3584 3328 3711 3455 5355 5855
1664 3840 1791 3967 6411 6911
256 128 383 255 7440 7940
3200 4352 3327 4479 5429 5929
896 1920 1023 2047 5312 5812
3840 384 3967 511 3572 4072
1920 256 2047 383 4462 4962
256 5632 383 5759 5698 6198
3456 5504 3583 5631 7573 8073
2688 1664 2815 1791 7109 7609
3456 4352 3583 4479 6128 6628
3712 3712 3839 3839 3818 4318
256 640 383 767 3930 4430
1024 1280 1151 1407 7170 7670
2944 1536 3071 1663 7254 7754
3456 2560 3583 2687 5241 5741
3584 4864 3711 4991 3560 4060
2944 3584 3071 3711 5244 5744
768 4736 895 4863 5653 6153
640 1792 767 1919 4628 5128
640 4224 767 4351 5675 6175
2944 2816 3071 2943 5322 5822
128 1408 255 1535 6724 7224
3584 4992 3711 5119 3920 4420
2560 4736 2687 4863 7962 8462
896 256 1023 383 3826 4326
3328 0 3455 127 8619 9119
2176 4736 2303 4863 3945 4445
3584 2304 3711 2431 5064 5564
128 2944 255 3071 4737 5237
3200 4096 3327 4223 4545 5045
128 768 255 895 4461 4961
256 2176 383 2303 5190 5690
2560 2176 2687 2303 8614 9114
896 4224 1023 4351 3933 4433
3072 5632 3199 5759 4544 5044
2048 3456 2175 3583 6228 6728
2944 3968 3071 4095 5024 5524
2432 1408 2559 1535 6871 7371
2688 4992 2815 5119 7843 8343
512 1152 639 1279 3494 3994
3456 5376 3583 5503 7042 7542
1408 2688 1535 2815 8291 8791
1664 1408 1791 1535 4053 4553
2432 2560 2559 2687 5572 6072
1792 2048 1919 2175 4318 4818
3456 1024 3583 1151 8605 9105
384 2176 511 2303 8444 8944
384 4864 511 4991 3605 4105
1152 4224 1279 4351 8300 8800
3584 5248 3711 5375 4432 4932
3584 5120 3711 5247 5909 6409
1408 2304 1535 2431 4983 5483
1664 128 1791 255 5198 5698
1792 3328 1919 3455 6459 6959
2304 4736 2431 4863 6987 7487
1536 128 1663 255 5653 6153
3712 3456 3839 3583 3851 4351
768 3712 895 3839 7561 8061
1408 2560 1535 2687 4759 5259
3584 768 3711 895 7899 8399
768 4224 895 4351 3467 3967
384 512 511 639 5850 6350
1280 384 1407 511 4449 4949
3712 2176 3839 2303 6123 6623
0 2560 127 2687 3825 4325
2688 5632 2815 5759 5623 6123
3712 1664 3839 1791 6394 6894
2816 5504 2943 5631 8160 8660
768 1920 895 2047 6536 7036
1024 2688 1151 2815 5597 6097
2048 2176 2175 2303 8283 8783
640 2944 767 3071 7620 8120
3584 4096 3711 4223 5248 5748
1664 3072 1791 3199 6378 6878
512 2944 639 3071 4553 5053
1152 768 1279 895 6196 6696
2176 2944 2303 3071 3757 4257
1024 3584 1151 3711 4357 4857
3840 896 3967 1023 3843 4343
1792 1536 1919 1663 6099 6599
640 512 767 639 8100 8600
2048 5120 2175 5247 6381 6881
1024 1152 1151 1279 5124 5624
1664 1152 1791 1279 4658 5158
3200 1280 3327 1407 6882 7382
3200 4480 3327 4607 3471 3971
3584 3840 3711 3967 6941 7441
2304 5120 2431 5247 7363 7863
2816 384 2943 511 7662 8162
256 0 383 127 8329 8829
2816 3840 2943 3967 4035 4535
3712 3584 3839 3711 5171 5671
1152 3840 1279 3967 8221 8721
768 3328 895 3455 5114 5614
768 1536 895 1663 7923 8423
3072 3328 3199 3455 3406 3906
3712 3328 3839 3455 4779 5279
0 5120 127 5247 5677 6177
1920 4992 2047 5119 8196 8696
2432 4608 2559 4735 7944 8444
0 2304 127 2431 5317 5817
2304 5504 2431 5631 5252 5752
3584 3712 3711 3839 6925 7425
3456 384 3583 511 7194 7694
1792 4992 1919 5119 5673 6173
1664 3200 1791 3327 5520 6020
512 2432 639 2559 7432 7932
3456 2944 3583 3071 3472 3972
768 3840 895 3967 3919 4419
2304 128 2431 255 7904 8404
896 1152 1023 1279 6200 6700
1920 640 2047 767 3379 3879
512 1024 639 1151 8328 8828
2048 2944 2175 3071 7954 8454
896 3712 1023 3839 4666 5166
3328 5248 3455 5375 6570 7070
2304 4992 2431 5119 5467 5967
1408 2944 1535 3071 5649 6149
1920 2048 2047 2175 7975 8475
2432 640 2559 767 4489 4989
2176 1920 2303 2047 8021 8521
3712 640 3839 767 3371 3871
3840 2048 3967 2175 3702 4202
3200 1536 3327 1663 7602 8102
2432 2048 2559 2175 7796 8296
768 5120 895 5247 5668 6168
1408 0 1535 127 5051 5551
384 4608 511 4735 3935 4435
3584 4352 3711 4479 5387 5887
640 3072 767 3199 7289 7789
1536 5120 1663 5247 5921 6421
0 2048 127 2175 7333 7833
1280 2560 1407 2687 6583 7083
1664 2304 1791 2431 6888 7388
2432 4224 2559 4351 5888 6388
2432 4480 2559 4607 3616 4116
640 3456 767 3583 6450 6950
2560 640 2687 767 7362 7862
2176 4608 2303 4735 6399 6899
1024 2176 1151 2303 6998 7498
128 1792 255 1919 4040 4540
2816 4096 2943 4223 6642 7142
128 1280 255 1407 4419 4919
2432 4736 2559 4863 6410 6910
1280 3072 1407 3199 8638 9138
2944 256 3071 383 8397 8897
2816 128 2943 255 7022 7522
2432 3200 2559 3327 5465 5965
640 1536 767 1663 5406 5906
3328 384 3455 511 6358 6858
1792 1280 1919 1407 3997 4497
3584 896 3711 1023 4787 5287
1664 384 1791 511 3771 4271
2944 4864 3071 4991 4328 4828
2048 640 2175 767 6432 6932
896 2688 1023 2815 8196 8696
896 3584 1023 3711 6625 7125
1152 896 1279 1023 8112 8612
1408 2816 1535 2943 6173 6673
1536 1792 1663 1919 3373 3873
128 1536 255 1663 6761 7261
3840 4736 3967 4863 6136 6636
3456 3712 3583 3839 7335 7835
3200 1024 3327 1151 4704 5204
1280 4096 1407 4223 4385 4885
3072 4608 3199 4735 7265 7765
640 3968 767 4095 7632 8132
256 768 383 895 7464 7964
3328 1280 3455 1407 3401 3901
3712 1280 3839 1407 8073 8573
384 3456 511 3583 8505 9005
1408 5120 1535 5247 4070 4570
768 3072 895 3199 6075 6575
3840 3200 3967 3327 4284 4784
1536 1536 1663 1663 4522 5022
3712 896 3839 1023 6073 6573
3840 4992 3967 5119 6723 7223
512 1664 639 1791 8173 8673
1280 4224 1407 4351 8168 8668
1536 5504 1663 5631 3490 3990
2048 3072 2175 3199 8573 9073
128 2432 255 2559 6207 6707
1280 5120 1407 5247 7588 8088
1408 768 1535 895 3704 4204
1152 2176 1279 2303 7164 7664
2176 5376 2303 5503 5380 5880
2304 3200 2431 3327 5942 6442
896 1280 1023 1407 5150 5650
1664 4608 1791 4735 7534 8034
2688 2688 2815 2815 6157 6657
1408 1792 1535 1919 7834 8334
1664 4992 1791 5119 5655 6155
3456 2304 3583 2431 3654 4154
2304 512 2431 639 6529 7029
1024 2048 1151 2175 4402 4902
2560 1152 2687 1279 4668 5168
2688 4352 2815 4479 7837 8337
3200 1664 3327 1791 6076 6576
2048 512 2175 639 6174 6674
1408 3328 1535 3455 7867 8367
3584 0 3711 127 5509 6009
1280 1536 1407 1663 6039 6539
1792 4864 1919 4991 5979 6479
1792 4096 1919 4223 5627 6127
3072 2688 3199 2815 4366 4866
2176 5120 2303 5247 7130 7630
3328 5120 3455 5247 5742 6242
384 1408 511 1535 7718 8218
3200 384 3327 511 6663 7163
3072 3584 3199 3711 5270 5770
2304 0 2431 127 5250 5750
1280 2816 1407 2943 6597 7097
768 4480 895 4607 5519 6019
768 128 895 255 6881 7381
3072 128 3199 255 4343 4843
3456 2432 3583 2559 4044 4544
640 2176 767 2303 3621 4121
1792 2432 1919 2559 6915 7415
2304 4352 2431 4479 8505 9005
2816 1920 2943 2047 7785 8285
1792 3840 1919 3967 4432 4932
128 3328 255 3455 7699 8199
2688 4864 2815 4991 7482 7982
768 512 895 639 7397 7897
640 4864 767 4991 8270 8770
768 5248 895 5375 5926 6426
1152 2944 1279 3071 3425 3925
896 2048 1023 2175 7467 7967
1792 256 1919 383 8631 9131
896 3840 1023 3967 3642 4142
512 640 639 767 4107 4607
3840 1536 3967 1663 8183 8683
640 3328 767 3455 6310 6810
3200 3968 3327 4095 6715 7215
2816 3968 2943 4095 5170 5670
1664 1536 1791 1663 4718 5218
512 3072 639 3199 7887 8387
3840 768 3967 895 7541 8041
2944 5120 3071 5247 6479 6979
768 5632 895 5759 5911 6411
512 5632 639 5759 6854 7354
3072 5120 3199 5247 5771 6271
384 4096 511 4223 6550 7050
3712 4480 3839 4607 3733 4233
2176 3968 2303 4095 4012 4512
2944 1280 3071 1407 4935 5435
2816 896 2943 1023 7088 7588
768 4608 895 4735 4263 4763
1536 3200 1663 3327 5892 6392
3456 1792 3583 1919 6953 7453
896 128 1023 255 6090 6590
640 4736 767 4863 4367 4867
2944 5248 3071 5375 6012 6512
1024 3840 1151 3967 4932 5432
1792 2560 1919 2687 8393 8893
2176 2432 2303 2559 5643 6143
3200 2560 3327 2687 4901 5401
2432 4352 2559 4479 5861 6361
640 128 767 255 7152 7652
2944 1920 3071 2047 4892 5392
1152 4608 1279 4735 6132 6632
2304 4224 2431 4351 7889 8389
256 3712 383 3839 7117 7617
896 4352 1023 4479 6484 6984
0 640 127 767 5964 6464
640 4608 767 4735 6329 6829
3840 2688 3967 2815 7832 8332
1152 1408 1279 1535 5212 5712
1280 2432 1407 2559 5231 5731
3200 2176 3327 2303 8353 8853
3712 384 3839 511 5165 5665
2688 1920 2815 2047 6127 6627
2304 1920 2431 2047 5484 5984
2944 5376 3071 5503 5757 6257
2432 1024 2559 1151 3902 4402
2688 3712 2815 3839 3539 4039
640 5120 767 5247 7321 7821
1920 4352 2047 4479 7620 8120
2176 2304 2303 2431 7113 7613
1920 128 2047 255 7256 7756
2304 2816 2431 2943 5933 6433
128 4608 255 4735 4563 5063
1152 2304 1279 2431 8252 8752
3072 4096 3199 4223 5988 6488
3072 5248 3199 5375 3537 4037
512 5504 639 5631 8005 8505
384 2944 511 3071 8260 8760
640 3584 767 3711 7749 8249
3712 4224 3839 4351 5226 5726
1408 4864 1535 4991 6772 7272
2816 2816 2943 2943 4002 4502
3200 5120 3327 5247 7987 8487
3712 1536 3839 1663 6021 6521
2944 896 3071 1023 5161 5661
1280 1280 1407 1407 5832 6332
1152 3968 1279 4095 6028 6528
2688 2048 2815 2175 8120 8620
2944 3456 3071 3583 7706 8206
256 3200 383 3327 5282 5782
3840 128 3967 255 7393 7893
2176 3328 2303 3455 4832 5332
2432 3584 2559 3711 7076 7576
1024 896 1151 1023 4880 5380
1024 4864 1151 4991 4358 4858
0 4736 127 4863 6875 7375
2304 1408 2431 1535 8093 8593
256 5120 383 5247 4526 5026
1792 768 1919 895 8238 8738
2304 3968 2431 4095 7073 7573
3584 5376 3711 5503 8268 8768
1280 4864 1407 4991 6854 7354
2304 384 2431 511 7049 7549
1280 640 1407 767 6873 7373
3072 3968 3199 4095 6466 6966
128 4352 255 4479 4397 4897
3328 4864 3455 4991 4453 4953
3712 512 3839 639 5832 6332
1280 0 1407 127 4017 4517
3456 4736 3583 4863 3562 4062
1792 3712 1919 3839 5100 5600
1664 3968 1791 4095 4831 5331
768 4864 895 4991 6875 7375
128 3840 255 3967 4448 4948
256 4352 383 4479 4895 5395
512 768 639 895 3397 3897
3712 2944 3839 3071 4322 4822
768 1792 895 1919 7552 8052
1152 640 1279 767 5559 6059
3200 4992 3327 5119 6070 6570
384 1024 511 1151 4194 4694
2304 2560 2431 2687 4312 4812
1152 5632 1279 5759 7531 8031
3072 2944 3199 3071 5312 5812
1536 2816 1663 2943 5821 6321
3712 1792 3839 1919 8518 9018
3072 4992 3199 5119 6229 6729
1536 1024 1663 1151 5274 5774
256 384 383 511 7087 7587
1536 4096 1663 4223 5827 6327
512 4864 639 4991 6390 6890
1792 5632 1919 5759 4128 4628
896 512 1023 639 4042 4542
1024 5120 1151 5247 4799 5299
3840 2560 3967 2687 5044 5544
640 5632 767 5759 7137 7637
256 1280 383 1407 5825 6325
3328 4224 3455 4351 3539 4039
3328 3584 3455 3711 7011 7511
1664 2432 1791 2559 3884 4384
2048 1024 2175 1151 6412 6912
2560 5632 2687 5759 3472 3972
384 3968 511 4095 5344 5844
3456 5632 3583 5759 4648 5148
3840 1280 3967 1407 7231 7731
256 3584 383 3711 4281 4781
1280 256 1407 383 7356 7856
3200 1408 3327 1535 8182 8682
1024 1792 1151 1919 8462 8962
2304 3328 2431 3455 6957 7457
1280 3200 1407 3327 5612 6112
256 1152 383 1279 6698 7198
0 128 127 255 7898 8398
3840 1664 3967 1791 7185 7685
384 4480 511 4607 6052 6552
1024 512 1151 639 7761 8261
2944 1408 3071 1535 7063 7563
2432 1920 2559 2047 3641 4141
640 1152 767 1279 7077 7577
2816 5632 2943 5759 8192 8692
3456 4096 3583 4223 6098 6598
3328 4992 3455 5119 4827 5327
1536 1152 1663 1279 3681 4181
1536 2048 1663 2175 4182 4682
3200 1920 3327 2047 3668 4168
0 384 127 511 5354 5854
1792 5504 1919 5631 7948 8448
1152 5248 1279 5375 6122 6622
0 1792 127 1919 5522 6022
2688 5376 2815 5503 6320 6820
2944 4992 3071 5119 4048 4548
2304 256 2431 383 8563 9063
768 3200 895 3327 3834 4334
2688 2432 2815 2559 6022 6522
1664 1280 1791 1407 7253 7753
640 0 767 127 7694 8194
3200 4608 3327 4735 4345 4845
3456 2688 3583 2815 3382 3882
3456 4224 3583 4351 7236 7736
2560 1792 2687 1919 4168 4668
2432 5504 2559 5631 6968 7468
2560 4352 2687 4479 6890 7390
512 2176 639 2303 4908 5408
3072 4736 3199 4863 6226 6726
3072 5376 3199 5503 5435 5935
1280 4736 1407 4863 5003 5503
3072 2432 3199 2559 8029 8529
1024 0 1151 127 6540 7040
3840 512 3967 639 5273 5773
1664 5120 1791 5247 6467 6967
0 3968 127 4095 6093 6593
1408 1664 1535 1791 5413 5913
3328 2048 3455 2175 7923 8423
256 4224 383 4351 3816 4316
2176 2688 2303 2815 6224 6724
2432 768 2559 895 8221 8721
2816 2176 2943 2303 5799 6299
2048 4480 2175 4607 8215 8715
1280 768 1407 895 8385 8885
1664 2816 1791 2943 5363 5863
3584 128 3711 255 8577 9077
1536 896 1663 1023 3794 4294
1152 2048 1279 2175 5286 5786
640 256 767 383 3771 4271
0 896 127 1023 3858 4358
2176 384 2303 511 6582 7082
768 4096 895 4223 8094 8594
1920 1792 2047 1919 4832 5332
2048 256 2175 383 4006 4506
2048 4864 2175 4991 4103 4603
2816 2944 2943 3071 8311 8811
1408 5632 1535 5759 7604 8104
3072 1920 3199 2047 7622 8122
1536 4736 1663 4863 4580 5080
3456 256 3583 383 7872 8372
3584 3072 3711 3199 7099 7599
1920 1664 2047 1791 3625 4125
2688 4096 2815 4223 7262 7762
1152 4352 1279 4479 4999 5499
384 4224 511 4351 5527 6027
2304 4480 2431 4607 5089 5589
2560 3072 2687 3199 5134 5634
1408 1920 1535 2047 4983 5483
896 1792 1023 1919 7054 7554
256 3328 383 3455 5579 6079
1664 1920 1791 2047 5249 5749
1536 640 1663 767 6635 7135
3328 3328 3455 3455 5420 5920
640 1280 767 1407 4824 5324
256 3840 383 3967 3794 4294
1536 1280 1663 1407 7412 7912
3328 2688 3455 2815 4761 5261
3072 3200 3199 3327 4217 4717
3328 1792 3455 1919 6741 7241
512 5248 639 5375 5161 5661
2816 0 2943 127 7386 7886
1792 1408 1919 1535 7365 7865
2432 4096 2559 4223 7297 7797
256 2816 383 2943 6260 6760
2304 1792 2431 1919 8000 8500
1792 0 1919 127 8029 8529
512 2048 639 2175 5932 6432
512 3200 639 3327 6964 7464
1408 4096 1535 4223 7011 7511
3072 2816 3199 2943 4554 5054
640 768 767 895 3610 4110
2944 1664 3071 1791 8152 8652
512 2560 639 2687 4808 5308
0 1024 127 1151 7501 8001
1280 4480 1407 4607 7194 7694
1152 4096 1279 4223 4377 4877
1920 2304 2047 2431 6632 7132
2048 3968 2175 4095 3688 4188
1536 3840 1663 3967 3402 3902
1920 1408 2047 1535 5046 5546
3584 512 3711 639 8579 9079
2688 3584 2815 3711 5281 5781
3072 2304 3199 2431 5724 6224
3584 1792 3711 1919 8041 8541
128 2176 255 2303 4147 4647
768 896 895 1023 6147 6647
3072 1536 3199 1663 6814 7314
3072 3456 3199 3583 5538 6038
640 1920 767 2047 4406 4906
3840 1792 3967 1919 7597 8097
256 4096 383 4223 4741 5241
2304 1280 2431 1407 8421 8921
3456 640 3583 767 6322 6822
2944 4736 3071 4863 6081 6581
3200 128 3327 255 6041 6541
3072 4480 3199 4607 8364 8864
2560 3584 2687 3711 5470 5970
2944 3328 3071 3455 6015 6515
2560 1664 2687 1791 6689 7189
3072 640 3199 767 6524 7024
128 5376 255 5503 7198 7698
3456 1280 3583 1407 4341 4841
384 2432 511 2559 6036 6536
128 5504 255 5631 6048 6548
1408 4224 1535 4351 8471 8971
2176 3584 2303 3711 4590 5090
384 3584 511 3711 4468 4968
3328 1024 3455 1151 6463 6963
1280 3328 1407 3455 7590 8090
1792 1920 1919 2047 4499 4999
3200 3200 3327 3327 8138 8638
1024 256 1151 383 4942 5442
3328 3456 3455 3583 6409 6909
256 2688 383 2815 5222 5722
256 1024 383 1151 4343 4843
1536 3328 1663 3455 7186 7686
2944 128 3071 255 5411 5911
384 4736 511 4863 7786 8286
0 4608 127 4735 6766 7266
256 2432 383 2559 6446 6946
384 4992 511 5119 4156 4656
1664 3712 1791 3839 5549 6049
768 3456 895 3583 3640 4140
1152 3328 1279 3455 4520 5020
2176 2560 2303 2687 8259 8759
2048 1280 2175 1407 3724 4224
2560 1920 2687 2047 4245 4745
640 2304 767 2431 7772 8272
1408 3968 1535 4095 6368 6868
2944 3712 3071 3839 4976 5476
2816 2432 2943 2559 5656 6156
3072 2560 3199 2687 7609 8109
1152 2688 1279 2815 5946 6446
2432 4992 2559 5119 5734 6234
3712 2688 3839 2815 7699 8199
1920 384 2047 511 5777 6277
1152 5376 1279 5503 6954 7454
1920 5504 2047 5631 3527 4027
256 4480 383 4607 6282 6782
1536 768 1663 895 8586 9086
3712 2432 3839 2559 4656 5156
3840 3840 3967 3967 8462 8962
3840 640 3967 767 4888 5388
1920 2560 2047 2687 5107 5607
1152 4992 1279 5119 5045 5545
1152 4864 1279 4991 5860 6360
3072 768 3199 895 6335 6835
3456 768 3583 895 4498 4998
2304 3584 2431 3711 7689 8189
2944 5504 3071 5631 4461 4961
1792 5120 1919 5247 7574 8074
3072 4352 3199 4479 8474 8974
384 1280 511 1407 4053 4553
512 4224 639 4351 7843 8343
3712 128 3839 255 7037 7537
896 2816 1023 2943 3672 4172
2816 3456 2943 3583 8196 8696
3200 4224 3327 4351 7911 8411
2688 4608 2815 4735 5486 5986
1152 128 1279 255 8607 9107
640 1024 767 1151 4247 4747
1152 4480 1279 4607 7771 8271
1024 1408 1151 1535 4989 5489
512 1408 639 1535 6822 7322
2688 3968 2815 4095 4866 5366
2048 5248 2175 5375 4048 4548
3200 5632 3327 5759 6641 7141
384 640 511 767 5862 6362
256 896 383 1023 4205 4705
2048 1792 2175 1919 4283 4783
0 4992 127 5119 8490 8990
2944 2944 3071 3071 8172 8672
2176 4992 2303 5119 4105 4605
3584 2944 3711 3071 4738 5238
256 5376 383 5503 4639 5139
1920 3200 2047 3327 8461 8961
2432 3328 2559 3455 4640 5140
3712 2304 3839 2431 7604 8104
2944 2432 3071 2559 4320 4820
2560 5504 2687 5631 3689 4189
896 5504 1023 5631 6107 6607
0 4096 127 4223 5936 6436
1920 2176 2047 2303 6206 6706
3840 2944 3967 3071 6789 7289
128 896 255 1023 5139 5639
3584 384 3711 511 7285 7785
896 5120 1023 5247 4504 5004
1920 4736 2047 4863 7378 7878
2304 2688 2431 2815 6556 7056
384 5632 511 5759 6619 7119
640 640 767 767 4758 5258
1536 5376 1663 5503 4845 5345
2176 256 2303 383 8433 8933
2560 2560 2687 2687 6376 6876
768 1408 895 1535 8296 8796
2816 3712 2943 3839 7341 7841
1792 2304 1919 2431 4466 4966
2432 1792 2559 1919 3710 4210
640 2560 767 2687 7245 7745
384 256 511 383 5300 5800
2432 0 2559 127 4622 5122
768 2048 895 2175 7095 7595
1024 1920 1151 2047 4832 5332
2176 5248 2303 5375 8038 8538
896 3328 1023 3455 8462 8962
3200 4736 3327 4863 3514 4014
1280 2048 1407 2175 5273 5773
2688 2304 2815 2431 7144 7644
2944 2560 3071 2687 5160 5660
1024 2944 1151 3071 6222 6722
3456 4864 3583 4991 4876 5376
2944 0 3071 127 7896 8396
3584 4608 3711 4735 3518 4018
1920 4864 2047 4991 5124 5624
3328 5632 3455 5759 3459 3959
3456 2048 3583 2175 7968 8468
1408 5504 1535 5631 3769 4269
512 3456 639 3583 4592 5092
1408 3456 1535 3583 4119 4619
3840 4480 3967 4607 6954 7454
512 5120 639 5247 5253 5753
1920 512 2047 639 8188 8688
1024 768 1151 895 8428 8928
768 4352 895 4479 7728 8228
1408 384 1535 511 5924 6424
2176 896 2303 1023 5497 5997
2304 4864 2431 4991 6429 6929
2304 3072 2431 3199 7020 7520
0 0 127 127 5836 6336
896 2176 1023 2303 5034 5534
2816 5120 2943 5247 6362 6862
640 5376 767 5503 4500 5000
1024 1664 1151 1791 6171 6671
1152 0 1279 127 5237 5737
3840 4096 3967 4223 6580 7080
640 4352 767 4479 3406 3906
3328 512 3455 639 8062 8562
0 3584 127 3711 8482 8982
896 1664 1023 1791 7180 7680
384 2048 511 2175 4582 5082
512 512 639 639 3477 3977
1280 3712 1407 3839 3416 3916
1920 3072 2047 3199 3838 4338
2944 640 3071 767 6306 6806
0 2688 127 2815 5169 5669
1152 512 1279 639 3926 4426
1024 1536 1151 1663 5635 6135
3584 2048 3711 2175 5567 6067
1152 3072 1279 3199 7829 8329
1792 4224 1919 4351 3796 4296
3200 5376 3327 5503 6563 7063
1664 2560 1791 2687 7125 7625
3712 256 3839 383 8614 9114
1408 4608 1535 4735 3764 4264
3712 5248 3839 5375 6213 6713
1152 4736 1279 4863 8580 9080
2304 3456 2431 3583 5890 6390
1408 640 1535 767 6685 7185
2944 768 3071 895 4373 4873
0 3072 127 3199 5768 6268
2944 4352 3071 4479 5761 6261
2048 1408 2175 1535 7365 7865
1024 3328 1151 3455 6897 7397
256 1536 383 1663 8562 9062
2688 1024 2815 1151 6644 7144
1792 3456 1919 3583 4837 5337
384 1792 511 1919 6010 6510
2048 1920 2175 2047 6066 6566
1152 2816 1279 2943 7362 7862
1152 1536 1279 1663 4550 5050
3072 1152 3199 1279 7277 7777
2816 4480 2943 4607 7468 7968
0 1280 127 1407 7277 7777
3840 2432 3967 2559 5157 5657
2176 4096 2303 4223 5135 5635
3456 1664 3583 1791 6488 6988
128 1024 255 1151 8395 8895
640 384 767 511 4812 5312
1280 512 1407 639 6097 6597
3200 2816 3327 2943 7584 8084
3200 3072 3327 3199 7919 8419
2048 1664 2175 1791 4020 4520
896 4480 1023 4607 3482 3982
2560 2048 2687 2175 7893 8393
3200 2304 3327 2431 4413 4913
2304 4608 2431 4735 3738 4238
896 3200 1023 3327 5247 5747
1792 896 1919 1023 4345 4845
2176 4864 2303 4991 4465 4965
0 2944 127 3071 6249 6749
2176 768 2303 895 6742 7242
1152 3584 1279 3711 6855 7355
1920 0 2047 127 7656 8156
2944 4608 3071 4735 7681 8181
1920 5632 2047 5759 4190 4690
2816 2048 2943 2175 5660 6160
1408 1024 1535 1151 3879 4379
1792 512 1919 639 6830 7330
384 128 511 255 5768 6268
1792 2176 1919 2303 5283 5783
1664 4224 1791 4351 5422 5922
256 512 383 639 4405 4905
384 1920 511 2047 4111 4611
3200 3840 3327 3967 4060 4560
1664 4480 1791 4607 3605 4105
1664 4096 1791 4223 8557 9057
1536 2944 1663 3071 4590 5090
3072 2176 3199 2303 8629 9129
3840 3072 3967 3199 7411 7911
2304 2944 2431 3071 7317 7817
3840 3584 3967 3711 4986 5486
3840 0 3967 127 6691 7191
512 4992 639 5119 5379 5879
1664 2048 1791 2175 5098 5598
2304 1664 2431 1791 8626 9126
3584 1664 3711 1791 3835 4335
3200 4864 3327 4991 5465 5965
1792 640 1919 767 5233 5733
3584 4480 3711 4607 4809 5309
2560 256 2687 383 6559 7059
896 3456 1023 3583 5525 6025
2816 5248 2943 5375 5594 6094
1536 4480 1663 4607 7456 7956
3328 1408 3455 1535 4541 5041
384 5120 511 5247 4635 5135
3200 5504 3327 5631 8276 8776
3072 512 3199 639 4244 4744
256 1792 383 1919 7825 8325
2176 1536 2303 1663 3879 4379
3712 2048 3839 2175 4054 4554
1280 5504 1407 5631 4468 4968
2048 4224 2175 4351 8612 9112
2304 1152 2431 1279 7771 8271
1664 768 1791 895 7891 8391
0 768 127 895 4032 4532
2816 1792 2943 1919 8005 8505
768 2432 895 2559 7808 8308
2560 896 2687 1023 7934 8434
2816 3328 2943 3455 7994 8494
512 3968 639 4095 6580 7080
2048 5504 2175 5631 6611 7111
3712 4736 3839 4863 4340 4840
896 1408 1023 1535 7313 7813
2176 2816 2303 2943 6032 6532
2176 1152 2303 1279 6067 6567
128 1152 255 1279 7299 7799
128 4992 255 5119 6496 6996
1024 4992 1151 5119 5574 6074
768 1664 895 1791 6575 7075
1024 5632 1151 5759 5348 5848
2816 768 2943 895 6175 6675
384 1536 511 1663 3460 3960
1664 3328 1791 3455 7571 8071
2176 4480 2303 4607 4992 5492
1664 5376 1791 5503 7312 7812
2816 1280 2943 1407 6248 6748
2688 640 2815 767 7310 7810
1920 1920 2047 2047 5598 6098
1024 1024 1151 1151 5434 5934
0 3328 127 3455 5231 5731
2688 3840 2815 3967 6282 6782
2048 3328 2175 3455 3944 4444
640 4096 767 4223 5203 5703
1536 5632 1663 5759 5413 5913
2816 1024 2943 1151 8464 8964
2432 1536 2559 1663 8547 9047
128 5632 255 5759 4778 5278
2560 4096 2687 4223 7633 8133
2688 1536 2815 1663 7841 8341
640 5504 767 5631 4132 4632
3328 256 3455 383 8255 8755
1408 3200 1535 3327 8494 8994
2688 3072 2815 3199 7783 8283
3840 1024 3967 1151 6928 7428
512 384 639 511 5886 6386
256 2944 383 3071 5211 5711
256 1408 383 1535 8269 8769
0 1536 127 1663 3743 4243
2944 4224 3071 4351 4827 5327
1792 3072 1919 3199 6204 6704
1536 3712 1663 3839 8402 8902
3456 1920 3583 2047 7632 8132
1280 3840 1407 3967 3706 4206
3712 5376 3839 5503 4746 5246
0 5248 127 5375 6666 7166
3712 1920 3839 2047 7648 8148
1280 2176 1407 2303 7623 8123
1792 384 1919 511 5336 5836
384 5504 511 5631 7288 7788
640 4480 767 4607 7099 7599
2816 4864 2943 4991 4609 5109
384 384 511 511 4930 5430
1280 3968 1407 4095 7673 8173
2048 2048 2175 2175 6441 6941
384 2688 511 2815 4385 4885
256 256 383 383 7497 7997
3840 5504 3967 5631 6348 6848
2944 1152 3071 1279 5792 6292
3328 1152 3455 1279 3903 4403
1664 5248 1791 5375 8231 8731
1408 2432 1535 2559 3966 4466
128 4096 255 4223 6200 6700
1280 1024 1407 1151 8085 8585
0 1664 127 1791 8379 8879
1152 1024 1279 1151 7170 7670
2176 5632 2303 5759 5332 5832
1536 3072 1663 3199 7632 8132
3584 3968 3711 4095 6800 7300
2304 5248 2431 5375 8386 8886
3200 256 3327 383 6501 7001
2688 896 2815 1023 4364 4864
1536 2432 1663 2559 5561 6061
1920 4096 2047 4223 5493 5993
3840 5120 3967 5247 4700 5200
256 4864 383 4991 6936 7436
1536 2560 1663 2687 6201 6701
1664 1792 1791 1919 6390 6890
3200 896 3327 1023 8601 9101
1792 5248 1919 5375 5579 6079
768 5504 895 5631 5038 5538
2432 2176 2559 2303 7061 7561
2304 768 2431 895 6817 7317
2816 2560 2943 2687 6598 7098
2048 384 2175 511 3507 4007
128 128 255 255 7301 7801
2944 2304 3071 2431 5025 5525
1024 5376 1151 5503 5046 5546
3712 2560 3839 2687 5009 5509
896 5376 1023 5503 7447 7947
2688 5248 2815 5375 8261 8761
1408 4352 1535 4479 7283 7783
1152 1664 1279 1791 5455 5955
0 3840 127 3967 5821 6321
1408 1152 1535 1279 6728 7228
1792 1792 1919 1919 7876 8376
2816 2304 2943 2431 4352 4852
896 1536 1023 1663 6102 6602
2816 4736 2943 4863 4281 4781
768 3968 895 4095 7781 8281
2560 3712 2687 3839 8530 9030
1152 5120 1279 5247 7412 7912
3328 2816 3455 2943 6187 6687
1408 3712 1535 3839 8133 8633
3840 3328 3967 3455 6947 7447
2304 4096 2431 4223 4929 5429
2560 3968 2687 4095 6429 6929
2560 1408 2687 1535 4509 5009
1664 2176 1791 2303 7948 8448
2432 3840 2559 3967 3804 4304
2816 640 2943 767 4130 4630
3456 2176 3583 2303 7029 7529
3712 3200 3839 3327 7494 7994
3456 4480 3583 4607 7577 8077
3200 3712 3327 3839 7669 8169
2432 4864 2559 4991 5043 5543
1024 4096 1151 4223 6238 6738
1408 512 1535 639 4054 4554
512 3328 639 3455 6718 7218
2688 1792 2815 1919 5289 5789
2944 2048 3071 2175 8130 8630
512 1920 639 2047 3752 4252
2304 5632 2431 5759 3932 4432
1792 3968 1919 4095 7628 8128
1152 2432 1279 2559 6203 6703
128 3456 255 3583 4703 5203
1408 3584 1535 3711 4277 4777
2560 0 2687 127 4597 5097
2304 1024 2431 1151 4847 5347
768 384 895 511 5188 5688
896 4608 1023 4735 6420 6920
1536 2304 1663 2431 7420 7920
1408 1280 1535 1407 6642 7142
1152 2560 1279 2687 3967 4467
3328 128 3455 255 6913 7413
2688 1280 2815 1407 4949 5449
384 2304 511 2431 8208 8708
2816 3072 2943 3199 4703 5203
384 3072 511 3199 3500 4000
2688 3200 2815 3327 7516 8016
2048 4736 2175 4863 7818 8318
1536 0 1663 127 4260 4760
3328 5376 3455 5503 5905 6405
256 4992 383 5119 6672 7172
128 2560 255 2687 5879 6379
384 896 511 1023 4934 5434
3328 2432 3455 2559 5757 6257
256 4736 383 4863 3477 3977
2432 5248 2559 5375 5618 6118
1792 2816 1919 2943 6517 7017
2304 2176 2431 2303 8077 8577
2048 2816 2175 2943 7790 8290
0 4864 127 4991 6899 7399
2560 4480 2687 4607 6052 6552
256 2304 383 2431 4191 4691
1920 4608 2047 4735 4462 4962
2816 4352 2943 4479 7384 7884
1536 4992 1663 5119 5098 5598
3200 3584 3327 3711 8370 8870
2944 1024 3071 1151 6273 6773
896 4992 1023 5119 4328 4828
3840 3712 3967 3839 6150 6650
2560 5248 2687 5375 5053 5553
2432 2432 2559 2559 7599 8099
2560 2304 2687 2431 4159 4659
256 5504 383 5631 8596 9096
3712 4352 3839 4479 6590 7090
2048 2688 2175 2815 3727 4227
1664 640 1791 767 7341 7841
1152 5504 1279 5631 4133 4633
2688 2816 2815 2943 5286 5786
1536 4352 1663 4479 6519 7019
2688 4736 2815 4863 7704 8204
3584 256 3711 383 5233 5733
2944 5632 3071 5759 7233 7733
384 1152 511 1279 4943 5443
2432 3968 2559 4095 4210 4710
2048 2432 2175 2559 7032 7532
2176 1408 2303 1535 7731 8231
0 512 127 639 6457 6957
1664 256 1791 383 4909 5409
2048 768 2175 895 4581 5081
0 3456 127 3583 8289 8789
1536 3456 1663 3583 8437 8937
2688 5120 2815 5247 7262 7762
384 4352 511 4479 6523 7023
1920 1024 2047 1151 6941 7441
1408 256 1535 383 3419 3919
1920 5248 2047 5375 8250 8750
384 2560 511 2687 6671 7171
3456 3328 3583 3455 6322 6822
1408 4480 1535 4607 3938 4438
384 5248 511 5375 6863 7363
1664 4864 1791 4991 8004 8504
3584 2176 3711 2303 5579 6079
1792 3584 1919 3711 7652 8152
2432 1280 2559 1407 5373 5873
3072 3840 3199 3967 3529 4029
1664 1664 1791 1791 5421 5921
1792 2944 1919 3071 6756 7256
3200 640 3327 767 4291 4791
2560 3200 2687 3327 7336 7836
1024 384 1151 511 7317 7817
3456 3072 3583 3199 6037 6537
3712 3840 3839 3967 3930 4430
1024 5248 1151 5375 8592 9092
128 2304 255 2431 7609 8109
3584 2688 3711 2815 7451 7951
1536 3584 1663 3711 6984 7484
2560 768 2687 895 4113 4613
2560 4224 2687 4351 7950 8450
3840 5376 3967 5503 8523 9023
2560 3328 2687 3455 5324 5824
2560 5120 2687 5247 7599 8099
2816 3584 2943 3711 8320 8820
3840 2176 3967 2303 6628 7128
3456 4992 3583 5119 8164 8664
1280 4352 1407 4479 6622 7122
640 1408 767 1535 6677 7177
2816 1664 2943 1791 7774 8274
3200 1792 3327 1919 7335 7835
256 2560 383 2687 4359 4859
3584 2432 3711 2559 5754 6254
768 2816 895 2943 5559 6059
1920 5120 2047 5247 6405 6905
512 256 639 383 5375 5875
2944 4480 3071 4607 7253 7753
3456 1536 3583 1663 5821 6321
2816 512 2943 639 5534 6034
768 4992 895 5119 4034 4534
2176 3840 2303 3967 3937 4437
2688 1152 2815 1279 3867 4367
3840 1408 3967 1535 5413 5913
128 640 255 767 7884 8384
3584 1920 3711 2047 6534 7034
3072 4224 3199 4351 3385 3885
1280 1152 1407 1279 5249 5749
896 768 1023 895 8185 8685
512 3712 639 3839 7465 7965
1664 3584 1791 3711 3594 4094
3328 3712 3455 3839 6341 6841
640 2432 767 2559 6775 7275
1920 896 2047 1023 3477 3977
3328 2304 3455 2431 5707 6207
3456 5120 3583 5247 8416 8916
0 4352 127 4479 5839 6339
3072 1280 3199 1407 3695 4195
3072 4864 3199 4991 7941 8441
3840 1920 3967 2047 3821 4321
896 5632 1023 5759 7001 7501
0 5376 127 5503 4488 4988
640 896 767 1023 5199 5699
2048 4608 2175 4735 5402 5902
1664 2944 1791 3071 4285 4785
896 1024 1023 1151 7387 7887
3584 4736 3711 4863 8437 8937
3200 512 3327 639 6289 6789
3456 128 3583 255 6000 6500
2432 5632 2559 5759 5618 6118
2048 896 2175 1023 5865 6365
3584 4224 3711 4351 4076 4576
1920 3840 2047 3967 3597 4097
2560 512 2687 639 3775 4275
3072 0 3199 127 3531 4031
1408 3072 1535 3199 5523 6023
2176 3712 2303 3839 4351 4851
3712 3072 3839 3199 3545 4045
3328 896 3455 1023 7402 7902
128 3712 255 3839 6578 7078
3200 2944 3327 3071 7639 8139
0 1408 127 1535 7625 8125
640 2688 767 2815 4279 4779
512 4608 639 4735 8456 8956
3840 2816 3967 2943 5144 5644
896 2304 1023 2431 4028 4528
896 0 1023 127 8233 8733
3712 2816 3839 2943 7612 8112
3584 3456 3711 3583 4353 4853
640 3712 767 3839 4947 5447
3200 1152 3327 1279 8063 8563
3456 512 3583 639 5396 5896
1024 640 1151 767 6064 6564
256 4608 383 4735 4622 5122
2176 1792 2303 1919 7428 7928
2432 1152 2559 1279 4391 4891
2944 4096 3071 4223 6051 6551
3328 4736 3455 4863 4638 5138
2432 2944 2559 3071 7310 7810
3712 1408 3839 1535 6093 6593
1536 3968 1663 4095 6885 7385
3456 2816 3583 2943 7217 7717
2560 5376 2687 5503 4211 4711
1024 2432 1151 2559 4524 5024
2560 4608 2687 4735 7621 8121
2944 2176 3071 2303 4372 4872
256 3456 383 3583 6677 7177
3328 4608 3455 4735 8601 9101
128 512 255 639 4546 5046
768 2560 895 2687 8121 8621
2432 512 2559 639 6540 7040
2304 640 2431 767 6228 6728
512 128 639 255 7106 7606
2432 3712 2559 3839 4861 5361
896 4864 1023 4991 3457 3957
3456 5248 3583 5375 3610 4110
3584 2560 3711 2687 5519 6019
512 1792 639 1919 8319 8819
1152 1280 1279 1407 7851 8351
3584 3200 3711 3327 3914 4414
1792 4608 1919 4735 7308 7808
1536 5248 1663 5375 4687 5187
1024 2560 1151 2687 5939 6439
3584 640 3711 767 7415 7915
1024 3072 1151 3199 8620 9120
128 4480 255 4607 4727 5227
3456 3456 3583 3583 8435 8935
2560 2688 2687 2815 3444 3944
0 1920 127 2047 3407 3907
2560 384 2687 511 4518 5018
3200 2432 3327 2559 6166 6666
2048 128 2175 255 6921 7421
896 640 1023 767 8365 8865
1664 5632 1791 5759 4420 4920
3712 4992 3839 5119 5488 5988
768 2944 895 3071 7346 7846
2432 384 2559 511 5421 5921
1664 5504 1791 5631 6207 6707
128 5248 255 5375 4721 5221
384 3840 511 3967 6596 7096
1408 4992 1535 5119 5688 6188
1024 3200 1151 3327 5303 5803
768 2176 895 2303 6866 7366
2048 3584 2175 3711 6836 7336
1920 2816 2047 2943 6793 7293
512 4096 639 4223 6953 7453
2176 1280 2303 1407 7075 7575
1024 2304 1151 2431 3672 4172
896 896 1023 1023 4045 4545
3712 0 3839 127 3699 4199
1408 5376 1535 5503 6897 7397
2048 4352 2175 4479 7983 8483
1536 4224 1663 4351 7698 8198
3200 2048 3327 2175 4197 4697
2688 4224 2815 4351 6758 7258
896 2432 1023 2559 5091 5591
768 2304 895 2431 8235 8735
2688 512 2815 639 6553 7053
3200 2688 3327 2815 7847 8347
2304 2304 2431 2431 8272 8772
3456 3840 3583 3967 7701 8201
2688 256 2815 383 8055 8555
2432 128 2559 255 3966 4466
768 5376 895 5503 4839 5339
3456 1408 3583 1535 3835 4335
896 2560 1023 2687 6083 6583
1024 4352 1151 4479 3545 4045
768 640 895 767 5885 6385
1792 3200 1919 3327 3650 4150
2688 4480 2815 4607 7577 8077
2304 3840 2431 3967 6524 7024
2560 2816 2687 2943 3380 3880
2176 1024 2303 1151 4240 4740
1024 4736 1151 4863 4750 5250
1664 896 1791 1023 6845 7345
768 3584 895 3711 7663 8163
1536 512 1663 639 8332 8832
512 4352 639 4479 7962 8462
1664 4736 1791 4863 5377 5877
1920 2432 2047 2559 6420 6920
384 5376 511 5503 8291 8791
1280 2944 1407 3071 3635 4135
1920 768 2047 895 5763 6263
3328 1536 3455 1663 4762 5262
2560 4992 2687 5119 7143 7643
2560 3456 2687 3583 3881 4381
3328 1664 3455 1791 3895 4395
1280 4992 1407 5119 6738 7238
3840 1152 3967 1279 4476 4976
2176 3072 2303 3199 8371 8871
896 2944 1023 3071 6370 6870
1536 4608 1663 4735 6219 6719
3712 1024 3839 1151 7787 8287
2944 3840 3071 3967 4379 4879
2816 1152 2943 1279 7687 8187
640 2048 767 2175 8251 8751
2560 3840 2687 3967 4504 5004
3072 3712 3199 3839 5275 5775
3840 4352 3967 4479 5497 5997
2816 256 2943 383 4784 5284
2176 128 2303 255 4212 4712
640 2816 767 2943 6063 6563
3840 5248 3967 5375 4793 5293
3840 256 3967 383 5082 5582
2048 5376 2175 5503 7442 7942
3584 2816 3711 2943 5681 6181
1280 2688 1407 2815 6787 7287
128 3584 255 3711 4548 5048
2816 1408 2943 1535 5003 5503
1920 3584 2047 3711 6206 6706
1152 256 1279 383 7597 8097
1024 4608 1151 4735 7336 7836
2048 1152 2175 1279 3883 4383
1408 2176 1535 2303 4720 5220
3584 3584 3711 3711 3458 3958
1920 1280 2047 1407 7655 8155
0 1152 127 1279 7912 8412
2176 3200 2303 3327 3983 4483
2432 2816 2559 2943 8436 8936
2816 5376 2943 5503 6430 6930
3072 384 3199 511 6396 6896
0 2176 127 2303 3579 4079
2176 5504 2303 5631 4010 4510
