1000
4964 1097 5364 1497 5045 9045
3579 3034 3979 3434 4304 8304
2966 372 3366 772 3799 7799
4158 2349 4558 2749 4483 8483
1932 3408 2332 3808 4314 8314
1543 744 1943 1144 3728 7728
3688 2579 4088 2979 3859 7859
1365 146 1765 546 3784 7784
1221 3175 1621 3575 5128 9128
4639 3487 5039 3887 5057 9057
4911 3099 5311 3499 3395 7395
5222 1657 5622 2057 4993 8993
2603 3268 3003 3668 4267 8267
2248 275 2648 675 5089 9089
2638 2251 3038 2651 4475 8475
1075 2434 1475 2834 3543 7543
35 1536 435 1936 3907 7907
4937 2041 5337 2441 5055 9055
5259 2924 5659 3324 4685 8685
4034 2254 4434 2654 3885 7885
4056 182 4456 582 4540 8540
5082 280 5482 680 5044 9044
2755 1313 3155 1713 4611 8611
3938 888 4338 1288 4204 8204
5391 1373 5791 1773 4720 8720
2913 3034 3313 3434 3668 7668
3799 2199 4199 2599 3794 7794
984 3103 1384 3503 3425 7425
3116 3381 3516 3781 4003 8003
4063 128 4463 528 3753 7753
2747 524 3147 924 4549 8549
4449 2065 4849 2465 4527 8527
1866 2095 2266 2495 3830 7830
842 3076 1242 3476 3863 7863
2657 1665 3057 2065 3971 7971
1240 2782 1640 3182 3515 7515
3889 1477 4289 1877 4620 8620
3097 2422 3497 2822 4238 8238
544 1581 944 1981 4551 8551
328 2128 728 2528 3964 7964
4212 3368 4612 3768 4956 8956
3660 1200 4060 1600 4013 8013
3896 880 4296 1280 3923 7923
4960 2077 5360 2477 4603 8603
1095 882 1495 1282 4421 8421
2945 129 3345 529 3503 7503
3896 1671 4296 2071 3791 7791
3667 3442 4067 3842 4239 8239
2071 283 2471 683 3970 7970
1489 229 1889 629 5091 9091
3391 3442 3791 3842 4765 8765
3831 811 4231 1211 4953 8953
2449 401 2849 801 4954 8954
2316 852 2716 1252 4052 8052
1929 1542 2329 1942 4059 8059
3801 3265 4201 3665 3764 7764
2843 1852 3243 2252 3463 7463
2853 2522 3253 2922 3581 7581
4815 3269 5215 3669 4172 8172
3843 1781 4243 2181 5076 9076
1435 1206 1835 1606 4117 8117
3218 559 3618 959 5033 9033
2759 1324 3159 1724 3674 7674
4803 1995 5203 2395 5014 9014
2187 2047 2587 2447 5030 9030
3011 2565 3411 2965 4509 8509
3074 1219 3474 1619 4387 8387
1138 997 1538 1397 4331 8331
5428 720 5828 1120 3440 7440
3358 3480 3758 3880 3684 7684
696 602 1096 1002 4075 8075
4219 2655 4619 3055 4429 8429
4141 1548 4541 1948 3621 7621
1796 3271 2196 3671 3970 7970
5022 2699 5422 3099 4337 8337
1154 2807 1554 3207 4792 8792
4336 3142 4736 3542 3700 7700
2139 3284 2539 3684 3437 7437
3673 1566 4073 1966 3893 7893
3005 1871 3405 2271 4086 8086
1624 1756 2024 2156 3966 7966
2922 1644 3322 2044 3951 7951
2725 1765 3125 2165 4832 8832
919 2520 1319 2920 3862 7862
5262 1160 5662 1560 3492 7492
1675 738 2075 1138 3619 7619
1962 2427 2362 2827 4637 8637
3527 2387 3927 2787 4869 8869
1217 1051 1617 1451 4713 8713
5290 176 5690 576 4969 8969
3266 964 3666 1364 4783 8783
2335 2529 2735 2929 4110 8110
5402 1830 5802 2230 4427 8427
2096 191 2496 591 4453 8453
2661 2629 3061 3029 4064 8064
3844 387 4244 787 4126 8126
651 1141 1051 1541 3823 7823
4477 419 4877 819 3567 7567
136 1309 536 1709 4319 8319
1376 348 1776 748 4378 8378
3551 2528 3951 2928 4244 8244
1916 3340 2316 3740 4622 8622
691 3347 1091 3747 4801 8801
4332 498 4732 898 4240 8240
3752 2592 4152 2992 4517 8517
3973 17 4373 417 4828 8828
3588 2782 3988 3182 3848 7848
4053 553 4453 953 4840 8840
2383 797 2783 1197 4334 8334
1936 2989 2336 3389 3642 7642
3470 1217 3870 1617 4644 8644
2852 1419 3252 1819 3421 7421
443 1059 843 1459 5068 9068
4722 1901 5122 2301 4157 8157
287 1355 687 1755 3740 7740
3282 0 3682 400 4916 8916
1937 666 2337 1066 3603 7603
3656 1598 4056 1998 4607 8607
1083 1581 1483 1981 4119 8119
877 3178 1277 3578 3668 7668
3202 2963 3602 3363 4852 8852
128 1319 528 1719 4754 8754
5187 2867 5587 3267 4114 8114
2018 144 2418 544 4174 8174
1035 542 1435 942 5039 9039
2338 1000 2738 1400 4051 8051
1452 1322 1852 1722 4525 8525
2220 1141 2620 1541 3564 7564
3365 2386 3765 2786 3923 7923
5336 674 5736 1074 4968 8968
1507 3556 1907 3956 4169 8169
553 665 953 1065 4959 8959
4707 1035 5107 1435 4448 8448
3778 229 4178 629 3878 7878
2413 2346 2813 2746 4307 8307
1486 2778 1886 3178 5112 9112
2408 3051 2808 3451 3420 7420
762 2346 1162 2746 5015 9015
3480 2727 3880 3127 3501 7501
4626 1390 5026 1790 4355 8355
1012 2833 1412 3233 5103 9103
1547 1071 1947 1471 3666 7666
1081 545 1481 945 4423 8423
2620 2893 3020 3293 3952 7952
318 144 718 544 4808 8808
2783 1434 3183 1834 4614 8614
2415 2583 2815 2983 4123 8123
3715 656 4115 1056 3755 7755
5212 852 5612 1252 3768 7768
5111 571 5511 971 4912 8912
4605 2990 5005 3390 4923 8923
1455 1779 1855 2179 4492 8492
1231 1860 1631 2260 4815 8815
3678 407 4078 807 3472 7472
249 3256 649 3656 3639 7639
297 148 697 548 3819 7819
3283 2303 3683 2703 3527 7527
2655 242 3055 642 5084 9084
3511 2308 3911 2708 4956 8956
1213 85 1613 485 3884 7884
1097 2958 1497 3358 3464 7464
4670 81 5070 481 4495 8495
4482 830 4882 1230 5027 9027
5239 548 5639 948 4556 8556
2717 1556 3117 1956 4380 8380
4770 3528 5170 3928 4645 8645
4881 2621 5281 3021 4531 8531
16 1305 416 1705 4087 8087
4697 1927 5097 2327 4168 8168
956 11 1356 411 4902 8902
1423 2060 1823 2460 4715 8715
1984 102 2384 502 4548 8548
1624 321 2024 721 3904 7904
1423 3262 1823 3662 4627 8627
1125 433 1525 833 3947 7947
4240 3364 4640 3764 5072 9072
2670 2104 3070 2504 3936 7936
4271 2838 4671 3238 5018 9018
1877 530 2277 930 4184 8184
1015 1145 1415 1545 4580 8580
1354 141 1754 541 3418 7418
2060 1439 2460 1839 4809 8809
4903 3216 5303 3616 4754 8754
232 130 632 530 4699 8699
5171 1301 5571 1701 4744 8744
1397 2783 1797 3183 4366 8366
2652 2633 3052 3033 4014 8014
1338 3155 1738 3555 4822 8822
425 408 825 808 4174 8174
3423 2394 3823 2794 3656 7656
665 3506 1065 3906 3780 7780
4130 3100 4530 3500 3848 7848
5044 1259 5444 1659 4985 8985
2447 2412 2847 2812 3540 7540
1579 1417 1979 1817 4424 8424
2594 3431 2994 3831 4129 8129
4508 2690 4908 3090 5096 9096
1633 3324 2033 3724 3967 7967
1991 1529 2391 1929 3416 7416
5152 742 5552 1142 5031 9031
4069 2483 4469 2883 3453 7453
2728 2193 3128 2593 3566 7566
3430 902 3830 1302 4778 8778
5234 2533 5634 2933 5061 9061
1246 1055 1646 1455 4880 8880
3788 502 4188 902 3835 7835
3654 2148 4054 2548 3812 7812
636 2986 1036 3386 3609 7609
4763 1671 5163 2071 4873 8873
1588 2335 1988 2735 5065 9065
3323 2522 3723 2922 3627 7627
127 1792 527 2192 4144 8144
2378 75 2778 475 3724 7724
4413 1516 4813 1916 3751 7751
1023 1133 1423 1533 3784 7784
5384 229 5784 629 4218 8218
322 1006 722 1406 4466 8466
4496 2497 4896 2897 3404 7404
3238 2745 3638 3145 5042 9042
2414 1578 2814 1978 4273 8273
5 1390 405 1790 4733 8733
2119 3597 2519 3997 3480 7480
2004 2006 2404 2406 3551 7551
2456 1477 2856 1877 4002 8002
3044 822 3444 1222 4210 8210
221 2967 621 3367 4250 8250
4586 542 4986 942 5069 9069
2075 2858 2475 3258 4852 8852
2011 925 2411 1325 4197 8197
1574 804 1974 1204 4127 8127
3038 1727 3438 2127 3555 7555
5031 484 5431 884 4520 8520
5155 2871 5555 3271 4469 8469
1400 3515 1800 3915 4020 8020
4441 1931 4841 2331 4861 8861
4958 2192 5358 2592 3383 7383
3860 2711 4260 3111 4379 8379
2238 2035 2638 2435 4938 8938
3608 1059 4008 1459 4322 8322
4412 1454 4812 1854 5011 9011
1114 3464 1514 3864 4556 8556
5040 318 5440 718 4797 8797
2872 1011 3272 1411 4925 8925
5308 3526 5708 3926 4501 8501
3316 669 3716 1069 3905 7905
481 1703 881 2103 3551 7551
2504 237 2904 637 4473 8473
1388 1807 1788 2207 4227 8227
4506 199 4906 599 3639 7639
1653 1178 2053 1578 3774 7774
684 1210 1084 1610 4558 8558
1603 3196 2003 3596 4791 8791
3968 2950 4368 3350 4584 8584
1464 2480 1864 2880 3512 7512
2304 3262 2704 3662 4766 8766
1212 1936 1612 2336 4857 8857
1289 3562 1689 3962 4664 8664
1680 898 2080 1298 5094 9094
1896 984 2296 1384 4882 8882
3948 2075 4348 2475 5040 9040
1407 1954 1807 2354 3579 7579
2752 1767 3152 2167 3430 7430
5009 490 5409 890 4951 8951
2452 411 2852 811 4725 8725
4800 1446 5200 1846 4378 8378
3051 415 3451 815 4610 8610
5039 2529 5439 2929 3664 7664
866 3299 1266 3699 4318 8318
3966 578 4366 978 4601 8601
4187 3209 4587 3609 4674 8674
817 2771 1217 3171 4407 8407
2972 1220 3372 1620 4195 8195
4812 3404 5212 3804 3695 7695
4082 112 4482 512 4462 8462
3213 1492 3613 1892 4088 8088
3273 1010 3673 1410 5062 9062
4743 369 5143 769 5006 9006
4688 1317 5088 1717 5022 9022
1616 1479 2016 1879 4196 8196
3228 1636 3628 2036 3776 7776
2858 293 3258 693 4164 8164
1190 2842 1590 3242 3987 7987
143 1096 543 1496 4667 8667
3684 96 4084 496 4855 8855
5275 231 5675 631 4507 8507
1779 1162 2179 1562 4413 8413
2726 2154 3126 2554 4104 8104
1088 1657 1488 2057 5060 9060
1423 2079 1823 2479 4490 8490
185 2315 585 2715 4881 8881
4201 2928 4601 3328 3575 7575
3996 1692 4396 2092 4318 8318
5201 373 5601 773 3819 7819
1943 3062 2343 3462 4448 8448
4992 298 5392 698 5001 9001
2826 2819 3226 3219 3923 7923
4252 237 4652 637 3433 7433
549 1704 949 2104 3823 7823
903 1806 1303 2206 4459 8459
1276 541 1676 941 4802 8802
2976 1118 3376 1518 4387 8387
4259 1197 4659 1597 3459 7459
2970 1419 3370 1819 4797 8797
3606 1586 4006 1986 5001 9001
2246 3321 2646 3721 4371 8371
4981 2424 5381 2824 3625 7625
4516 1996 4916 2396 3850 7850
2717 1825 3117 2225 3935 7935
4272 3230 4672 3630 3761 7761
3108 487 3508 887 5132 9132
2140 343 2540 743 3937 7937
4540 1001 4940 1401 3903 7903
617 1702 1017 2102 3690 7690
1711 3543 2111 3943 3991 7991
3187 927 3587 1327 3543 7543
5196 3380 5596 3780 3482 7482
4074 2771 4474 3171 4246 8246
5427 2764 5827 3164 3821 7821
4902 2925 5302 3325 3897 7897
4237 1733 4637 2133 4801 8801
739 1502 1139 1902 3715 7715
1487 979 1887 1379 3403 7403
5037 346 5437 746 4814 8814
581 3577 981 3977 5043 9043
631 840 1031 1240 4982 8982
4736 2656 5136 3056 3888 7888
2594 1622 2994 2022 3894 7894
3581 2504 3981 2904 4273 8273
244 1897 644 2297 4684 8684
4683 3115 5083 3515 3657 7657
1851 1009 2251 1409 3600 7600
2729 296 3129 696 4552 8552
3571 84 3971 484 4041 8041
4784 1792 5184 2192 3680 7680
4535 1313 4935 1713 4912 8912
5069 3478 5469 3878 3617 7617
800 1419 1200 1819 4567 8567
1371 2824 1771 3224 4515 8515
4373 1734 4773 2134 3421 7421
3195 3472 3595 3872 5027 9027
946 740 1346 1140 4996 8996
2644 2595 3044 2995 4080 8080
4825 1326 5225 1726 4393 8393
2665 2237 3065 2637 3883 7883
753 2597 1153 2997 3960 7960
2276 1824 2676 2224 4797 8797
1549 3298 1949 3698 4736 8736
83 499 483 899 4050 8050
3306 3392 3706 3792 3792 7792
111 2590 511 2990 4675 8675
5304 2846 5704 3246 3801 7801
3616 2061 4016 2461 5052 9052
1976 1214 2376 1614 4921 8921
2857 70 3257 470 4062 8062
3963 2206 4363 2606 4146 8146
3362 2770 3762 3170 4225 8225
3227 819 3627 1219 3838 7838
712 3084 1112 3484 3695 7695
2276 3359 2676 3759 4699 8699
5286 2960 5686 3360 4625 8625
3857 1400 4257 1800 3946 7946
2720 3291 3120 3691 3682 7682
4289 3236 4689 3636 4223 8223
4445 1320 4845 1720 4470 8470
5095 2355 5495 2755 4919 8919
207 452 607 852 3573 7573
3169 2690 3569 3090 4217 8217
3899 2707 4299 3107 3717 7717
3770 1815 4170 2215 4195 8195
2027 1750 2427 2150 3934 7934
4430 1802 4830 2202 4589 8589
3919 619 4319 1019 3456 7456
3455 1379 3855 1779 4783 8783
2105 2736 2505 3136 3494 7494
3166 306 3566 706 3639 7639
4511 1216 4911 1616 4038 8038
3292 88 3692 488 3557 7557
3621 1731 4021 2131 4540 8540
3334 3042 3734 3442 4918 8918
295 211 695 611 4321 8321
57 940 457 1340 5033 9033
5361 2383 5761 2783 3945 7945
3502 1489 3902 1889 4507 8507
2210 982 2610 1382 3942 7942
4344 2443 4744 2843 4708 8708
420 2967 820 3367 5022 9022
1806 1141 2206 1541 4758 8758
4039 1387 4439 1787 3781 7781
2076 3187 2476 3587 4974 8974
3949 608 4349 1008 3568 7568
4063 1721 4463 2121 4355 8355
834 724 1234 1124 3583 7583
2739 328 3139 728 5100 9100
3184 2259 3584 2659 3474 7474
3736 1563 4136 1963 4507 8507
4365 2686 4765 3086 3464 7464
2715 389 3115 789 5062 9062
1954 2473 2354 2873 4840 8840
856 1423 1256 1823 4123 8123
313 3585 713 3985 4713 8713
2667 1996 3067 2396 3635 7635
4030 1480 4430 1880 4063 8063
632 2655 1032 3055 3523 7523
1054 3300 1454 3700 4217 8217
4839 459 5239 859 3710 7710
4585 132 4985 532 4830 8830
4804 862 5204 1262 4894 8894
469 3319 869 3719 4087 8087
959 1451 1359 1851 4558 8558
4480 1901 4880 2301 4127 8127
132 3370 532 3770 4120 8120
2045 2618 2445 3018 3452 7452
4700 2026 5100 2426 3674 7674
3280 2504 3680 2904 5132 9132
309 2013 709 2413 3881 7881
3011 325 3411 725 4983 8983
923 2498 1323 2898 4783 8783
4170 1890 4570 2290 4668 8668
469 1980 869 2380 4257 8257
215 3283 615 3683 3384 7384
1915 2805 2315 3205 4015 8015
4508 2267 4908 2667 3784 7784
509 2395 909 2795 3693 7693
3854 1425 4254 1825 3889 7889
1404 1616 1804 2016 4476 8476
4900 931 5300 1331 4030 8030
135 2985 535 3385 3622 7622
393 3057 793 3457 3965 7965
2500 1528 2900 1928 4947 8947
1873 2843 2273 3243 3781 7781
1701 365 2101 765 3580 7580
1775 2129 2175 2529 3817 7817
3562 905 3962 1305 4394 8394
2569 856 2969 1256 4484 8484
2412 1683 2812 2083 4330 8330
2491 1753 2891 2153 4084 8084
2263 1198 2663 1598 3625 7625
1093 2391 1493 2791 4474 8474
4890 3540 5290 3940 4789 8789
3731 3423 4131 3823 4966 8966
2413 2431 2813 2831 4969 8969
3629 3355 4029 3755 4571 8571
1737 99 2137 499 4831 8831
3685 3403 4085 3803 3491 7491
2501 2877 2901 3277 4081 8081
3621 2043 4021 2443 4552 8552
4929 1226 5329 1626 3769 7769
1907 834 2307 1234 5101 9101
1605 1247 2005 1647 3559 7559
4491 264 4891 664 4547 8547
5339 1167 5739 1567 4540 8540
3503 2579 3903 2979 4183 8183
927 3168 1327 3568 3888 7888
684 3236 1084 3636 4955 8955
4380 609 4780 1009 3575 7575
5102 2013 5502 2413 4390 8390
5185 3269 5585 3669 3731 7731
5081 3180 5481 3580 4409 8409
4868 1203 5268 1603 3669 7669
1919 376 2319 776 4063 8063
987 3543 1387 3943 5025 9025
3772 265 4172 665 3413 7413
4046 803 4446 1203 4981 8981
2493 1532 2893 1932 3675 7675
1998 636 2398 1036 4146 8146
2410 380 2810 780 4003 8003
3342 1936 3742 2336 4750 8750
4495 2900 4895 3300 4081 8081
1835 2064 2235 2464 3891 7891
2815 2387 3215 2787 4993 8993
601 89 1001 489 4468 8468
167 1203 567 1603 4891 8891
2896 1301 3296 1701 3925 7925
4769 482 5169 882 4799 8799
1468 2151 1868 2551 5073 9073
1249 3491 1649 3891 3688 7688
1979 855 2379 1255 4574 8574
896 579 1296 979 3612 7612
5035 1988 5435 2388 4488 8488
308 2147 708 2547 4645 8645
1772 1321 2172 1721 3489 7489
1637 677 2037 1077 4937 8937
528 702 928 1102 4494 8494
2250 2475 2650 2875 4446 8446
2361 3539 2761 3939 3817 7817
4926 902 5326 1302 3603 7603
4481 1689 4881 2089 4032 8032
3648 1967 4048 2367 4672 8672
2068 2824 2468 3224 3815 7815
1730 3374 2130 3774 3715 7715
4869 973 5269 1373 4086 8086
1590 2184 1990 2584 4211 8211
3984 1580 4384 1980 3944 7944
2337 2055 2737 2455 4104 8104
2335 3050 2735 3450 4205 8205
222 3111 622 3511 4044 8044
4163 2617 4563 3017 4441 8441
3741 3506 4141 3906 5005 9005
3766 894 4166 1294 4679 8679
3195 1957 3595 2357 4961 8961
5158 370 5558 770 3934 7934
4816 1333 5216 1733 3675 7675
5214 357 5614 757 4724 8724
3808 253 4208 653 3495 7495
240 1503 640 1903 4765 8765
1106 567 1506 967 5118 9118
5406 3027 5806 3427 3892 7892
1359 1955 1759 2355 4246 8246
3623 1531 4023 1931 4466 8466
3787 2233 4187 2633 5065 9065
2159 2027 2559 2427 3779 7779
3390 2233 3790 2633 5055 9055
3676 3530 4076 3930 3570 7570
981 927 1381 1327 4172 8172
2996 500 3396 900 3420 7420
1201 97 1601 497 4508 8508
837 620 1237 1020 4316 8316
945 1668 1345 2068 4298 8298
2609 1025 3009 1425 3984 7984
2458 6 2858 406 4007 8007
2220 1404 2620 1804 4709 8709
1325 2593 1725 2993 4060 8060
4239 64 4639 464 3878 7878
1188 2600 1588 3000 3944 7944
2826 2963 3226 3363 4992 8992
3486 2114 3886 2514 4318 8318
827 1652 1227 2052 3575 7575
1574 2105 1974 2505 4622 8622
1464 1287 1864 1687 3975 7975
4579 1601 4979 2001 4711 8711
354 1403 754 1803 4695 8695
2265 2574 2665 2974 3887 7887
1370 1336 1770 1736 4172 8172
320 1065 720 1465 4531 8531
2923 504 3323 904 4901 8901
4294 2668 4694 3068 4303 8303
2660 921 3060 1321 3507 7507
864 3402 1264 3802 4012 8012
2830 2773 3230 3173 4923 8923
1612 567 2012 967 3986 7986
999 2617 1399 3017 4664 8664
586 147 986 547 3828 7828
3764 2013 4164 2413 4930 8930
764 3031 1164 3431 4820 8820
3449 3549 3849 3949 5090 9090
4248 465 4648 865 4208 8208
4049 2589 4449 2989 4101 8101
1125 1248 1525 1648 4924 8924
4740 3222 5140 3622 5044 9044
1182 2334 1582 2734 4096 8096
911 2190 1311 2590 4673 8673
1023 13 1423 413 4575 8575
2528 3507 2928 3907 3701 7701
1975 2514 2375 2914 4326 8326
3117 2654 3517 3054 4463 8463
775 3289 1175 3689 4943 8943
1314 2933 1714 3333 4153 8153
2998 1147 3398 1547 4857 8857
4523 37 4923 437 4769 8769
4790 889 5190 1289 3888 7888
3254 1122 3654 1522 5138 9138
2830 2141 3230 2541 4723 8723
3537 827 3937 1227 4928 8928
989 2117 1389 2517 3994 7994
3826 2895 4226 3295 4850 8850
4403 645 4803 1045 3906 7906
1575 1055 1975 1455 3677 7677
563 3536 963 3936 4485 8485
5111 106 5511 506 3435 7435
1726 2832 2126 3232 3847 7847
338 1477 738 1877 4755 8755
2263 168 2663 568 3914 7914
2329 2655 2729 3055 4342 8342
1739 146 2139 546 3456 7456
4133 785 4533 1185 3497 7497
2080 919 2480 1319 3623 7623
2705 1012 3105 1412 3882 7882
1738 1562 2138 1962 4024 8024
3498 1728 3898 2128 4022 8022
1528 2640 1928 3040 4569 8569
203 1521 603 1921 3832 7832
2998 2072 3398 2472 4091 8091
2931 2215 3331 2615 3804 7804
2532 3365 2932 3765 4278 8278
4090 834 4490 1234 3908 7908
4966 2969 5366 3369 3788 7788
810 1675 1210 2075 3720 7720
1255 1396 1655 1796 4674 8674
979 3278 1379 3678 3620 7620
1942 1668 2342 2068 4704 8704
3810 1054 4210 1454 4905 8905
1516 469 1916 869 4409 8409
3648 1473 4048 1873 4380 8380
5424 1872 5824 2272 4795 8795
2393 2622 2793 3022 3530 7530
1573 2088 1973 2488 4021 8021
4490 1846 4890 2246 5033 9033
1837 2950 2237 3350 5105 9105
5374 225 5774 625 3581 7581
3576 398 3976 798 4250 8250
3923 2701 4323 3101 4842 8842
1314 1409 1714 1809 3390 7390
890 290 1290 690 4765 8765
2101 3511 2501 3911 3842 7842
1562 1924 1962 2324 3453 7453
3405 3517 3805 3917 3724 7724
4269 3517 4669 3917 4117 8117
1734 845 2134 1245 3373 7373
101 2174 501 2574 3915 7915
2869 521 3269 921 4625 8625
998 3056 1398 3456 5119 9119
134 2587 534 2987 4882 8882
397 1188 797 1588 3842 7842
2154 493 2554 893 3410 7410
2813 2356 3213 2756 3516 7516
706 3430 1106 3830 4093 8093
3994 1573 4394 1973 4580 8580
5168 3573 5568 3973 4535 8535
2920 1531 3320 1931 3492 7492
1107 237 1507 637 3657 7657
4550 1359 4950 1759 4593 8593
735 2349 1135 2749 3507 7507
4939 1587 5339 1987 3997 7997
4487 2056 4887 2456 3720 7720
2242 3536 2642 3936 4893 8893
595 2028 995 2428 4324 8324
1436 2061 1836 2461 4432 8432
3497 2459 3897 2859 4320 8320
3491 1992 3891 2392 3952 7952
1350 883 1750 1283 3725 7725
3528 1042 3928 1442 4520 8520
3068 59 3468 459 4269 8269
1598 853 1998 1253 3969 7969
2571 1624 2971 2024 4225 8225
2964 771 3364 1171 3738 7738
1459 3238 1859 3638 4360 8360
1778 1740 2178 2140 3884 7884
5311 2814 5711 3214 4826 8826
3226 2193 3626 2593 4628 8628
1065 1471 1465 1871 3833 7833
1698 3260 2098 3660 3695 7695
997 2834 1397 3234 3591 7591
1660 2780 2060 3180 4843 8843
1520 2777 1920 3177 3782 7782
2732 645 3132 1045 4775 8775
2983 831 3383 1231 3639 7639
2979 3165 3379 3565 4821 8821
1275 3528 1675 3928 4038 8038
475 1892 875 2292 3618 7618
3500 1299 3900 1699 3496 7496
890 1985 1290 2385 4332 8332
2637 1710 3037 2110 4601 8601
1472 731 1872 1131 4441 8441
4896 2146 5296 2546 4663 8663
3952 2319 4352 2719 3849 7849
882 1185 1282 1585 4499 8499
4915 772 5315 1172 4820 8820
3413 2561 3813 2961 4290 8290
3066 299 3466 699 3860 7860
1924 2599 2324 2999 5087 9087
4215 1633 4615 2033 4789 8789
5149 1462 5549 1862 4302 8302
5230 637 5630 1037 4336 8336
930 1521 1330 1921 3908 7908
2826 2137 3226 2537 4059 8059
3313 1165 3713 1565 3387 7387
1289 1844 1689 2244 4650 8650
1095 221 1495 621 5010 9010
352 2713 752 3113 4155 8155
4849 708 5249 1108 3527 7527
5086 209 5486 609 4381 8381
2760 1455 3160 1855 3689 7689
4310 1589 4710 1989 4231 8231
3392 1300 3792 1700 4921 8921
1526 1275 1926 1675 4399 8399
1444 2159 1844 2559 5049 9049
3566 1181 3966 1581 4390 8390
304 927 704 1327 4061 8061
3501 1324 3901 1724 3751 7751
502 83 902 483 4684 8684
5373 593 5773 993 4425 8425
434 658 834 1058 3936 7936
4330 478 4730 878 4447 8447
5089 2294 5489 2694 4468 8468
5044 1050 5444 1450 3523 7523
5268 2085 5668 2485 3858 7858
1517 1473 1917 1873 5021 9021
1271 1496 1671 1896 4736 8736
2816 2626 3216 3026 4108 8108
3778 1560 4178 1960 4606 8606
3518 2408 3918 2808 3429 7429
3375 3202 3775 3602 3952 7952
3370 3313 3770 3713 4359 8359
3294 360 3694 760 4033 8033
4076 393 4476 793 4302 8302
3101 439 3501 839 4272 8272
1121 1663 1521 2063 4750 8750
4865 1728 5265 2128 4455 8455
4861 2946 5261 3346 4235 8235
4025 247 4425 647 3897 7897
4643 32 5043 432 3784 7784
1234 418 1634 818 3928 7928
4562 2860 4962 3260 4834 8834
51 1746 451 2146 4616 8616
2290 1396 2690 1796 4032 8032
4486 3086 4886 3486 4111 8111
2957 1772 3357 2172 4949 8949
1269 146 1669 546 3840 7840
5168 1226 5568 1626 3432 7432
4709 646 5109 1046 5081 9081
3274 3598 3674 3998 4795 8795
3671 1384 4071 1784 4605 8605
3458 352 3858 752 4286 8286
1838 401 2238 801 4123 8123
3901 2313 4301 2713 4424 8424
931 2958 1331 3358 3570 7570
4267 2909 4667 3309 4797 8797
1351 1550 1751 1950 4448 8448
2089 1886 2489 2286 3888 7888
978 3523 1378 3923 4042 8042
2110 1749 2510 2149 3397 7397
685 1063 1085 1463 3780 7780
2956 484 3356 884 3400 7400
4289 1816 4689 2216 4827 8827
2538 1237 2938 1637 4580 8580
2094 2741 2494 3141 3403 7403
301 3166 701 3566 5132 9132
1160 2084 1560 2484 4861 8861
1530 3316 1930 3716 4651 8651
3396 2024 3796 2424 3598 7598
2779 547 3179 947 3997 7997
1760 1937 2160 2337 4681 8681
1572 3592 1972 3992 4250 8250
4216 2680 4616 3080 4355 8355
1739 2459 2139 2859 3681 7681
4436 723 4836 1123 4658 8658
3347 2068 3747 2468 4488 8488
4309 484 4709 884 4936 8936
3150 3319 3550 3719 3724 7724
2475 3086 2875 3486 4639 8639
1238 1362 1638 1762 4875 8875
3342 1744 3742 2144 4274 8274
3825 505 4225 905 4070 8070
3897 2529 4297 2929 4387 8387
2518 3104 2918 3504 4396 8396
1026 2454 1426 2854 4171 8171
3230 1446 3630 1846 4890 8890
5078 2988 5478 3388 3650 7650
2795 2940 3195 3340 5068 9068
1035 3186 1435 3586 4353 8353
3652 1559 4052 1959 4923 8923
2191 3409 2591 3809 5036 9036
2461 2597 2861 2997 5101 9101
2294 1117 2694 1517 4357 8357
537 2295 937 2695 3468 7468
2292 166 2692 566 4434 8434
4527 1072 4927 1472 4916 8916
4665 396 5065 796 4905 8905
1619 2314 2019 2714 4913 8913
4923 2358 5323 2758 3661 7661
4529 3133 4929 3533 4914 8914
3215 424 3615 824 4968 8968
180 2441 580 2841 5135 9135
2751 2901 3151 3301 3732 7732
1385 2975 1785 3375 3514 7514
699 3031 1099 3431 3998 7998
2252 2282 2652 2682 3726 7726
1702 2215 2102 2615 4000 8000
481 3316 881 3716 4618 8618
1738 1119 2138 1519 4163 8163
2824 803 3224 1203 3904 7904
4977 1639 5377 2039 4554 8554
656 3279 1056 3679 3480 7480
4568 2628 4968 3028 4127 8127
4603 124 5003 524 3974 7974
401 381 801 781 4233 8233
4184 163 4584 563 3935 7935
5422 914 5822 1314 3621 7621
1505 3533 1905 3933 4735 8735
354 157 754 557 4459 8459
441 3264 841 3664 4753 8753
2856 3031 3256 3431 4608 8608
4348 3448 4748 3848 4900 8900
4816 2931 5216 3331 4612 8612
3991 2596 4391 2996 3939 7939
2410 2649 2810 3049 4747 8747
2365 1165 2765 1565 4749 8749
2942 727 3342 1127 4511 8511
1117 1730 1517 2130 3985 7985
3637 798 4037 1198 4715 8715
1979 1797 2379 2197 3452 7452
3550 2751 3950 3151 3695 7695
3248 1993 3648 2393 4483 8483
4129 1383 4529 1783 4831 8831
3505 2312 3905 2712 3520 7520
196 1482 596 1882 4231 8231
344 2505 744 2905 5030 9030
760 3481 1160 3881 4505 8505
3147 3025 3547 3425 5053 9053
2859 2361 3259 2761 4570 8570
4198 518 4598 918 3662 7662
1984 390 2384 790 4818 8818
1195 1526 1595 1926 3913 7913
2487 3 2887 403 3618 7618
5301 3559 5701 3959 4687 8687
482 1515 882 1915 4374 8374
4754 1456 5154 1856 3539 7539
3414 1452 3814 1852 4517 8517
4763 328 5163 728 4205 8205
1987 1617 2387 2017 3782 7782
3761 3385 4161 3785 4523 8523
5084 3205 5484 3605 5063 9063
3371 506 3771 906 4080 8080
408 248 808 648 4080 8080
3889 1761 4289 2161 4350 8350
1481 2529 1881 2929 4854 8854
3598 3112 3998 3512 3431 7431
2039 493 2439 893 4018 8018
2624 1091 3024 1491 3613 7613
713 2455 1113 2855 3623 7623
3138 271 3538 671 3808 7808
679 1448 1079 1848 5042 9042
2644 3045 3044 3445 3506 7506
3962 1946 4362 2346 4641 8641
757 462 1157 862 4602 8602
4855 2997 5255 3397 3724 7724
128 1740 528 2140 3845 7845
681 2799 1081 3199 4670 8670
4396 2452 4796 2852 4958 8958
3854 1633 4254 2033 4437 8437
4477 2704 4877 3104 4492 8492
5021 2582 5421 2982 3646 7646
2345 1075 2745 1475 3533 7533
2770 1802 3170 2202 3717 7717
3658 2675 4058 3075 3655 7655
4869 50 5269 450 4663 8663
1445 2064 1845 2464 4393 8393
1017 1461 1417 1861 4783 8783
1558 1203 1958 1603 3440 7440
2391 3130 2791 3530 4924 8924
377 3166 777 3566 5130 9130
1840 1677 2240 2077 4421 8421
982 2797 1382 3197 3697 7697
1490 1340 1890 1740 4645 8645
893 3248 1293 3648 3460 7460
3397 2497 3797 2897 4845 8845
5040 2199 5440 2599 4186 8186
3981 1284 4381 1684 5081 9081
2574 246 2974 646 3661 7661
565 1685 965 2085 3893 7893
1546 2947 1946 3347 4261 8261
650 2210 1050 2610 3433 7433
1120 2434 1520 2834 4849 8849
3352 1552 3752 1952 3524 7524
112 929 512 1329 4267 8267
791 1028 1191 1428 3792 7792
4803 1245 5203 1645 3617 7617
1394 1228 1794 1628 4218 8218
2127 1687 2527 2087 4145 8145
832 1471 1232 1871 3405 7405
1047 124 1447 524 3855 7855
4688 2441 5088 2841 5033 9033
3329 3221 3729 3621 3676 7676
4758 3540 5158 3940 4463 8463
862 3108 1262 3508 4202 8202
3619 1001 4019 1401 4947 8947
1575 868 1975 1268 4638 8638
1617 593 2017 993 4299 8299
2199 125 2599 525 4551 8551
4878 2179 5278 2579 4484 8484
1165 592 1565 992 4069 8069
2319 2130 2719 2530 5067 9067
5055 2778 5455 3178 4010 8010
2035 3243 2435 3643 4160 8160
507 2774 907 3174 4043 8043
1048 3109 1448 3509 4726 8726
4807 1054 5207 1454 4146 8146
3066 317 3466 717 5074 9074
2683 674 3083 1074 4703 8703
477 1790 877 2190 4301 8301
206 1748 606 2148 3601 7601
539 1406 939 1806 5074 9074
5004 882 5404 1282 4454 8454
1275 1100 1675 1500 3406 7406
3587 941 3987 1341 3854 7854
1170 1334 1570 1734 4923 8923
573 3308 973 3708 4476 8476
1157 905 1557 1305 3736 7736
4317 2556 4717 2956 4528 8528
4176 655 4576 1055 5068 9068
1567 274 1967 674 3620 7620
2978 958 3378 1358 3415 7415
5093 1546 5493 1946 3556 7556
2923 1659 3323 2059 4348 8348
4103 2165 4503 2565 4324 8324
4054 1061 4454 1461 4314 8314
955 2950 1355 3350 4127 8127
4700 2427 5100 2827 4425 8425
584 666 984 1066 3390 7390
4565 2904 4965 3304 4949 8949
2321 516 2721 916 4117 8117
773 2808 1173 3208 4339 8339
4805 3196 5205 3596 3774 7774
584 2369 984 2769 4830 8830
1344 2989 1744 3389 4945 8945
1836 1210 2236 1610 4791 8791
3422 3160 3822 3560 4142 8142
28 2693 428 3093 3585 7585
476 125 876 525 3430 7430
1693 3333 2093 3733 4820 8820
1908 2723 2308 3123 4545 8545
1327 43 1727 443 4417 8417
491 3321 891 3721 3765 7765
4717 1126 5117 1526 3485 7485
4400 3269 4800 3669 3801 7801
3125 1400 3525 1800 4216 8216
4942 1964 5342 2364 3724 7724
2420 2577 2820 2977 3430 7430
2156 2634 2556 3034 3698 7698
3026 2600 3426 3000 5082 9082
1204 3130 1604 3530 4763 8763
3697 898 4097 1298 4759 8759
39 3482 439 3882 3532 7532
449 1625 849 2025 3829 7829
2725 588 3125 988 4066 8066
2966 445 3366 845 3427 7427
2347 2256 2747 2656 3835 7835
5018 3281 5418 3681 4275 8275
1919 255 2319 655 4034 8034
1953 1628 2353 2028 4107 8107
1681 429 2081 829 4492 8492
861 776 1261 1176 4955 8955
2830 1876 3230 2276 4884 8884
1825 1233 2225 1633 3704 7704
3872 1218 4272 1618 4831 8831
4874 1218 5274 1618 3740 7740
1227 1862 1627 2262 4413 8413
4672 2711 5072 3111 4270 8270
4354 764 4754 1164 3524 7524
3627 3350 4027 3750 4005 8005
1622 2416 2022 2816 4601 8601
2810 2778 3210 3178 4718 8718
3391 296 3791 696 3633 7633
1295 383 1695 783 3696 7696
1238 2074 1638 2474 5021 9021
2179 1436 2579 1836 3523 7523
4682 1381 5082 1781 4563 8563
2806 2362 3206 2762 3375 7375
1534 2775 1934 3175 5137 9137
460 1653 860 2053 4265 8265
2925 1598 3325 1998 5031 9031
1814 47 2214 447 3520 7520
1139 1499 1539 1899 4844 8844
939 144 1339 544 4649 8649
1664 3299 2064 3699 4371 8371
3475 169 3875 569 4892 8892
1336 491 1736 891 4499 8499
471 249 871 649 3657 7657
143 3305 543 3705 5039 9039
2586 2133 2986 2533 4188 8188
4314 1960 4714 2360 4401 8401
4444 2636 4844 3036 3447 7447
960 3425 1360 3825 4680 8680
5011 2023 5411 2423 5097 9097
4977 1172 5377 1572 3451 7451
4730 580 5130 980 3947 7947
825 1466 1225 1866 4209 8209
2810 3020 3210 3420 3697 7697
1910 3423 2310 3823 5079 9079
2481 768 2881 1168 4180 8180
3023 2005 3423 2405 4193 8193
2281 2349 2681 2749 4766 8766
3380 396 3780 796 4500 8500
1707 2134 2107 2534 3844 7844
3999 744 4399 1144 4891 8891
612 1320 1012 1720 3985 7985
4921 1697 5321 2097 4025 8025
2409 1166 2809 1566 3645 7645
1636 579 2036 979 4616 8616
1260 619 1660 1019 4377 8377
2056 849 2456 1249 4612 8612
1509 776 1909 1176 3631 7631
3995 447 4395 847 4143 8143
2966 1361 3366 1761 4083 8083
4487 1573 4887 1973 3938 7938
5096 2290 5496 2690 3917 7917
5391 2171 5791 2571 4563 8563
1581 3218 1981 3618 3653 7653
5019 1498 5419 1898 4035 8035
2404 896 2804 1296 4816 8816
4641 875 5041 1275 4254 8254
2599 1884 2999 2284 4170 8170
3285 867 3685 1267 4827 8827
5096 1251 5496 1651 3996 7996
2476 875 2876 1275 4381 8381
2965 3004 3365 3404 4294 8294
3289 1015 3689 1415 4311 8311
1396 2996 1796 3396 4480 8480
410 3255 810 3655 4335 8335
1927 3126 2327 3526 3817 7817
