1000
521 2696 921 3096 450 850
4435 3238 4835 3638 410 810
156 1623 556 2023 433 833
3804 2689 4204 3089 364 764
3017 1625 3417 2025 356 756
869 2196 1269 2596 359 759
4455 2756 4855 3156 473 873
3668 2797 4068 3197 461 861
3117 3477 3517 3877 414 814
97 3116 497 3516 463 863
4091 1409 4491 1809 416 816
5392 100 5792 500 487 887
3701 2449 4101 2849 374 774
1709 3366 2109 3766 337 737
5322 2638 5722 3038 428 828
4655 294 5055 694 443 843
437 1196 837 1596 388 788
4719 2903 5119 3303 384 784
446 2000 846 2400 354 754
722 3498 1122 3898 451 851
5040 2566 5440 2966 428 828
4315 249 4715 649 437 837
2033 805 2433 1205 396 796
4672 3057 5072 3457 480 880
3009 1729 3409 2129 474 874
4227 1055 4627 1455 511 911
3020 2388 3420 2788 389 789
2022 1434 2422 1834 371 771
3526 2470 3926 2870 443 843
2371 418 2771 818 403 803
3599 975 3999 1375 499 899
4855 1146 5255 1546 486 886
321 568 721 968 450 850
720 864 1120 1264 482 882
1854 2632 2254 3032 434 834
4176 296 4576 696 509 909
552 2672 952 3072 368 768
3441 1713 3841 2113 509 909
504 2309 904 2709 348 748
2862 1663 3262 2063 489 889
44 1381 444 1781 358 758
1584 782 1984 1182 384 784
4869 3567 5269 3967 369 769
5281 802 5681 1202 348 748
4845 34 5245 434 504 904
3442 3321 3842 3721 395 795
3164 154 3564 554 487 887
4448 1022 4848 1422 473 873
1131 2557 1531 2957 409 809
4856 1647 5256 2047 488 888
22 1790 422 2190 475 875
5115 2881 5515 3281 457 857
3000 1568 3400 1968 371 771
1151 748 1551 1148 447 847
4241 805 4641 1205 476 876
1834 1960 2234 2360 418 818
719 1665 1119 2065 455 855
4233 1729 4633 2129 458 858
3515 564 3915 964 466 866
4970 1571 5370 1971 407 807
87 55 487 455 352 752
784 13 1184 413 463 863
1035 1081 1435 1481 364 764
4039 3247 4439 3647 343 743
5074 2263 5474 2663 374 774
3433 763 3833 1163 381 781
727 553 1127 953 354 754
73 2213 473 2613 509 909
2663 1765 3063 2165 488 888
3246 8 3646 408 483 883
2436 115 2836 515 472 872
2840 2886 3240 3286 472 872
917 2484 1317 2884 367 767
4414 3404 4814 3804 352 752
4851 3428 5251 3828 452 852
1949 3520 2349 3920 472 872
2028 1890 2428 2290 473 873
5375 201 5775 601 434 834
429 3077 829 3477 491 891
4646 181 5046 581 366 766
1118 2453 1518 2853 391 791
3628 2390 4028 2790 354 754
967 2294 1367 2694 376 776
4454 2222 4854 2622 494 894
4360 2341 4760 2741 461 861
5240 1948 5640 2348 420 820
3172 329 3572 729 454 854
4633 3333 5033 3733 511 911
409 1305 809 1705 355 755
4584 1429 4984 1829 477 877
677 2258 1077 2658 412 812
2222 3265 2622 3665 356 756
4876 2373 5276 2773 439 839
1356 2754 1756 3154 508 908
4020 3474 4420 3874 400 800
4497 1685 4897 2085 507 907
3658 1752 4058 2152 337 737
2230 45 2630 445 442 842
2849 287 3249 687 465 865
489 1224 889 1624 387 787
3522 2283 3922 2683 354 754
3817 1487 4217 1887 506 906
1337 1723 1737 2123 447 847
2754 364 3154 764 384 784
4165 233 4565 633 337 737
5294 1157 5694 1557 428 828
2650 3057 3050 3457 432 832
1139 38 1539 438 492 892
381 3106 781 3506 348 748
3998 2442 4398 2842 343 743
2877 2411 3277 2811 496 896
3576 1282 3976 1682 341 741
1721 2957 2121 3357 427 827
1155 1018 1555 1418 439 839
578 706 978 1106 361 761
2102 762 2502 1162 490 890
84 1043 484 1443 382 782
260 1878 660 2278 513 913
2137 3001 2537 3401 349 749
683 3043 1083 3443 442 842
3361 415 3761 815 401 801
2529 395 2929 795 479 879
3602 2646 4002 3046 349 749
259 2339 659 2739 462 862
5053 139 5453 539 468 868
3118 3120 3518 3520 426 826
1515 2165 1915 2565 510 910
1653 536 2053 936 366 766
8 1298 408 1698 454 854
5185 1718 5585 2118 374 774
4229 2441 4629 2841 353 753
346 56 746 456 418 818
548 3254 948 3654 383 783
3294 2953 3694 3353 355 755
455 2539 855 2939 389 789
4517 733 4917 1133 482 882
1886 204 2286 604 379 779
3533 1918 3933 2318 344 744
2592 801 2992 1201 363 763
2008 890 2408 1290 447 847
653 3116 1053 3516 430 830
1405 597 1805 997 466 866
2399 3329 2799 3729 390 790
230 1955 630 2355 474 874
4058 2604 4458 3004 462 862
3893 2382 4293 2782 377 777
1839 3561 2239 3961 380 780
856 2072 1256 2472 341 741
3769 3395 4169 3795 435 835
2146 1238 2546 1638 501 901
4676 1664 5076 2064 464 864
1275 3580 1675 3980 396 796
5355 3197 5755 3597 440 840
4194 1653 4594 2053 430 830
931 705 1331 1105 496 896
3497 492 3897 892 415 815
1251 2625 1651 3025 459 859
1463 2996 1863 3396 442 842
346 630 746 1030 398 798
786 426 1186 826 448 848
5407 3523 5807 3923 448 848
2113 1557 2513 1957 418 818
2134 278 2534 678 444 844
3455 849 3855 1249 403 803
3929 2040 4329 2440 481 881
1449 1281 1849 1681 385 785
3094 814 3494 1214 441 841
184 263 584 663 339 739
1693 36 2093 436 443 843
4772 2444 5172 2844 422 822
3425 2686 3825 3086 394 794
1183 277 1583 677 453 853
2016 924 2416 1324 374 774
318 756 718 1156 390 790
4639 3236 5039 3636 467 867
2714 2258 3114 2658 372 772
1314 3224 1714 3624 502 902
2279 983 2679 1383 374 774
1339 627 1739 1027 346 746
5141 440 5541 840 512 912
2072 3170 2472 3570 513 913
2563 3280 2963 3680 474 874
5328 2258 5728 2658 457 857
4525 1211 4925 1611 388 788
2099 282 2499 682 365 765
4109 1686 4509 2086 366 766
3485 2314 3885 2714 476 876
1478 2702 1878 3102 461 861
4992 2243 5392 2643 432 832
3806 1569 4206 1969 456 856
4148 524 4548 924 461 861
3420 2631 3820 3031 387 787
3736 2247 4136 2647 491 891
4667 1159 5067 1559 358 758
4229 216 4629 616 408 808
909 2970 1309 3370 427 827
1597 3498 1997 3898 475 875
4262 525 4662 925 475 875
3647 1514 4047 1914 442 842
1444 2902 1844 3302 474 874
5303 1440 5703 1840 486 886
5205 1325 5605 1725 359 759
5211 1324 5611 1724 382 782
1896 270 2296 670 424 824
1019 2521 1419 2921 357 757
1778 2020 2178 2420 497 897
1761 2536 2161 2936 343 743
1968 2181 2368 2581 426 826
2114 1359 2514 1759 426 826
3855 2207 4255 2607 356 756
1450 2146 1850 2546 390 790
2412 163 2812 563 355 755
4179 1631 4579 2031 388 788
1196 1023 1596 1423 432 832
3431 1062 3831 1462 361 761
2100 518 2500 918 390 790
1628 2589 2028 2989 365 765
59 295 459 695 439 839
4629 1449 5029 1849 374 774
1128 3185 1528 3585 453 853
4560 797 4960 1197 439 839
2750 503 3150 903 459 859
1996 2842 2396 3242 382 782
593 2859 993 3259 371 771
645 3224 1045 3624 447 847
3819 552 4219 952 503 903
142 2924 542 3324 460 860
2092 945 2492 1345 449 849
488 831 888 1231 443 843
4418 2006 4818 2406 367 767
4443 2261 4843 2661 365 765
426 364 826 764 409 809
3328 3332 3728 3732 349 749
2039 3196 2439 3596 411 811
1017 1736 1417 2136 510 910
1597 1475 1997 1875 484 884
116 831 516 1231 503 903
1215 1759 1615 2159 390 790
3982 2841 4382 3241 425 825
2529 1834 2929 2234 512 912
1026 2456 1426 2856 501 901
609 1161 1009 1561 449 849
1441 203 1841 603 374 774
2262 633 2662 1033 508 908
4267 1383 4667 1783 419 819
2883 3515 3283 3915 482 882
2774 346 3174 746 399 799
3005 1666 3405 2066 380 780
3634 3588 4034 3988 350 750
1288 2452 1688 2852 347 747
2534 2951 2934 3351 495 895
3930 2283 4330 2683 365 765
5346 370 5746 770 433 833
3654 634 4054 1034 395 795
4886 1753 5286 2153 469 869
1370 1840 1770 2240 413 813
118 868 518 1268 391 791
1272 250 1672 650 355 755
1484 350 1884 750 421 821
1556 2000 1956 2400 338 738
3030 2095 3430 2495 497 897
5221 223 5621 623 387 787
2801 3021 3201 3421 444 844
4853 347 5253 747 502 902
5097 2599 5497 2999 467 867
2303 2800 2703 3200 512 912
3194 2427 3594 2827 430 830
196 3238 596 3638 388 788
5408 1883 5808 2283 447 847
1047 1203 1447 1603 338 738
3403 2450 3803 2850 420 820
2620 878 3020 1278 509 909
2186 2760 2586 3160 363 763
979 3188 1379 3588 378 778
1261 2215 1661 2615 374 774
1858 1223 2258 1623 435 835
3091 1638 3491 2038 356 756
5170 2296 5570 2696 379 779
2783 2190 3183 2590 370 770
2441 1889 2841 2289 348 748
306 3264 706 3664 503 903
4355 554 4755 954 459 859
4756 3246 5156 3646 429 829
4609 1834 5009 2234 507 907
4690 2646 5090 3046 403 803
4758 1741 5158 2141 424 824
3307 380 3707 780 473 873
770 1522 1170 1922 430 830
1298 3325 1698 3725 496 896
3496 448 3896 848 401 801
3795 583 4195 983 508 908
2662 1644 3062 2044 442 842
5318 253 5718 653 435 835
3683 3031 4083 3431 416 816
2610 2544 3010 2944 377 777
4632 3482 5032 3882 445 845
4050 1442 4450 1842 449 849
1180 1873 1580 2273 477 877
4851 2901 5251 3301 409 809
3835 718 4235 1118 355 755
2370 128 2770 528 501 901
983 1490 1383 1890 392 792
5171 2081 5571 2481 388 788
798 481 1198 881 340 740
40 458 440 858 466 866
4160 2136 4560 2536 448 848
1255 1048 1655 1448 394 794
2735 2432 3135 2832 496 896
327 1382 727 1782 445 845
4816 1599 5216 1999 452 852
5200 1371 5600 1771 351 751
4662 1870 5062 2270 493 893
2116 1560 2516 1960 465 865
2320 667 2720 1067 367 767
4756 1954 5156 2354 370 770
354 866 754 1266 367 767
4756 1235 5156 1635 438 838
2382 2861 2782 3261 376 776
2322 63 2722 463 448 848
433 1858 833 2258 467 867
3089 3003 3489 3403 495 895
3203 3500 3603 3900 356 756
3752 3484 4152 3884 510 910
4613 2626 5013 3026 351 751
4030 357 4430 757 493 893
2048 731 2448 1131 445 845
423 29 823 429 494 894
3205 2713 3605 3113 400 800
1007 3454 1407 3854 482 882
4122 3062 4522 3462 458 858
2624 2255 3024 2655 351 751
2077 580 2477 980 505 905
3149 3128 3549 3528 446 846
444 2688 844 3088 405 805
2764 3341 3164 3741 390 790
5023 1944 5423 2344 353 753
3378 2145 3778 2545 413 813
1647 1389 2047 1789 444 844
316 1529 716 1929 438 838
4840 2436 5240 2836 497 897
1148 18 1548 418 384 784
2759 2848 3159 3248 473 873
891 1412 1291 1812 387 787
2786 2962 3186 3362 433 833
3075 382 3475 782 475 875
758 2828 1158 3228 366 766
4824 1875 5224 2275 494 894
512 848 912 1248 434 834
1716 1446 2116 1846 406 806
5003 2804 5403 3204 347 747
3117 2598 3517 2998 384 784
1709 231 2109 631 510 910
4297 2803 4697 3203 386 786
1189 2997 1589 3397 362 762
2439 2856 2839 3256 460 860
4073 3320 4473 3720 482 882
136 3028 536 3428 355 755
4495 2010 4895 2410 422 822
4034 2398 4434 2798 392 792
2953 446 3353 846 411 811
5059 1306 5459 1706 426 826
4972 3052 5372 3452 449 849
2206 1153 2606 1553 474 874
2788 3269 3188 3669 433 833
4284 1864 4684 2264 399 799
4332 3301 4732 3701 425 825
5393 811 5793 1211 353 753
5403 1650 5803 2050 437 837
3448 1517 3848 1917 434 834
2406 1939 2806 2339 445 845
4869 3263 5269 3663 458 858
789 3414 1189 3814 339 739
1559 131 1959 531 413 813
2315 1445 2715 1845 369 769
3594 1027 3994 1427 483 883
2717 1348 3117 1748 366 766
3635 2566 4035 2966 398 798
2853 3536 3253 3936 386 786
883 923 1283 1323 436 836
5198 3376 5598 3776 435 835
1599 2896 1999 3296 397 797
1524 3593 1924 3993 378 778
1239 585 1639 985 370 770
2480 1788 2880 2188 425 825
3873 2997 4273 3397 387 787
4980 1375 5380 1775 388 788
1869 244 2269 644 396 796
2997 1120 3397 1520 428 828
4539 1833 4939 2233 402 802
2526 1179 2926 1579 369 769
2789 2624 3189 3024 415 815
2070 2364 2470 2764 449 849
214 2870 614 3270 405 805
1991 1693 2391 2093 424 824
2185 2104 2585 2504 435 835
2204 274 2604 674 491 891
4131 3105 4531 3505 338 738
2162 2116 2562 2516 343 743
2017 467 2417 867 433 833
1701 256 2101 656 358 758
3622 2842 4022 3242 400 800
4644 2194 5044 2594 503 903
2994 1727 3394 2127 502 902
2794 62 3194 462 468 868
3797 1664 4197 2064 437 837
4156 359 4556 759 379 779
1463 1096 1863 1496 504 904
4793 750 5193 1150 339 739
3556 1346 3956 1746 467 867
4076 1135 4476 1535 458 858
3547 1984 3947 2384 408 808
1006 1097 1406 1497 387 787
539 2067 939 2467 436 836
3701 3389 4101 3789 411 811
4653 3249 5053 3649 404 804
2144 2555 2544 2955 462 862
1152 2681 1552 3081 470 870
670 270 1070 670 481 881
1132 45 1532 445 416 816
4513 3256 4913 3656 341 741
2142 281 2542 681 465 865
3 945 403 1345 345 745
2727 3431 3127 3831 437 837
5404 1897 5804 2297 461 861
1704 3147 2104 3547 507 907
2133 2084 2533 2484 500 900
3454 2583 3854 2983 414 814
1793 3566 2193 3966 435 835
4754 3550 5154 3950 385 785
3472 3002 3872 3402 363 763
5404 88 5804 488 398 798
3291 1250 3691 1650 369 769
4655 899 5055 1299 450 850
4485 763 4885 1163 452 852
2698 2995 3098 3395 502 902
3091 2985 3491 3385 359 759
4696 3185 5096 3585 418 818
3533 1090 3933 1490 494 894
1834 2561 2234 2961 412 812
592 3252 992 3652 486 886
1321 698 1721 1098 477 877
2126 483 2526 883 467 867
4015 105 4415 505 503 903
2399 1631 2799 2031 507 907
981 2758 1381 3158 386 786
1850 1044 2250 1444 383 783
1709 1134 2109 1534 446 846
4590 1527 4990 1927 360 760
3158 3076 3558 3476 448 848
3986 3152 4386 3552 437 837
3584 3503 3984 3903 510 910
4094 2319 4494 2719 447 847
2956 2054 3356 2454 429 829
335 1028 735 1428 386 786
1634 2068 2034 2468 436 836
3117 1119 3517 1519 405 805
1791 2357 2191 2757 454 854
1111 2091 1511 2491 491 891
307 2378 707 2778 434 834
1254 1076 1654 1476 511 911
2298 2699 2698 3099 394 794
841 1641 1241 2041 504 904
3051 1245 3451 1645 349 749
2701 3338 3101 3738 393 793
1714 2063 2114 2463 401 801
5351 3435 5751 3835 363 763
694 3237 1094 3637 484 884
3323 3146 3723 3546 493 893
3010 69 3410 469 366 766
4783 1679 5183 2079 359 759
3478 425 3878 825 449 849
732 2117 1132 2517 421 821
1234 36 1634 436 405 805
3873 909 4273 1309 395 795
2730 1255 3130 1655 384 784
4541 3253 4941 3653 425 825
274 2836 674 3236 395 795
2522 556 2922 956 400 800
2428 1542 2828 1942 466 866
589 1668 989 2068 359 759
3553 1995 3953 2395 356 756
4338 2427 4738 2827 449 849
1282 1680 1682 2080 400 800
536 1810 936 2210 480 880
2118 1753 2518 2153 382 782
2538 2997 2938 3397 386 786
4911 40 5311 440 386 786
3026 351 3426 751 505 905
872 329 1272 729 366 766
4197 841 4597 1241 420 820
3373 2383 3773 2783 495 895
1014 452 1414 852 472 872
523 1800 923 2200 340 740
5266 471 5666 871 473 873
1623 3404 2023 3804 389 789
5067 1277 5467 1677 337 737
1748 1707 2148 2107 343 743
3559 150 3959 550 382 782
376 3351 776 3751 436 836
337 2088 737 2488 355 755
534 129 934 529 346 746
1569 921 1969 1321 340 740
4489 2980 4889 3380 425 825
2525 1232 2925 1632 497 897
2112 3206 2512 3606 440 840
541 1446 941 1846 472 872
2666 715 3066 1115 339 739
444 249 844 649 454 854
4716 2114 5116 2514 348 748
4149 649 4549 1049 504 904
5090 2052 5490 2452 422 822
3086 3209 3486 3609 475 875
2162 2944 2562 3344 420 820
1351 2358 1751 2758 503 903
3752 3261 4152 3661 504 904
3481 1713 3881 2113 481 881
3074 711 3474 1111 475 875
4881 297 5281 697 366 766
1046 821 1446 1221 501 901
3639 521 4039 921 377 777
533 239 933 639 436 836
544 2358 944 2758 486 886
5001 1637 5401 2037 482 882
666 3478 1066 3878 431 831
1125 1150 1525 1550 476 876
5438 3169 5838 3569 494 894
2034 2100 2434 2500 489 889
1295 2669 1695 3069 472 872
1340 2937 1740 3337 487 887
2545 1143 2945 1543 465 865
2684 885 3084 1285 424 824
2292 203 2692 603 371 771
374 1527 774 1927 493 893
4299 636 4699 1036 348 748
269 272 669 672 454 854
3840 40 4240 440 379 779
2425 2896 2825 3296 445 845
1252 843 1652 1243 480 880
3644 753 4044 1153 424 824
3750 3228 4150 3628 466 866
278 1717 678 2117 427 827
3760 1291 4160 1691 393 793
959 2139 1359 2539 505 905
2671 934 3071 1334 493 893
1928 2124 2328 2524 350 750
5361 1187 5761 1587 428 828
442 3438 842 3838 509 909
1128 295 1528 695 385 785
3981 767 4381 1167 439 839
4923 3584 5323 3984 494 894
2150 2066 2550 2466 409 809
4201 1562 4601 1962 467 867
1053 2341 1453 2741 460 860
585 2437 985 2837 356 756
3463 3239 3863 3639 439 839
2808 204 3208 604 490 890
4058 103 4458 503 490 890
1243 1435 1643 1835 421 821
3978 2687 4378 3087 412 812
157 3196 557 3596 446 846
331 2014 731 2414 472 872
2058 2116 2458 2516 407 807
2189 1035 2589 1435 458 858
3977 296 4377 696 436 836
3716 2628 4116 3028 356 756
4240 518 4640 918 507 907
1384 3301 1784 3701 401 801
451 3068 851 3468 512 912
2694 664 3094 1064 448 848
3753 1372 4153 1772 477 877
1936 288 2336 688 376 776
2963 60 3363 460 419 819
5153 467 5553 867 485 885
4341 1559 4741 1959 389 789
319 669 719 1069 464 864
772 1430 1172 1830 376 776
5305 2939 5705 3339 393 793
4108 1432 4508 1832 507 907
872 2317 1272 2717 416 816
5019 2759 5419 3159 402 802
24 651 424 1051 447 847
4360 1660 4760 2060 450 850
3343 1656 3743 2056 359 759
3466 2981 3866 3381 482 882
190 870 590 1270 482 882
4982 72 5382 472 468 868
2080 2301 2480 2701 409 809
667 1968 1067 2368 470 870
2303 508 2703 908 373 773
399 2119 799 2519 379 779
237 703 637 1103 424 824
2465 3387 2865 3787 462 862
1137 3574 1537 3974 394 794
1321 208 1721 608 342 742
4115 208 4515 608 404 804
2669 1089 3069 1489 432 832
1223 1280 1623 1680 409 809
4039 481 4439 881 413 813
3249 3269 3649 3669 436 836
4742 3108 5142 3508 418 818
3950 1370 4350 1770 502 902
248 1362 648 1762 369 769
4601 3146 5001 3546 472 872
715 3587 1115 3987 420 820
1250 2154 1650 2554 451 851
1083 3117 1483 3517 337 737
3864 2214 4264 2614 475 875
1454 2384 1854 2784 392 792
524 2968 924 3368 438 838
2260 2683 2660 3083 511 911
3363 2778 3763 3178 505 905
1294 1231 1694 1631 356 756
415 1793 815 2193 350 750
4067 2521 4467 2921 345 745
2273 122 2673 522 478 878
3542 1159 3942 1559 375 775
4538 2103 4938 2503 340 740
2214 2585 2614 2985 445 845
5242 42 5642 442 477 877
2480 1604 2880 2004 469 869
5210 2188 5610 2588 470 870
224 406 624 806 392 792
3748 1156 4148 1556 364 764
595 1391 995 1791 440 840
407 2247 807 2647 447 847
4734 333 5134 733 465 865
5365 919 5765 1319 404 804
3836 2614 4236 3014 344 744
1310 2879 1710 3279 362 762
1350 801 1750 1201 384 784
3257 71 3657 471 487 887
2979 2986 3379 3386 490 890
762 107 1162 507 426 826
4087 272 4487 672 429 829
224 794 624 1194 411 811
1305 2317 1705 2717 486 886
3287 176 3687 576 476 876
4594 2277 4994 2677 347 747
1238 3220 1638 3620 508 908
4627 2373 5027 2773 356 756
3574 909 3974 1309 415 815
4007 1026 4407 1426 500 900
2093 1864 2493 2264 461 861
3373 2195 3773 2595 483 883
4227 1870 4627 2270 403 803
4049 3100 4449 3500 362 762
1256 3445 1656 3845 407 807
2949 2335 3349 2735 363 763
775 2936 1175 3336 513 913
2539 3200 2939 3600 478 878
2717 549 3117 949 386 786
3958 2862 4358 3262 379 779
3922 1253 4322 1653 511 911
3479 1989 3879 2389 457 857
978 2861 1378 3261 501 901
4828 1934 5228 2334 398 798
3442 1632 3842 2032 457 857
2500 783 2900 1183 396 796
396 3511 796 3911 399 799
1320 3402 1720 3802 496 896
1179 1839 1579 2239 383 783
669 3422 1069 3822 389 789
5332 2426 5732 2826 494 894
5362 468 5762 868 433 833
4848 1422 5248 1822 484 884
1136 390 1536 790 358 758
4166 1198 4566 1598 391 791
901 423 1301 823 370 770
3941 1852 4341 2252 476 876
3956 3012 4356 3412 359 759
132 1165 532 1565 394 794
4049 1752 4449 2152 473 873
1141 687 1541 1087 418 818
1507 3435 1907 3835 357 757
515 809 915 1209 432 832
5270 1879 5670 2279 365 765
3499 2545 3899 2945 357 757
1899 560 2299 960 482 882
855 2440 1255 2840 410 810
1142 1248 1542 1648 505 905
5300 2275 5700 2675 374 774
2601 379 3001 779 428 828
2444 2023 2844 2423 356 756
3310 3348 3710 3748 513 913
3553 2162 3953 2562 493 893
1272 3417 1672 3817 459 859
4174 1266 4574 1666 476 876
2256 3032 2656 3432 493 893
897 2297 1297 2697 391 791
493 3501 893 3901 414 814
2679 3427 3079 3827 371 771
3194 3331 3594 3731 485 885
2706 945 3106 1345 456 856
3986 2875 4386 3275 452 852
1513 1808 1913 2208 389 789
451 676 851 1076 414 814
1936 3470 2336 3870 379 779
4694 586 5094 986 343 743
4500 577 4900 977 512 912
2417 186 2817 586 502 902
153 2423 553 2823 513 913
2967 2182 3367 2582 424 824
4340 1796 4740 2196 379 779
5414 3461 5814 3861 460 860
5133 1320 5533 1720 337 737
4012 1293 4412 1693 458 858
2195 1658 2595 2058 499 899
305 780 705 1180 482 882
3117 1308 3517 1708 377 777
3484 1502 3884 1902 434 834
5425 2608 5825 3008 470 870
481 1211 881 1611 349 749
2135 2801 2535 3201 341 741
2266 108 2666 508 472 872
4183 2172 4583 2572 384 784
3120 3372 3520 3772 422 822
665 1434 1065 1834 350 750
3555 3315 3955 3715 488 888
915 663 1315 1063 470 870
1648 2978 2048 3378 342 742
806 2958 1206 3358 369 769
4262 1939 4662 2339 400 800
1449 1162 1849 1562 416 816
515 61 915 461 353 753
2883 2441 3283 2841 513 913
4625 3489 5025 3889 415 815
1066 3302 1466 3702 488 888
2146 1748 2546 2148 431 831
4557 3014 4957 3414 416 816
4794 1987 5194 2387 453 853
5275 2452 5675 2852 347 747
712 1142 1112 1542 453 853
2392 239 2792 639 510 910
3773 29 4173 429 386 786
4827 1301 5227 1701 386 786
5246 2355 5646 2755 510 910
3917 1812 4317 2212 352 752
3035 1912 3435 2312 425 825
342 1343 742 1743 355 755
4397 2924 4797 3324 356 756
5238 2465 5638 2865 351 751
2849 3155 3249 3555 477 877
590 3535 990 3935 398 798
3159 1294 3559 1694 470 870
5133 1652 5533 2052 476 876
4939 1089 5339 1489 469 869
572 1469 972 1869 359 759
3578 42 3978 442 338 738
4069 2216 4469 2616 378 778
2959 2961 3359 3361 443 843
4460 1655 4860 2055 361 761
1689 2766 2089 3166 341 741
1472 3124 1872 3524 451 851
2695 1798 3095 2198 411 811
3309 2452 3709 2852 419 819
3319 1833 3719 2233 482 882
5103 3432 5503 3832 497 897
4286 1258 4686 1658 447 847
2698 659 3098 1059 422 822
2650 468 3050 868 504 904
3178 581 3578 981 460 860
1555 3450 1955 3850 469 869
1370 2436 1770 2836 482 882
2453 1959 2853 2359 488 888
258 1468 658 1868 371 771
5053 2264 5453 2664 348 748
635 1012 1035 1412 427 827
4368 3124 4768 3524 440 840
3278 3310 3678 3710 482 882
271 2333 671 2733 399 799
5185 1026 5585 1426 387 787
4372 343 4772 743 460 860
681 1349 1081 1749 412 812
3023 377 3423 777 478 878
3674 231 4074 631 437 837
5205 472 5605 872 436 836
1673 2189 2073 2589 427 827
4848 1741 5248 2141 443 843
4548 99 4948 499 478 878
5157 60 5557 460 404 804
4193 2494 4593 2894 506 906
3553 3364 3953 3764 453 853
2049 3346 2449 3746 435 835
1467 452 1867 852 381 781
1626 3102 2026 3502 369 769
392 1435 792 1835 489 889
1401 304 1801 704 355 755
4315 1633 4715 2033 481 881
5416 986 5816 1386 452 852
4525 1115 4925 1515 351 751
1728 3415 2128 3815 355 755
3082 1267 3482 1667 400 800
4701 1721 5101 2121 455 855
5392 11 5792 411 483 883
5045 3208 5445 3608 463 863
3918 3487 4318 3887 437 837
1623 3111 2023 3511 412 812
4551 3094 4951 3494 478 878
3311 2957 3711 3357 393 793
1496 320 1896 720 475 875
1939 536 2339 936 435 835
4384 3121 4784 3521 500 900
2637 2726 3037 3126 440 840
2505 2210 2905 2610 511 911
1885 440 2285 840 505 905
4451 2177 4851 2577 344 744
1963 1272 2363 1672 487 887
4414 2935 4814 3335 493 893
2891 3214 3291 3614 471 871
2259 700 2659 1100 389 789
2234 2074 2634 2474 489 889
1569 1119 1969 1519 407 807
4131 2708 4531 3108 446 846
1089 2987 1489 3387 344 744
4791 1825 5191 2225 501 901
3418 2907 3818 3307 424 824
242 3484 642 3884 448 848
4982 3281 5382 3681 404 804
190 911 590 1311 450 850
2164 1889 2564 2289 347 747
4863 2221 5263 2621 462 862
4259 1139 4659 1539 461 861
1185 3511 1585 3911 414 814
27 2347 427 2747 431 831
1052 2769 1452 3169 490 890
3864 203 4264 603 363 763
1498 1736 1898 2136 507 907
3896 3278 4296 3678 458 858
4729 140 5129 540 375 775
1866 3062 2266 3462 482 882
2559 2492 2959 2892 390 790
2992 2566 3392 2966 383 783
2738 714 3138 1114 443 843
1242 1753 1642 2153 505 905
4201 1622 4601 2022 392 792
2305 760 2705 1160 447 847
320 3436 720 3836 499 899
210 1048 610 1448 353 753
947 2224 1347 2624 511 911
2860 2395 3260 2795 411 811
204 2262 604 2662 459 859
3219 1807 3619 2207 454 854
2905 2151 3305 2551 470 870
3395 309 3795 709 439 839
337 2869 737 3269 373 773
1399 2365 1799 2765 439 839
1996 1702 2396 2102 371 771
2370 765 2770 1165 457 857
4940 2254 5340 2654 418 818
4455 3479 4855 3879 373 773
3079 638 3479 1038 503 903
551 1643 951 2043 412 812
1128 3451 1528 3851 397 797
3119 2373 3519 2773 365 765
4302 2265 4702 2665 407 807
2852 786 3252 1186 507 907
70 1159 470 1559 511 911
332 1519 732 1919 416 816
2093 3053 2493 3453 346 746
4642 2300 5042 2700 341 741
4719 231 5119 631 363 763
2004 849 2404 1249 475 875
5247 3119 5647 3519 369 769
863 2062 1263 2462 506 906
3539 3033 3939 3433 349 749
4347 3472 4747 3872 485 885
5276 1119 5676 1519 493 893
1522 2430 1922 2830 366 766
4492 2761 4892 3161 466 866
1372 1318 1772 1718 448 848
778 3515 1178 3915 386 786
2916 2321 3316 2721 406 806
121 3146 521 3546 450 850
3619 937 4019 1337 481 881
3360 1116 3760 1516 421 821
4807 2950 5207 3350 491 891
1355 3112 1755 3512 435 835
756 1796 1156 2196 468 868
2187 1276 2587 1676 356 756
2899 1716 3299 2116 361 761
4469 2413 4869 2813 347 747
4536 986 4936 1386 476 876
3965 2098 4365 2498 482 882
1007 1997 1407 2397 424 824
4537 967 4937 1367 503 903
2534 1271 2934 1671 448 848
413 1606 813 2006 421 821
1437 3129 1837 3529 428 828
182 1669 582 2069 370 770
4497 277 4897 677 438 838
5266 674 5666 1074 455 855
4643 999 5043 1399 451 851
4634 592 5034 992 397 797
5360 1991 5760 2391 497 897
2244 2147 2644 2547 393 793
4265 3512 4665 3912 452 852
2327 2356 2727 2756 472 872
4268 3399 4668 3799 427 827
3922 1288 4322 1688 354 754
2903 875 3303 1275 379 779
20 1388 420 1788 444 844
4370 650 4770 1050 420 820
5110 2491 5510 2891 381 781
5239 2857 5639 3257 436 836
3251 2684 3651 3084 387 787
5068 2507 5468 2907 491 891
4617 166 5017 566 375 775
3568 2374 3968 2774 495 895
5241 3144 5641 3544 447 847
1255 732 1655 1132 439 839
5393 1384 5793 1784 491 891
2923 2403 3323 2803 438 838
4137 2683 4537 3083 418 818
2118 2233 2518 2633 411 811
3314 1539 3714 1939 497 897
1695 3078 2095 3478 496 896
4921 2431 5321 2831 339 739
2838 3293 3238 3693 467 867
2324 1012 2724 1412 446 846
998 2949 1398 3349 484 884
480 1597 880 1997 511 911
3472 2743 3872 3143 462 862
3736 182 4136 582 461 861
3343 1710 3743 2110 387 787
4777 1533 5177 1933 399 799
2591 3310 2991 3710 385 785
3615 1839 4015 2239 456 856
1857 407 2257 807 406 806
4777 901 5177 1301 494 894
5100 429 5500 829 390 790
3482 1375 3882 1775 496 896
5069 17 5469 417 388 788
1100 1535 1500 1935 506 906
1813 3309 2213 3709 359 759
1880 2505 2280 2905 409 809
4552 1807 4952 2207 352 752
3701 1630 4101 2030 341 741
4573 2142 4973 2542 414 814
2104 2116 2504 2516 380 780
4728 2606 5128 3006 353 753
2817 742 3217 1142 434 834
4329 3021 4729 3421 424 824
1620 1043 2020 1443 428 828
1706 510 2106 910 350 750
3826 56 4226 456 445 845
729 1218 1129 1618 348 748
4992 1384 5392 1784 398 798
2651 2985 3051 3385 420 820
1984 20 2384 420 373 773
5317 2796 5717 3196 364 764
3081 2878 3481 3278 365 765
882 3372 1282 3772 377 777
2507 3422 2907 3822 355 755
810 3209 1210 3609 421 821
2013 2352 2413 2752 448 848
10 1805 410 2205 509 909
271 3366 671 3766 467 867
970 1674 1370 2074 455 855
3965 156 4365 556 356 756
588 1803 988 2203 512 912
4257 1354 4657 1754 451 851
4696 182 5096 582 504 904
4411 1326 4811 1726 380 780
1938 1208 2338 1608 418 818
1970 3139 2370 3539 467 867
946 1841 1346 2241 427 827
856 1212 1256 1612 485 885
5400 211 5800 611 472 872
266 1560 666 1960 471 871
1003 1104 1403 1504 347 747
4651 3540 5051 3940 474 874
2830 1826 3230 2226 419 819
2748 3167 3148 3567 450 850
3461 2333 3861 2733 480 880
4114 1924 4514 2324 341 741
213 1417 613 1817 505 905
3685 2029 4085 2429 450 850
321 34 721 434 424 824
1407 1437 1807 1837 513 913
3171 2657 3571 3057 391 791
3242 2891 3642 3291 453 853
1822 2924 2222 3324 368 768
5236 438 5636 838 357 757
5424 3037 5824 3437 444 844
634 454 1034 854 354 754
882 2825 1282 3225 383 783
1052 571 1452 971 350 750
1416 659 1816 1059 385 785
2944 2674 3344 3074 433 833
1598 1659 1998 2059 509 909
3406 3020 3806 3420 447 847
2059 2419 2459 2819 356 756
1938 1547 2338 1947 407 807
5207 222 5607 622 468 868
44 580 444 980 446 846
4743 2741 5143 3141 472 872
1678 763 2078 1163 463 863
2274 2481 2674 2881 390 790
1362 1483 1762 1883 392 792
4651 260 5051 660 427 827
