77
0 2048 511 2559 463 663
2048 3584 2559 4095 711 911
512 0 1023 511 682 882
3072 1536 3583 2047 468 668
1024 1024 1535 1535 599 799
1536 1024 2047 1535 412 612
512 3072 1023 3583 479 679
1536 1536 2047 2047 521 721
1024 2048 1535 2559 338 538
2048 3072 2559 3583 561 761
3072 512 3583 1023 474 674
1536 3072 2047 3583 506 706
512 4096 1023 4607 619 819
0 1024 511 1535 610 810
3072 4608 3583 5119 594 794
2560 512 3071 1023 448 648
2560 2048 3071 2559 562 762
512 3584 1023 4095 372 572
1024 5120 1535 5631 396 596
1536 3584 2047 4095 537 737
0 2560 511 3071 379 579
512 5120 1023 5631 453 653
2560 1024 3071 1535 356 556
512 512 1023 1023 390 590
512 1536 1023 2047 364 564
1536 4608 2047 5119 500 700
1024 2560 1535 3071 535 735
2560 3584 3071 4095 417 617
2560 4096 3071 4607 465 665
2560 1536 3071 2047 450 650
1024 4096 1535 4607 684 884
1536 2560 2047 3071 592 792
512 1024 1023 1535 410 610
3072 1024 3583 1535 615 815
0 1536 511 2047 346 546
2048 5120 2559 5631 635 835
3072 2560 3583 3071 691 891
2560 4608 3071 5119 451 651
0 4608 511 5119 405 605
1024 0 1535 511 655 855
3072 0 3583 511 676 876
1024 512 1535 1023 542 742
512 4608 1023 5119 410 610
1536 512 2047 1023 581 781
0 512 511 1023 401 601
3072 4096 3583 4607 631 831
3072 3584 3583 4095 655 855
0 0 511 511 627 827
2048 1024 2559 1535 666 866
1536 4096 2047 4607 338 538
2560 5120 3071 5631 413 613
1024 3072 1535 3583 671 871
2048 4096 2559 4607 417 617
1536 5120 2047 5631 395 595
512 2560 1023 3071 688 888
2560 2560 3071 3071 407 607
2048 2560 2559 3071 558 758
0 3584 511 4095 472 672
2048 0 2559 511 450 650
3072 3072 3583 3583 687 887
1024 3584 1535 4095 548 748
2560 3072 3071 3583 420 620
0 3072 511 3583 528 728
2048 512 2559 1023 622 822
2048 4608 2559 5119 662 862
3072 5120 3583 5631 537 737
0 4096 511 4607 506 706
1536 0 2047 511 639 839
1536 2048 2047 2559 614 814
512 2048 1023 2559 575 775
1024 1536 1535 2047 580 780
2560 0 3071 511 576 776
3072 2048 3583 2559 403 603
1024 4608 1535 5119 654 854
0 5120 511 5631 407 607
2048 1536 2559 2047 468 668
2048 2048 2559 2559 534 734
