1395
3328 4352 3455 4479 379 389
3328 2560 3455 2687 373 383
1920 3328 2047 3455 895 905
128 3072 255 3199 531 541
2944 3072 3071 3199 654 664
1280 2304 1407 2431 507 517
1920 3968 2047 4095 706 716
3200 768 3327 895 716 726
384 3712 511 3839 774 784
3328 3200 3455 3327 633 643
3328 5504 3455 5631 743 753
2816 4992 2943 5119 480 490
1024 128 1151 255 830 840
0 256 127 383 353 363
3200 5248 3327 5375 797 807
2176 3456 2303 3583 352 362
3072 1408 3199 1535 857 867
3328 3072 3455 3199 401 411
1792 1664 1919 1791 522 532
2048 0 2175 127 658 668
1664 512 1791 639 437 447
2304 2048 2431 2175 627 637
1152 1920 1279 2047 851 861
1536 4864 1663 4991 616 626
3328 1920 3455 2047 546 556
512 1536 639 1663 846 856
1536 1408 1663 1535 893 903
2304 5376 2431 5503 903 913
2688 3328 2815 3455 764 774
2560 2944 2687 3071 732 742
896 4736 1023 4863 742 752
2560 1536 2687 1663 806 816
1536 384 1663 511 768 778
1664 0 1791 127 733 743
3840 4224 3967 4351 433 443
256 3072 383 3199 453 463
1792 1152 1919 1279 838 848
3584 1152 3711 1279 802 812
512 2688 639 2815 768 778
768 1280 895 1407 708 718
128 2688 255 2815 532 542
1792 5376 1919 5503 607 617
2816 2688 2943 2815 786 796
2688 768 2815 895 393 403
2432 3072 2559 3199 558 568
3328 640 3455 767 614 624
256 2048 383 2175 408 418
2176 4224 2303 4351 511 521
2432 3456 2559 3583 679 689
768 0 895 127 528 538
3584 1024 3711 1151 768 778
3712 768 3839 895 714 724
2048 3840 2175 3967 818 828
0 5504 127 5631 715 725
1024 3968 1151 4095 362 372
512 2816 639 2943 396 406
3840 4608 3967 4735 592 602
256 1920 383 2047 351 361
2560 1280 2687 1407 395 405
896 384 1023 511 452 462
1024 3456 1151 3583 746 756
1024 3712 1151 3839 735 745
384 768 511 895 354 364
1152 384 1279 511 546 556
1280 4608 1407 4735 499 509
2048 2560 2175 2687 385 395
1920 5376 2047 5503 597 607
0 4224 127 4351 368 378
1536 2176 1663 2303 786 796
1920 3456 2047 3583 461 471
0 3200 127 3327 675 685
2176 2048 2303 2175 349 359
1920 4480 2047 4607 731 741
2688 2560 2815 2687 557 567
128 4736 255 4863 405 415
1152 3712 1279 3839 385 395
1536 256 1663 383 835 845
1920 4224 2047 4351 411 421
640 3840 767 3967 495 505
3712 1152 3839 1279 545 555
3328 2944 3455 3071 602 612
3584 1536 3711 1663 861 871
3456 896 3583 1023 355 365
0 2432 127 2559 451 461
2688 2176 2815 2303 607 617
0 5632 127 5759 380 390
1920 2944 2047 3071 510 520
256 5248 383 5375 862 872
2432 2304 2559 2431 896 906
3200 3456 3327 3583 504 514
640 1664 767 1791 410 420
640 4992 767 5119 739 749
3712 4864 3839 4991 837 847
2944 3200 3071 3327 362 372
384 2816 511 2943 883 893
1536 1920 1663 2047 433 443
2048 3712 2175 3839 345 355
2560 4864 2687 4991 576 586
3456 0 3583 127 464 474
2560 1024 2687 1151 794 804
1408 5248 1535 5375 701 711
1664 4352 1791 4479 802 812
512 0 639 127 806 816
2816 4224 2943 4351 463 473
896 3072 1023 3199 391 401
1280 5376 1407 5503 809 819
1024 4480 1151 4607 512 522
1280 5248 1407 5375 889 899
1792 1024 1919 1151 883 893
2304 3712 2431 3839 605 615
2944 512 3071 639 530 540
128 384 255 511 516 526
128 2048 255 2175 562 572
1408 1408 1535 1535 483 493
512 1280 639 1407 631 641
128 2816 255 2943 832 842
3328 3840 3455 3967 462 472
1920 1536 2047 1663 804 814
3200 3328 3327 3455 790 800
3072 2048 3199 2175 454 464
1920 2688 2047 2815 339 349
3712 5504 3839 5631 798 808
3456 4608 3583 4735 791 801
2176 4352 2303 4479 840 850
1536 2688 1663 2815 758 768
3584 5504 3711 5631 770 780
2816 4608 2943 4735 369 379
1664 3456 1791 3583 701 711
1152 1792 1279 1919 378 388
3200 0 3327 127 431 441
3072 256 3199 383 592 602
2176 2176 2303 2303 742 752
3584 1280 3711 1407 832 842
1408 128 1535 255 429 439
512 896 639 1023 868 878
3456 3200 3583 3327 886 896
2816 1536 2943 1663 902 912
3840 5632 3967 5759 411 421
3456 1152 3583 1279 806 816
3328 768 3455 895 881 891
2176 0 2303 127 679 689
1280 896 1407 1023 367 377
1920 1152 2047 1279 429 439
2176 512 2303 639 337 347
3712 3968 3839 4095 513 523
1280 5632 1407 5759 723 733
2688 384 2815 511 767 777
3328 3968 3455 4095 573 583
2048 1536 2175 1663 558 568
3072 1664 3199 1791 588 598
3840 3456 3967 3583 626 636
2944 1792 3071 1919 496 506
640 5248 767 5375 482 492
1408 4736 1535 4863 513 523
512 3840 639 3967 432 442
384 3328 511 3455 838 848
2944 384 3071 511 882 892
2304 1536 2431 1663 399 409
3840 3968 3967 4095 636 646
128 4224 255 4351 356 366
128 5120 255 5247 493 503
384 0 511 127 826 836
1792 128 1919 255 761 771
896 5248 1023 5375 356 366
3712 5120 3839 5247 853 863
2048 3200 2175 3327 660 670
768 768 895 895 338 348
2176 640 2303 767 851 861
1152 1152 1279 1279 670 680
2688 3456 2815 3583 742 752
0 2816 127 2943 764 774
0 3712 127 3839 445 455
2560 2432 2687 2559 772 782
2432 1664 2559 1791 856 866
640 3200 767 3327 381 391
3072 896 3199 1023 884 894
3584 5632 3711 5759 610 620
1536 1664 1663 1791 746 756
3072 3072 3199 3199 553 563
1024 2816 1151 2943 766 776
2816 3200 2943 3327 431 441
3584 1408 3711 1535 842 852
896 3968 1023 4095 358 368
2048 4096 2175 4223 576 586
512 4736 639 4863 387 397
3712 4096 3839 4223 453 463
256 3968 383 4095 446 456
2688 0 2815 127 365 375
768 1024 895 1151 450 460
768 256 895 383 680 690
1792 4352 1919 4479 886 896
1280 1664 1407 1791 542 552
2688 128 2815 255 537 547
1152 3456 1279 3583 678 688
2432 5376 2559 5503 561 571
512 3584 639 3711 486 496
128 3200 255 3327 434 444
1920 3712 2047 3839 498 508
1792 4480 1919 4607 434 444
2176 1664 2303 1791 767 777
2560 128 2687 255 903 913
3840 4864 3967 4991 796 806
128 1920 255 2047 811 821
2688 2944 2815 3071 772 782
1152 3200 1279 3327 683 693
2304 896 2431 1023 790 800
2048 2304 2175 2431 752 762
1280 1920 1407 2047 389 399
2304 2432 2431 2559 632 642
3712 4608 3839 4735 903 913
1408 3840 1535 3967 753 763
3328 4096 3455 4223 726 736
1280 1408 1407 1535 842 852
768 1152 895 1279 775 785
3072 1024 3199 1151 901 911
1280 3584 1407 3711 827 837
1024 5504 1151 5631 826 836
128 0 255 127 378 388
3072 1792 3199 1919 790 800
3456 3968 3583 4095 373 383
1024 4224 1151 4351 721 731
2432 2688 2559 2815 772 782
2688 5504 2815 5631 578 588
128 4864 255 4991 354 364
384 3200 511 3327 546 556
512 2304 639 2431 737 747
256 1664 383 1791 438 448
1664 1024 1791 1151 578 588
128 3968 255 4095 898 908
1664 2688 1791 2815 470 480
1408 896 1535 1023 442 452
768 2688 895 2815 898 908
512 4480 639 4607 362 372
2688 1408 2815 1535 851 861
2432 896 2559 1023 766 776
1792 4736 1919 4863 708 718
1792 2688 1919 2815 672 682
1280 3456 1407 3583 614 624
512 5376 639 5503 695 705
2048 5632 2175 5759 400 410
1280 128 1407 255 613 623
3712 5632 3839 5759 480 490
2944 2688 3071 2815 725 735
1280 1792 1407 1919 486 496
1408 2048 1535 2175 853 863
128 256 255 383 657 667
896 4096 1023 4223 344 354
3072 5504 3199 5631 775 785
384 1664 511 1791 698 708
3456 3584 3583 3711 797 807
3840 2304 3967 2431 746 756
2432 5120 2559 5247 515 525
2048 4992 2175 5119 665 675
2432 256 2559 383 355 365
3328 2176 3455 2303 467 477
3328 4480 3455 4607 874 884
0 4480 127 4607 756 766
1408 1536 1535 1663 503 513
128 1664 255 1791 549 559
3584 3328 3711 3455 750 760
1664 3840 1791 3967 637 647
256 128 383 255 589 599
3200 4352 3327 4479 744 754
896 1920 1023 2047 662 672
3840 384 3967 511 471 481
1920 256 2047 383 541 551
256 5632 383 5759 402 412
3456 5504 3583 5631 806 816
2688 1664 2815 1791 753 763
3456 4352 3583 4479 695 705
3712 3712 3839 3839 804 814
256 640 383 767 398 408
1024 1280 1151 1407 773 783
2944 1536 3071 1663 625 635
3456 2560 3583 2687 547 557
3584 4864 3711 4991 722 732
2944 3584 3071 3711 378 388
768 4736 895 4863 490 500
640 1792 767 1919 529 539
640 4224 767 4351 674 684
2944 2816 3071 2943 383 393
128 1408 255 1535 371 381
3584 4992 3711 5119 787 797
2560 4736 2687 4863 647 657
896 256 1023 383 892 902
3328 0 3455 127 350 360
2176 4736 2303 4863 552 562
3584 2304 3711 2431 744 754
128 2944 255 3071 517 527
3200 4096 3327 4223 699 709
128 768 255 895 525 535
256 2176 383 2303 752 762
2560 2176 2687 2303 384 394
896 4224 1023 4351 868 878
3072 5632 3199 5759 445 455
2048 3456 2175 3583 453 463
2944 3968 3071 4095 505 515
2432 1408 2559 1535 510 520
2688 4992 2815 5119 857 867
512 1152 639 1279 355 365
3456 5376 3583 5503 804 814
1408 2688 1535 2815 758 768
1664 1408 1791 1535 416 426
2432 2560 2559 2687 673 683
1792 2048 1919 2175 414 424
3456 1024 3583 1151 561 571
384 2176 511 2303 427 437
384 4864 511 4991 391 401
1152 4224 1279 4351 649 659
3584 5248 3711 5375 619 629
3584 5120 3711 5247 728 738
1408 2304 1535 2431 696 706
1664 128 1791 255 588 598
1792 3328 1919 3455 612 622
2304 4736 2431 4863 374 384
1536 128 1663 255 576 586
3712 3456 3839 3583 560 570
768 3712 895 3839 589 599
1408 2560 1535 2687 351 361
3584 768 3711 895 675 685
768 4224 895 4351 385 395
384 512 511 639 540 550
1280 384 1407 511 523 533
3712 2176 3839 2303 367 377
0 2560 127 2687 439 449
2688 5632 2815 5759 632 642
3712 1664 3839 1791 419 429
2816 5504 2943 5631 542 552
768 1920 895 2047 740 750
1024 2688 1151 2815 372 382
2048 2176 2175 2303 560 570
640 2944 767 3071 575 585
3584 4096 3711 4223 793 803
1664 3072 1791 3199 574 584
512 2944 639 3071 345 355
1152 768 1279 895 871 881
2176 2944 2303 3071 734 744
1024 3584 1151 3711 435 445
3840 896 3967 1023 860 870
1792 1536 1919 1663 414 424
640 512 767 639 652 662
2048 5120 2175 5247 684 694
1024 1152 1151 1279 708 718
1664 1152 1791 1279 903 913
3200 1280 3327 1407 894 904
3200 4480 3327 4607 745 755
3584 3840 3711 3967 576 586
2304 5120 2431 5247 551 561
2816 384 2943 511 431 441
256 0 383 127 590 600
2816 3840 2943 3967 824 834
3712 3584 3839 3711 414 424
1152 3840 1279 3967 728 738
768 3328 895 3455 444 454
768 1536 895 1663 444 454
3072 3328 3199 3455 830 840
3712 3328 3839 3455 674 684
0 5120 127 5247 526 536
1920 4992 2047 5119 469 479
2432 4608 2559 4735 510 520
0 2304 127 2431 497 507
2304 5504 2431 5631 627 637
3584 3712 3711 3839 749 759
3456 384 3583 511 386 396
1792 4992 1919 5119 800 810
1664 3200 1791 3327 692 702
512 2432 639 2559 855 865
3456 2944 3583 3071 565 575
768 3840 895 3967 725 735
2304 128 2431 255 811 821
896 1152 1023 1279 642 652
1920 640 2047 767 473 483
512 1024 639 1151 527 537
2048 2944 2175 3071 447 457
896 3712 1023 3839 472 482
3328 5248 3455 5375 517 527
2304 4992 2431 5119 790 800
1408 2944 1535 3071 646 656
1920 2048 2047 2175 666 676
2432 640 2559 767 884 894
2176 1920 2303 2047 835 845
3712 640 3839 767 587 597
3840 2048 3967 2175 896 906
3200 1536 3327 1663 659 669
2432 2048 2559 2175 629 639
768 5120 895 5247 372 382
1408 0 1535 127 521 531
384 4608 511 4735 399 409
3584 4352 3711 4479 496 506
640 3072 767 3199 588 598
1536 5120 1663 5247 507 517
0 2048 127 2175 656 666
1280 2560 1407 2687 813 823
1664 2304 1791 2431 854 864
2432 4224 2559 4351 706 716
2432 4480 2559 4607 709 719
640 3456 767 3583 577 587
2560 640 2687 767 592 602
2176 4608 2303 4735 872 882
1024 2176 1151 2303 398 408
128 1792 255 1919 435 445
2816 4096 2943 4223 546 556
128 1280 255 1407 469 479
2432 4736 2559 4863 560 570
1280 3072 1407 3199 591 601
2944 256 3071 383 540 550
2816 128 2943 255 675 685
2432 3200 2559 3327 477 487
640 1536 767 1663 849 859
3328 384 3455 511 438 448
1792 1280 1919 1407 393 403
3584 896 3711 1023 780 790
1664 384 1791 511 623 633
2944 4864 3071 4991 385 395
2048 640 2175 767 471 481
896 2688 1023 2815 348 358
896 3584 1023 3711 420 430
1152 896 1279 1023 655 665
1408 2816 1535 2943 345 355
1536 1792 1663 1919 580 590
128 1536 255 1663 339 349
3840 4736 3967 4863 450 460
3456 3712 3583 3839 899 909
3200 1024 3327 1151 815 825
1280 4096 1407 4223 401 411
3072 4608 3199 4735 636 646
640 3968 767 4095 556 566
256 768 383 895 641 651
3328 1280 3455 1407 827 837
3712 1280 3839 1407 459 469
384 3456 511 3583 638 648
1408 5120 1535 5247 358 368
768 3072 895 3199 668 678
3840 3200 3967 3327 770 780
1536 1536 1663 1663 516 526
3712 896 3839 1023 355 365
3840 4992 3967 5119 341 351
512 1664 639 1791 854 864
1280 4224 1407 4351 496 506
1536 5504 1663 5631 854 864
2048 3072 2175 3199 890 900
128 2432 255 2559 487 497
1280 5120 1407 5247 665 675
1408 768 1535 895 609 619
1152 2176 1279 2303 535 545
2176 5376 2303 5503 799 809
2304 3200 2431 3327 555 565
896 1280 1023 1407 619 629
1664 4608 1791 4735 485 495
2688 2688 2815 2815 498 508
1408 1792 1535 1919 797 807
1664 4992 1791 5119 487 497
3456 2304 3583 2431 612 622
2304 512 2431 639 792 802
1024 2048 1151 2175 901 911
2560 1152 2687 1279 676 686
2688 4352 2815 4479 460 470
3200 1664 3327 1791 488 498
2048 512 2175 639 348 358
1408 3328 1535 3455 383 393
3584 0 3711 127 610 620
1280 1536 1407 1663 649 659
1792 4864 1919 4991 339 349
1792 4096 1919 4223 877 887
3072 2688 3199 2815 451 461
2176 5120 2303 5247 518 528
3328 5120 3455 5247 830 840
384 1408 511 1535 455 465
3200 384 3327 511 468 478
3072 3584 3199 3711 422 432
2304 0 2431 127 340 350
1280 2816 1407 2943 455 465
768 4480 895 4607 507 517
768 128 895 255 604 614
3072 128 3199 255 662 672
3456 2432 3583 2559 706 716
640 2176 767 2303 499 509
1792 2432 1919 2559 881 891
2304 4352 2431 4479 356 366
2816 1920 2943 2047 648 658
1792 3840 1919 3967 475 485
128 3328 255 3455 816 826
2688 4864 2815 4991 733 743
768 512 895 639 685 695
640 4864 767 4991 639 649
768 5248 895 5375 665 675
1152 2944 1279 3071 457 467
896 2048 1023 2175 762 772
1792 256 1919 383 816 826
896 3840 1023 3967 404 414
512 640 639 767 743 753
3840 1536 3967 1663 458 468
640 3328 767 3455 716 726
3200 3968 3327 4095 745 755
2816 3968 2943 4095 431 441
1664 1536 1791 1663 765 775
512 3072 639 3199 861 871
3840 768 3967 895 357 367
2944 5120 3071 5247 819 829
768 5632 895 5759 426 436
512 5632 639 5759 378 388
3072 5120 3199 5247 757 767
384 4096 511 4223 479 489
3712 4480 3839 4607 548 558
2176 3968 2303 4095 457 467
2944 1280 3071 1407 739 749
2816 896 2943 1023 852 862
768 4608 895 4735 620 630
1536 3200 1663 3327 651 661
3456 1792 3583 1919 871 881
896 128 1023 255 866 876
640 4736 767 4863 725 735
2944 5248 3071 5375 783 793
1024 3840 1151 3967 695 705
1792 2560 1919 2687 506 516
2176 2432 2303 2559 519 529
3200 2560 3327 2687 392 402
2432 4352 2559 4479 562 572
640 128 767 255 879 889
2944 1920 3071 2047 871 881
1152 4608 1279 4735 629 639
2304 4224 2431 4351 719 729
256 3712 383 3839 360 370
896 4352 1023 4479 376 386
0 640 127 767 560 570
640 4608 767 4735 389 399
3840 2688 3967 2815 805 815
1152 1408 1279 1535 518 528
1280 2432 1407 2559 410 420
3200 2176 3327 2303 655 665
3712 384 3839 511 542 552
2688 1920 2815 2047 386 396
2304 1920 2431 2047 508 518
2944 5376 3071 5503 619 629
2432 1024 2559 1151 532 542
2688 3712 2815 3839 564 574
640 5120 767 5247 454 464
1920 4352 2047 4479 481 491
2176 2304 2303 2431 782 792
1920 128 2047 255 704 714
2304 2816 2431 2943 448 458
128 4608 255 4735 744 754
1152 2304 1279 2431 525 535
3072 4096 3199 4223 830 840
3072 5248 3199 5375 470 480
512 5504 639 5631 694 704
384 2944 511 3071 445 455
640 3584 767 3711 460 470
3712 4224 3839 4351 352 362
1408 4864 1535 4991 420 430
2816 2816 2943 2943 428 438
3200 5120 3327 5247 644 654
3712 1536 3839 1663 802 812
2944 896 3071 1023 386 396
1280 1280 1407 1407 684 694
1152 3968 1279 4095 394 404
2688 2048 2815 2175 439 449
2944 3456 3071 3583 520 530
256 3200 383 3327 510 520
3840 128 3967 255 447 457
2176 3328 2303 3455 773 783
2432 3584 2559 3711 715 725
1024 896 1151 1023 496 506
1024 4864 1151 4991 879 889
0 4736 127 4863 365 375
2304 1408 2431 1535 626 636
256 5120 383 5247 539 549
1792 768 1919 895 417 427
2304 3968 2431 4095 770 780
3584 5376 3711 5503 417 427
1280 4864 1407 4991 784 794
2304 384 2431 511 817 827
1280 640 1407 767 759 769
3072 3968 3199 4095 405 415
128 4352 255 4479 743 753
3328 4864 3455 4991 828 838
3712 512 3839 639 763 773
1280 0 1407 127 851 861
3456 4736 3583 4863 384 394
1792 3712 1919 3839 713 723
1664 3968 1791 4095 869 879
768 4864 895 4991 410 420
128 3840 255 3967 454 464
256 4352 383 4479 703 713
512 768 639 895 460 470
3712 2944 3839 3071 736 746
768 1792 895 1919 760 770
1152 640 1279 767 497 507
3200 4992 3327 5119 854 864
384 1024 511 1151 366 376
2304 2560 2431 2687 607 617
1152 5632 1279 5759 723 733
3072 2944 3199 3071 679 689
1536 2816 1663 2943 766 776
3712 1792 3839 1919 698 708
3072 4992 3199 5119 642 652
1536 1024 1663 1151 488 498
256 384 383 511 836 846
1536 4096 1663 4223 722 732
512 4864 639 4991 857 867
1792 5632 1919 5759 851 861
896 512 1023 639 603 613
1024 5120 1151 5247 770 780
3840 2560 3967 2687 642 652
640 5632 767 5759 671 681
256 1280 383 1407 609 619
3328 4224 3455 4351 501 511
3328 3584 3455 3711 465 475
1664 2432 1791 2559 491 501
2048 1024 2175 1151 483 493
2560 5632 2687 5759 842 852
384 3968 511 4095 456 466
3456 5632 3583 5759 557 567
3840 1280 3967 1407 894 904
256 3584 383 3711 757 767
1280 256 1407 383 615 625
3200 1408 3327 1535 726 736
1024 1792 1151 1919 613 623
2304 3328 2431 3455 710 720
1280 3200 1407 3327 676 686
256 1152 383 1279 577 587
0 128 127 255 413 423
3840 1664 3967 1791 430 440
384 4480 511 4607 854 864
1024 512 1151 639 777 787
2944 1408 3071 1535 791 801
2432 1920 2559 2047 592 602
640 1152 767 1279 863 873
2816 5632 2943 5759 658 668
3456 4096 3583 4223 411 421
3328 4992 3455 5119 816 826
1536 1152 1663 1279 606 616
1536 2048 1663 2175 612 622
3200 1920 3327 2047 617 627
0 384 127 511 344 354
1792 5504 1919 5631 379 389
1152 5248 1279 5375 889 899
0 1792 127 1919 508 518
2688 5376 2815 5503 508 518
2944 4992 3071 5119 411 421
2304 256 2431 383 654 664
768 3200 895 3327 381 391
2688 2432 2815 2559 531 541
1664 1280 1791 1407 809 819
640 0 767 127 371 381
3200 4608 3327 4735 886 896
3456 2688 3583 2815 455 465
3456 4224 3583 4351 760 770
2560 1792 2687 1919 596 606
2432 5504 2559 5631 828 838
2560 4352 2687 4479 467 477
512 2176 639 2303 771 781
3072 4736 3199 4863 337 347
3072 5376 3199 5503 560 570
1280 4736 1407 4863 657 667
3072 2432 3199 2559 712 722
1024 0 1151 127 382 392
3840 512 3967 639 345 355
1664 5120 1791 5247 672 682
0 3968 127 4095 704 714
1408 1664 1535 1791 354 364
3328 2048 3455 2175 584 594
256 4224 383 4351 341 351
2176 2688 2303 2815 629 639
2432 768 2559 895 865 875
2816 2176 2943 2303 348 358
2048 4480 2175 4607 607 617
1280 768 1407 895 785 795
1664 2816 1791 2943 454 464
3584 128 3711 255 713 723
1536 896 1663 1023 860 870
1152 2048 1279 2175 771 781
640 256 767 383 757 767
0 896 127 1023 422 432
2176 384 2303 511 612 622
768 4096 895 4223 791 801
1920 1792 2047 1919 404 414
2048 256 2175 383 665 675
2048 4864 2175 4991 582 592
2816 2944 2943 3071 598 608
1408 5632 1535 5759 590 600
3072 1920 3199 2047 712 722
1536 4736 1663 4863 466 476
3456 256 3583 383 525 535
3584 3072 3711 3199 870 880
1920 1664 2047 1791 721 731
2688 4096 2815 4223 901 911
1152 4352 1279 4479 348 358
384 4224 511 4351 729 739
2304 4480 2431 4607 669 679
2560 3072 2687 3199 650 660
1408 1920 1535 2047 682 692
896 1792 1023 1919 851 861
256 3328 383 3455 654 664
1664 1920 1791 2047 342 352
1536 640 1663 767 812 822
3328 3328 3455 3455 600 610
640 1280 767 1407 612 622
256 3840 383 3967 629 639
1536 1280 1663 1407 717 727
3328 2688 3455 2815 421 431
3072 3200 3199 3327 585 595
3328 1792 3455 1919 520 530
512 5248 639 5375 841 851
2816 0 2943 127 605 615
1792 1408 1919 1535 730 740
2432 4096 2559 4223 663 673
256 2816 383 2943 607 617
2304 1792 2431 1919 491 501
1792 0 1919 127 341 351
512 2048 639 2175 869 879
512 3200 639 3327 744 754
1408 4096 1535 4223 716 726
3072 2816 3199 2943 366 376
640 768 767 895 868 878
2944 1664 3071 1791 617 627
512 2560 639 2687 750 760
0 1024 127 1151 865 875
1280 4480 1407 4607 564 574
1152 4096 1279 4223 510 520
1920 2304 2047 2431 565 575
2048 3968 2175 4095 877 887
1536 3840 1663 3967 790 800
1920 1408 2047 1535 512 522
3584 512 3711 639 563 573
2688 3584 2815 3711 796 806
3072 2304 3199 2431 356 366
3584 1792 3711 1919 761 771
128 2176 255 2303 439 449
768 896 895 1023 648 658
3072 1536 3199 1663 575 585
3072 3456 3199 3583 524 534
640 1920 767 2047 831 841
3840 1792 3967 1919 693 703
256 4096 383 4223 396 406
2304 1280 2431 1407 532 542
3456 640 3583 767 519 529
2944 4736 3071 4863 658 668
3200 128 3327 255 802 812
3072 4480 3199 4607 608 618
2560 3584 2687 3711 662 672
2944 3328 3071 3455 702 712
2560 1664 2687 1791 449 459
3072 640 3199 767 410 420
128 5376 255 5503 731 741
3456 1280 3583 1407 348 358
384 2432 511 2559 690 700
128 5504 255 5631 512 522
1408 4224 1535 4351 876 886
2176 3584 2303 3711 350 360
384 3584 511 3711 621 631
3328 1024 3455 1151 537 547
1280 3328 1407 3455 826 836
1792 1920 1919 2047 507 517
3200 3200 3327 3327 712 722
1024 256 1151 383 420 430
3328 3456 3455 3583 399 409
256 2688 383 2815 731 741
256 1024 383 1151 844 854
1536 3328 1663 3455 502 512
2944 128 3071 255 410 420
384 4736 511 4863 515 525
0 4608 127 4735 624 634
256 2432 383 2559 337 347
384 4992 511 5119 806 816
1664 3712 1791 3839 618 628
768 3456 895 3583 467 477
1152 3328 1279 3455 356 366
2176 2560 2303 2687 372 382
2048 1280 2175 1407 868 878
2560 1920 2687 2047 628 638
640 2304 767 2431 633 643
1408 3968 1535 4095 666 676
2944 3712 3071 3839 675 685
2816 2432 2943 2559 706 716
3072 2560 3199 2687 429 439
1152 2688 1279 2815 686 696
2432 4992 2559 5119 427 437
3712 2688 3839 2815 539 549
1920 384 2047 511 658 668
1152 5376 1279 5503 441 451
1920 5504 2047 5631 823 833
256 4480 383 4607 793 803
1536 768 1663 895 865 875
3712 2432 3839 2559 427 437
3840 3840 3967 3967 536 546
3840 640 3967 767 381 391
1920 2560 2047 2687 424 434
1152 4992 1279 5119 364 374
1152 4864 1279 4991 888 898
3072 768 3199 895 524 534
3456 768 3583 895 372 382
2304 3584 2431 3711 435 445
2944 5504 3071 5631 811 821
1792 5120 1919 5247 373 383
3072 4352 3199 4479 337 347
384 1280 511 1407 461 471
512 4224 639 4351 503 513
3712 128 3839 255 859 869
896 2816 1023 2943 496 506
2816 3456 2943 3583 467 477
3200 4224 3327 4351 583 593
2688 4608 2815 4735 727 737
1152 128 1279 255 732 742
640 1024 767 1151 354 364
1152 4480 1279 4607 529 539
1024 1408 1151 1535 759 769
512 1408 639 1535 703 713
2688 3968 2815 4095 620 630
2048 5248 2175 5375 394 404
3200 5632 3327 5759 392 402
384 640 511 767 659 669
256 896 383 1023 881 891
2048 1792 2175 1919 848 858
0 4992 127 5119 555 565
2944 2944 3071 3071 339 349
2176 4992 2303 5119 480 490
3584 2944 3711 3071 599 609
256 5376 383 5503 426 436
1920 3200 2047 3327 442 452
2432 3328 2559 3455 518 528
3712 2304 3839 2431 614 624
2944 2432 3071 2559 478 488
2560 5504 2687 5631 616 626
896 5504 1023 5631 456 466
0 4096 127 4223 449 459
1920 2176 2047 2303 552 562
3840 2944 3967 3071 580 590
128 896 255 1023 615 625
3584 384 3711 511 442 452
896 5120 1023 5247 675 685
1920 4736 2047 4863 681 691
2304 2688 2431 2815 688 698
384 5632 511 5759 498 508
640 640 767 767 444 454
1536 5376 1663 5503 640 650
2176 256 2303 383 626 636
2560 2560 2687 2687 866 876
768 1408 895 1535 439 449
2816 3712 2943 3839 844 854
1792 2304 1919 2431 858 868
2432 1792 2559 1919 429 439
640 2560 767 2687 534 544
384 256 511 383 835 845
2432 0 2559 127 373 383
768 2048 895 2175 752 762
1024 1920 1151 2047 837 847
2176 5248 2303 5375 451 461
896 3328 1023 3455 447 457
3200 4736 3327 4863 862 872
1280 2048 1407 2175 492 502
2688 2304 2815 2431 563 573
2944 2560 3071 2687 507 517
1024 2944 1151 3071 633 643
3456 4864 3583 4991 778 788
2944 0 3071 127 626 636
3584 4608 3711 4735 745 755
1920 4864 2047 4991 361 371
3328 5632 3455 5759 805 815
3456 2048 3583 2175 391 401
1408 5504 1535 5631 466 476
512 3456 639 3583 576 586
1408 3456 1535 3583 670 680
3840 4480 3967 4607 817 827
512 5120 639 5247 672 682
1920 512 2047 639 712 722
1024 768 1151 895 553 563
768 4352 895 4479 896 906
1408 384 1535 511 674 684
2176 896 2303 1023 590 600
2304 4864 2431 4991 836 846
2304 3072 2431 3199 629 639
0 0 127 127 682 692
896 2176 1023 2303 466 476
2816 5120 2943 5247 495 505
640 5376 767 5503 653 663
1024 1664 1151 1791 816 826
1152 0 1279 127 364 374
3840 4096 3967 4223 702 712
640 4352 767 4479 861 871
3328 512 3455 639 824 834
0 3584 127 3711 857 867
896 1664 1023 1791 521 531
384 2048 511 2175 427 437
512 512 639 639 521 531
1280 3712 1407 3839 395 405
1920 3072 2047 3199 716 726
2944 640 3071 767 864 874
0 2688 127 2815 419 429
1152 512 1279 639 617 627
1024 1536 1151 1663 352 362
3584 2048 3711 2175 548 558
1152 3072 1279 3199 791 801
1792 4224 1919 4351 620 630
3200 5376 3327 5503 396 406
1664 2560 1791 2687 495 505
3712 256 3839 383 429 439
1408 4608 1535 4735 547 557
3712 5248 3839 5375 487 497
1152 4736 1279 4863 701 711
2304 3456 2431 3583 800 810
1408 640 1535 767 355 365
2944 768 3071 895 361 371
0 3072 127 3199 513 523
2944 4352 3071 4479 419 429
2048 1408 2175 1535 520 530
1024 3328 1151 3455 829 839
256 1536 383 1663 899 909
2688 1024 2815 1151 482 492
1792 3456 1919 3583 627 637
384 1792 511 1919 791 801
2048 1920 2175 2047 402 412
1152 2816 1279 2943 516 526
1152 1536 1279 1663 408 418
3072 1152 3199 1279 492 502
2816 4480 2943 4607 700 710
0 1280 127 1407 401 411
3840 2432 3967 2559 806 816
2176 4096 2303 4223 661 671
3456 1664 3583 1791 418 428
128 1024 255 1151 455 465
640 384 767 511 611 621
1280 512 1407 639 564 574
3200 2816 3327 2943 342 352
3200 3072 3327 3199 829 839
2048 1664 2175 1791 623 633
896 4480 1023 4607 435 445
2560 2048 2687 2175 354 364
3200 2304 3327 2431 833 843
2304 4608 2431 4735 521 531
896 3200 1023 3327 654 664
1792 896 1919 1023 664 674
2176 4864 2303 4991 474 484
0 2944 127 3071 678 688
2176 768 2303 895 840 850
1152 3584 1279 3711 556 566
1920 0 2047 127 796 806
2944 4608 3071 4735 700 710
1920 5632 2047 5759 486 496
2816 2048 2943 2175 374 384
1408 1024 1535 1151 424 434
1792 512 1919 639 374 384
384 128 511 255 374 384
1792 2176 1919 2303 538 548
1664 4224 1791 4351 380 390
256 512 383 639 529 539
384 1920 511 2047 901 911
3200 3840 3327 3967 445 455
1664 4480 1791 4607 367 377
1664 4096 1791 4223 593 603
1536 2944 1663 3071 461 471
3072 2176 3199 2303 485 495
3840 3072 3967 3199 802 812
2304 2944 2431 3071 689 699
3840 3584 3967 3711 425 435
3840 0 3967 127 728 738
512 4992 639 5119 343 353
1664 2048 1791 2175 524 534
2304 1664 2431 1791 680 690
3584 1664 3711 1791 775 785
3200 4864 3327 4991 708 718
1792 640 1919 767 430 440
3584 4480 3711 4607 535 545
2560 256 2687 383 845 855
896 3456 1023 3583 707 717
2816 5248 2943 5375 407 417
1536 4480 1663 4607 432 442
3328 1408 3455 1535 599 609
384 5120 511 5247 770 780
3200 5504 3327 5631 582 592
3072 512 3199 639 572 582
256 1792 383 1919 792 802
2176 1536 2303 1663 554 564
3712 2048 3839 2175 544 554
1280 5504 1407 5631 426 436
2048 4224 2175 4351 532 542
2304 1152 2431 1279 672 682
1664 768 1791 895 359 369
0 768 127 895 640 650
2816 1792 2943 1919 702 712
768 2432 895 2559 615 625
2560 896 2687 1023 700 710
2816 3328 2943 3455 850 860
512 3968 639 4095 514 524
2048 5504 2175 5631 485 495
3712 4736 3839 4863 371 381
896 1408 1023 1535 840 850
2176 2816 2303 2943 426 436
2176 1152 2303 1279 558 568
128 1152 255 1279 616 626
128 4992 255 5119 864 874
1024 4992 1151 5119 864 874
768 1664 895 1791 645 655
1024 5632 1151 5759 431 441
2816 768 2943 895 740 750
384 1536 511 1663 448 458
1664 3328 1791 3455 501 511
2176 4480 2303 4607 836 846
1664 5376 1791 5503 645 655
2816 1280 2943 1407 869 879
2688 640 2815 767 449 459
1920 1920 2047 2047 815 825
1024 1024 1151 1151 758 768
0 3328 127 3455 601 611
2688 3840 2815 3967 456 466
2048 3328 2175 3455 782 792
640 4096 767 4223 796 806
1536 5632 1663 5759 791 801
2816 1024 2943 1151 804 814
2432 1536 2559 1663 468 478
128 5632 255 5759 589 599
2560 4096 2687 4223 516 526
2688 1536 2815 1663 831 841
640 5504 767 5631 535 545
3328 256 3455 383 628 638
1408 3200 1535 3327 347 357
2688 3072 2815 3199 504 514
3840 1024 3967 1151 564 574
512 384 639 511 436 446
256 2944 383 3071 726 736
256 1408 383 1535 778 788
0 1536 127 1663 397 407
2944 4224 3071 4351 621 631
1792 3072 1919 3199 519 529
1536 3712 1663 3839 426 436
3456 1920 3583 2047 458 468
1280 3840 1407 3967 565 575
3712 5376 3839 5503 525 535
0 5248 127 5375 892 902
3712 1920 3839 2047 874 884
1280 2176 1407 2303 490 500
1792 384 1919 511 437 447
384 5504 511 5631 720 730
640 4480 767 4607 846 856
2816 4864 2943 4991 636 646
384 384 511 511 839 849
1280 3968 1407 4095 725 735
2048 2048 2175 2175 528 538
384 2688 511 2815 661 671
256 256 383 383 625 635
3840 5504 3967 5631 659 669
2944 1152 3071 1279 346 356
3328 1152 3455 1279 739 749
1664 5248 1791 5375 521 531
1408 2432 1535 2559 479 489
128 4096 255 4223 398 408
1280 1024 1407 1151 531 541
0 1664 127 1791 647 657
1152 1024 1279 1151 560 570
2176 5632 2303 5759 631 641
1536 3072 1663 3199 404 414
3584 3968 3711 4095 435 445
2304 5248 2431 5375 626 636
3200 256 3327 383 623 633
2688 896 2815 1023 617 627
1536 2432 1663 2559 650 660
1920 4096 2047 4223 744 754
3840 5120 3967 5247 846 856
256 4864 383 4991 838 848
1536 2560 1663 2687 667 677
1664 1792 1791 1919 751 761
3200 896 3327 1023 359 369
1792 5248 1919 5375 702 712
768 5504 895 5631 567 577
2432 2176 2559 2303 869 879
2304 768 2431 895 434 444
2816 2560 2943 2687 503 513
2048 384 2175 511 625 635
128 128 255 255 561 571
2944 2304 3071 2431 762 772
1024 5376 1151 5503 848 858
3712 2560 3839 2687 883 893
896 5376 1023 5503 772 782
2688 5248 2815 5375 619 629
1408 4352 1535 4479 436 446
1152 1664 1279 1791 849 859
0 3840 127 3967 680 690
1408 1152 1535 1279 630 640
1792 1792 1919 1919 527 537
2816 2304 2943 2431 337 347
896 1536 1023 1663 859 869
2816 4736 2943 4863 529 539
768 3968 895 4095 435 445
2560 3712 2687 3839 516 526
1152 5120 1279 5247 816 826
3328 2816 3455 2943 650 660
1408 3712 1535 3839 764 774
3840 3328 3967 3455 591 601
2304 4096 2431 4223 527 537
2560 3968 2687 4095 698 708
2560 1408 2687 1535 355 365
1664 2176 1791 2303 374 384
2432 3840 2559 3967 656 666
2816 640 2943 767 655 665
3456 2176 3583 2303 540 550
3712 3200 3839 3327 621 631
3456 4480 3583 4607 753 763
3200 3712 3327 3839 641 651
2432 4864 2559 4991 844 854
1024 4096 1151 4223 410 420
1408 512 1535 639 499 509
512 3328 639 3455 788 798
2688 1792 2815 1919 891 901
2944 2048 3071 2175 367 377
512 1920 639 2047 438 448
2304 5632 2431 5759 423 433
1792 3968 1919 4095 815 825
1152 2432 1279 2559 782 792
128 3456 255 3583 652 662
1408 3584 1535 3711 373 383
2560 0 2687 127 717 727
2304 1024 2431 1151 542 552
768 384 895 511 566 576
896 4608 1023 4735 750 760
1536 2304 1663 2431 657 667
1408 1280 1535 1407 413 423
1152 2560 1279 2687 496 506
3328 128 3455 255 517 527
2688 1280 2815 1407 667 677
384 2304 511 2431 622 632
2816 3072 2943 3199 879 889
384 3072 511 3199 620 630
2688 3200 2815 3327 659 669
2048 4736 2175 4863 566 576
1536 0 1663 127 372 382
3328 5376 3455 5503 862 872
256 4992 383 5119 850 860
128 2560 255 2687 723 733
384 896 511 1023 599 609
3328 2432 3455 2559 725 735
256 4736 383 4863 796 806
2432 5248 2559 5375 762 772
1792 2816 1919 2943 544 554
2304 2176 2431 2303 718 728
2048 2816 2175 2943 727 737
0 4864 127 4991 646 656
2560 4480 2687 4607 740 750
256 2304 383 2431 573 583
1920 4608 2047 4735 524 534
2816 4352 2943 4479 488 498
1536 4992 1663 5119 610 620
3200 3584 3327 3711 839 849
2944 1024 3071 1151 628 638
896 4992 1023 5119 774 784
3840 3712 3967 3839 685 695
2560 5248 2687 5375 381 391
2432 2432 2559 2559 850 860
2560 2304 2687 2431 779 789
256 5504 383 5631 562 572
3712 4352 3839 4479 548 558
2048 2688 2175 2815 497 507
1664 640 1791 767 472 482
1152 5504 1279 5631 767 777
2688 2816 2815 2943 755 765
1536 4352 1663 4479 701 711
2688 4736 2815 4863 737 747
3584 256 3711 383 648 658
2944 5632 3071 5759 582 592
384 1152 511 1279 556 566
2432 3968 2559 4095 846 856
2048 2432 2175 2559 338 348
2176 1408 2303 1535 383 393
0 512 127 639 704 714
1664 256 1791 383 545 555
2048 768 2175 895 699 709
0 3456 127 3583 462 472
1536 3456 1663 3583 854 864
2688 5120 2815 5247 535 545
384 4352 511 4479 634 644
1920 1024 2047 1151 409 419
1408 256 1535 383 621 631
1920 5248 2047 5375 340 350
384 2560 511 2687 344 354
3456 3328 3583 3455 346 356
1408 4480 1535 4607 777 787
384 5248 511 5375 627 637
1664 4864 1791 4991 390 400
3584 2176 3711 2303 658 668
1792 3584 1919 3711 503 513
2432 1280 2559 1407 550 560
3072 3840 3199 3967 869 879
1664 1664 1791 1791 598 608
1792 2944 1919 3071 620 630
3200 640 3327 767 732 742
2560 3200 2687 3327 449 459
1024 384 1151 511 352 362
3456 3072 3583 3199 500 510
3712 3840 3839 3967 761 771
1024 5248 1151 5375 532 542
128 2304 255 2431 719 729
3584 2688 3711 2815 638 648
1536 3584 1663 3711 533 543
2560 768 2687 895 700 710
2560 4224 2687 4351 373 383
3840 5376 3967 5503 742 752
2560 3328 2687 3455 496 506
2560 5120 2687 5247 498 508
2816 3584 2943 3711 692 702
3840 2176 3967 2303 629 639
3456 4992 3583 5119 730 740
1280 4352 1407 4479 765 775
640 1408 767 1535 347 357
2816 1664 2943 1791 733 743
3200 1792 3327 1919 707 717
256 2560 383 2687 356 366
3584 2432 3711 2559 541 551
768 2816 895 2943 431 441
1920 5120 2047 5247 344 354
512 256 639 383 797 807
2944 4480 3071 4607 532 542
3456 1536 3583 1663 493 503
2816 512 2943 639 763 773
768 4992 895 5119 793 803
2176 3840 2303 3967 776 786
2688 1152 2815 1279 526 536
3840 1408 3967 1535 841 851
128 640 255 767 792 802
3584 1920 3711 2047 690 700
3072 4224 3199 4351 633 643
1280 1152 1407 1279 355 365
896 768 1023 895 440 450
512 3712 639 3839 367 377
1664 3584 1791 3711 552 562
3328 3712 3455 3839 739 749
640 2432 767 2559 403 413
1920 896 2047 1023 390 400
3328 2304 3455 2431 833 843
3456 5120 3583 5247 499 509
0 4352 127 4479 680 690
3072 1280 3199 1407 558 568
3072 4864 3199 4991 893 903
3840 1920 3967 2047 541 551
896 5632 1023 5759 568 578
0 5376 127 5503 657 667
640 896 767 1023 847 857
2048 4608 2175 4735 522 532
1664 2944 1791 3071 797 807
896 1024 1023 1151 374 384
3584 4736 3711 4863 530 540
3200 512 3327 639 690 700
3456 128 3583 255 569 579
2432 5632 2559 5759 686 696
2048 896 2175 1023 484 494
3584 4224 3711 4351 393 403
1920 3840 2047 3967 493 503
2560 512 2687 639 609 619
3072 0 3199 127 832 842
1408 3072 1535 3199 883 893
2176 3712 2303 3839 897 907
3712 3072 3839 3199 561 571
3328 896 3455 1023 902 912
128 3712 255 3839 368 378
3200 2944 3327 3071 591 601
0 1408 127 1535 550 560
640 2688 767 2815 770 780
512 4608 639 4735 592 602
3840 2816 3967 2943 538 548
896 2304 1023 2431 634 644
896 0 1023 127 755 765
3712 2816 3839 2943 881 891
3584 3456 3711 3583 856 866
640 3712 767 3839 679 689
3200 1152 3327 1279 519 529
3456 512 3583 639 455 465
1024 640 1151 767 432 442
256 4608 383 4735 462 472
2176 1792 2303 1919 641 651
2432 1152 2559 1279 827 837
2944 4096 3071 4223 434 444
3328 4736 3455 4863 769 779
2432 2944 2559 3071 614 624
3712 1408 3839 1535 601 611
1536 3968 1663 4095 551 561
3456 2816 3583 2943 696 706
2560 5376 2687 5503 592 602
1024 2432 1151 2559 642 652
2560 4608 2687 4735 401 411
2944 2176 3071 2303 521 531
256 3456 383 3583 622 632
3328 4608 3455 4735 394 404
128 512 255 639 745 755
768 2560 895 2687 555 565
2432 512 2559 639 426 436
2304 640 2431 767 368 378
512 128 639 255 768 778
2432 3712 2559 3839 794 804
896 4864 1023 4991 558 568
3456 5248 3583 5375 402 412
3584 2560 3711 2687 525 535
512 1792 639 1919 409 419
1152 1280 1279 1407 379 389
3584 3200 3711 3327 412 422
1792 4608 1919 4735 686 696
1536 5248 1663 5375 496 506
1024 2560 1151 2687 530 540
3584 640 3711 767 717 727
1024 3072 1151 3199 556 566
128 4480 255 4607 834 844
3456 3456 3583 3583 640 650
2560 2688 2687 2815 588 598
0 1920 127 2047 634 644
2560 384 2687 511 852 862
3200 2432 3327 2559 852 862
2048 128 2175 255 848 858
896 640 1023 767 645 655
1664 5632 1791 5759 476 486
3712 4992 3839 5119 522 532
768 2944 895 3071 709 719
2432 384 2559 511 660 670
1664 5504 1791 5631 742 752
128 5248 255 5375 702 712
384 3840 511 3967 501 511
1408 4992 1535 5119 393 403
1024 3200 1151 3327 726 736
768 2176 895 2303 467 477
2048 3584 2175 3711 759 769
1920 2816 2047 2943 616 626
512 4096 639 4223 689 699
2176 1280 2303 1407 824 834
1024 2304 1151 2431 804 814
896 896 1023 1023 696 706
3712 0 3839 127 801 811
1408 5376 1535 5503 814 824
2048 4352 2175 4479 479 489
1536 4224 1663 4351 896 906
3200 2048 3327 2175 441 451
2688 4224 2815 4351 859 869
896 2432 1023 2559 483 493
768 2304 895 2431 873 883
2688 512 2815 639 595 605
3200 2688 3327 2815 670 680
2304 2304 2431 2431 604 614
3456 3840 3583 3967 544 554
2688 256 2815 383 553 563
2432 128 2559 255 483 493
768 5376 895 5503 787 797
3456 1408 3583 1535 692 702
896 2560 1023 2687 668 678
1024 4352 1151 4479 592 602
768 640 895 767 448 458
1792 3200 1919 3327 506 516
2688 4480 2815 4607 892 902
2304 3840 2431 3967 548 558
2560 2816 2687 2943 497 507
2176 1024 2303 1151 714 724
1024 4736 1151 4863 678 688
1664 896 1791 1023 352 362
768 3584 895 3711 427 437
1536 512 1663 639 463 473
512 4352 639 4479 774 784
1664 4736 1791 4863 829 839
1920 2432 2047 2559 758 768
384 5376 511 5503 672 682
1280 2944 1407 3071 740 750
1920 768 2047 895 900 910
3328 1536 3455 1663 599 609
2560 4992 2687 5119 779 789
2560 3456 2687 3583 855 865
3328 1664 3455 1791 680 690
1280 4992 1407 5119 748 758
3840 1152 3967 1279 481 491
2176 3072 2303 3199 446 456
896 2944 1023 3071 448 458
1536 4608 1663 4735 623 633
3712 1024 3839 1151 663 673
2944 3840 3071 3967 530 540
2816 1152 2943 1279 506 516
640 2048 767 2175 451 461
2560 3840 2687 3967 796 806
3072 3712 3199 3839 697 707
3840 4352 3967 4479 563 573
2816 256 2943 383 399 409
2176 128 2303 255 685 695
640 2816 767 2943 709 719
3840 5248 3967 5375 559 569
3840 256 3967 383 496 506
2048 5376 2175 5503 483 493
3584 2816 3711 2943 510 520
1280 2688 1407 2815 521 531
128 3584 255 3711 545 555
2816 1408 2943 1535 380 390
1920 3584 2047 3711 381 391
1152 256 1279 383 399 409
1024 4608 1151 4735 650 660
2048 1152 2175 1279 719 729
1408 2176 1535 2303 395 405
3584 3584 3711 3711 345 355
1920 1280 2047 1407 594 604
0 1152 127 1279 848 858
2176 3200 2303 3327 689 699
2432 2816 2559 2943 374 384
2816 5376 2943 5503 360 370
3072 384 3199 511 733 743
0 2176 127 2303 420 430
2176 5504 2303 5631 647 657
