20
2443 3462 2448 3467 0 471
2689 2455 2694 2460 0 471
3233 3587 3238 3592 0 471
3114 464 3119 469 0 471
1581 1921 1586 1926 0 471
3914 3211 3919 3216 0 471
2410 3791 2415 3796 0 471
4215 2674 4220 2679 0 471
76 3102 81 3107 0 471
4392 2116 4397 2121 0 471
883 2940 888 2945 0 471
2075 737 2080 742 0 471
2874 642 2879 647 0 471
1338 2855 1343 2860 0 471
531 1475 536 1480 0 471
3945 3458 3950 3463 0 471
1198 1958 1203 1963 0 471
1633 1479 1638 1484 0 471
3729 1904 3734 1909 0 471
5479 1178 5484 1183 0 471
