20
483 3845 583 3945 337 914
1616 556 1716 656 337 914
2863 68 2963 168 337 914
3516 3331 3616 3431 337 914
3417 1806 3517 1906 337 914
5330 2698 5430 2798 337 914
3991 2211 4091 2311 337 914
4852 597 4952 697 337 914
666 3042 766 3142 337 914
3352 2498 3452 2598 337 914
3089 2411 3189 2511 337 914
615 187 715 287 337 914
4391 1656 4491 1756 337 914
2960 3835 3060 3935 337 914
5274 1878 5374 1978 337 914
1927 2315 2027 2415 337 914
1269 781 1369 881 337 914
3309 966 3409 1066 337 914
5522 3096 5622 3196 337 914
3832 2247 3932 2347 337 914
