1000
1957 2626 2057 2726 552 562
3627 2064 3727 2164 857 867
1488 857 1588 957 646 656
1364 2301 1464 2401 722 732
1417 2520 1517 2620 580 590
5409 383 5509 483 364 374
3606 1595 3706 1695 678 688
4936 2930 5036 3030 529 539
5298 1116 5398 1216 394 404
2889 483 2989 583 386 396
5429 236 5529 336 741 751
4855 3476 4955 3576 636 646
5016 2315 5116 2415 571 581
1651 230 1751 330 893 903
2760 999 2860 1099 715 725
3121 3300 3221 3400 863 873
2064 2081 2164 2181 811 821
1273 2972 1373 3072 349 359
2514 1440 2614 1540 393 403
3082 3753 3182 3853 342 352
4812 2447 4912 2547 487 497
4606 3185 4706 3285 872 882
3617 2363 3717 2463 592 602
602 3125 702 3225 866 876
1770 412 1870 512 864 874
2763 794 2863 894 414 424
3619 604 3719 704 542 552
502 192 602 292 409 419
5651 2475 5751 2575 898 908
5416 583 5516 683 466 476
4080 2900 4180 3000 495 505
4153 194 4253 294 570 580
3523 3736 3623 3836 643 653
4230 1276 4330 1376 456 466
1345 1668 1445 1768 897 907
3685 879 3785 979 443 453
4071 540 4171 640 886 896
921 998 1021 1098 736 746
277 2530 377 2630 753 763
1144 3599 1244 3699 362 372
2329 2192 2429 2292 745 755
3519 2289 3619 2389 540 550
3276 970 3376 1070 615 625
1981 393 2081 493 635 645
1287 3441 1387 3541 526 536
3953 658 4053 758 601 611
2172 493 2272 593 884 894
3196 1126 3296 1226 715 725
3112 224 3212 324 543 553
5539 631 5639 731 489 499
972 2201 1072 2301 558 568
1623 2075 1723 2175 835 845
5252 3438 5352 3538 722 732
5100 3505 5200 3605 408 418
1768 2747 1868 2847 359 369
2769 2825 2869 2925 598 608
488 3285 588 3385 572 582
3181 2078 3281 2178 354 364
1525 645 1625 745 650 660
620 1461 720 1561 821 831
5327 2456 5427 2556 364 374
4164 2630 4264 2730 508 518
730 3424 830 3524 350 360
4842 3427 4942 3527 765 775
3508 1262 3608 1362 672 682
4367 3745 4467 3845 502 512
174 1300 274 1400 426 436
188 1022 288 1122 361 371
696 1256 796 1356 706 716
869 3126 969 3226 615 625
3511 2429 3611 2529 808 818
4656 1358 4756 1458 366 376
2635 797 2735 897 755 765
725 469 825 569 422 432
1460 2014 1560 2114 736 746
5574 2321 5674 2421 751 761
903 800 1003 900 667 677
5736 441 5836 541 464 474
1412 2369 1512 2469 457 467
2524 256 2624 356 851 861
3682 1286 3782 1386 535 545
671 2355 771 2455 362 372
5490 389 5590 489 702 712
2087 1324 2187 1424 804 814
749 861 849 961 676 686
4351 1749 4451 1849 842 852
3627 2910 3727 3010 493 503
5359 1077 5459 1177 870 880
1800 980 1900 1080 855 865
769 1860 869 1960 761 771
2333 1277 2433 1377 506 516
1444 1689 1544 1789 554 564
1712 3071 1812 3171 574 584
4973 3700 5073 3800 515 525
4036 1697 4136 1797 869 879
2408 2225 2508 2325 707 717
5562 2475 5662 2575 762 772
1638 1095 1738 1195 491 501
3412 511 3512 611 549 559
652 1824 752 1924 674 684
4602 1761 4702 1861 447 457
3211 2596 3311 2696 339 349
27 3191 127 3291 445 455
4534 2939 4634 3039 421 431
787 2308 887 2408 416 426
1176 660 1276 760 831 841
1451 2969 1551 3069 814 824
1964 3483 2064 3583 762 772
3263 1236 3363 1336 801 811
1572 3748 1672 3848 419 429
5709 977 5809 1077 698 708
2687 1853 2787 1953 637 647
4105 929 4205 1029 827 837
4526 2497 4626 2597 501 511
849 77 949 177 562 572
116 2334 216 2434 783 793
384 1810 484 1910 535 545
93 166 193 266 411 421
4602 2382 4702 2482 443 453
4783 2882 4883 2982 517 527
1404 875 1504 975 489 499
3647 1538 3747 1638 530 540
368 6 468 106 727 737
125 3253 225 3353 751 761
1598 622 1698 722 844 854
4188 2861 4288 2961 339 349
4009 1740 4109 1840 677 687
882 2389 982 2489 516 526
2741 595 2841 695 642 652
2068 3425 2168 3525 636 646
5256 3496 5356 3596 705 715
239 2568 339 2668 456 466
1708 586 1808 686 394 404
3951 3394 4051 3494 562 572
1126 3476 1226 3576 413 423
4397 2983 4497 3083 658 668
5116 79 5216 179 592 602
4182 2883 4282 2983 693 703
4665 521 4765 621 818 828
4089 3280 4189 3380 734 744
4578 552 4678 652 720 730
913 3770 1013 3870 374 384
2075 2927 2175 3027 628 638
134 356 234 456 840 850
5359 2300 5459 2400 540 550
1927 1190 2027 1290 457 467
1438 452 1538 552 468 478
4828 648 4928 748 708 718
156 1944 256 2044 683 693
4059 169 4159 269 435 445
4651 3354 4751 3454 776 786
3336 2076 3436 2176 724 734
4868 1617 4968 1717 344 354
2767 3389 2867 3489 592 602
4005 189 4105 289 683 693
3887 2937 3987 3037 558 568
1966 2792 2066 2892 721 731
1697 1494 1797 1594 378 388
3963 2680 4063 2780 777 787
23 3045 123 3145 458 468
4533 3360 4633 3460 351 361
4420 569 4520 669 631 641
1583 1140 1683 1240 411 421
2365 3007 2465 3107 819 829
895 514 995 614 880 890
2933 3536 3033 3636 606 616
2502 2104 2602 2204 383 393
5269 1447 5369 1547 338 348
3936 1795 4036 1895 388 398
3167 1173 3267 1273 821 831
1863 51 1963 151 397 407
4603 3039 4703 3139 568 578
1371 3297 1471 3397 805 815
5723 1254 5823 1354 702 712
1124 2417 1224 2517 827 837
3862 1284 3962 1384 687 697
5488 1540 5588 1640 466 476
1700 2389 1800 2489 733 743
3620 3075 3720 3175 725 735
5109 3046 5209 3146 723 733
5039 1067 5139 1167 760 770
2320 1739 2420 1839 708 718
843 1991 943 2091 889 899
4921 2035 5021 2135 744 754
1206 111 1306 211 398 408
4631 2805 4731 2905 893 903
2967 104 3067 204 621 631
3921 1196 4021 1296 533 543
2896 2428 2996 2528 671 681
4961 1174 5061 1274 842 852
3845 479 3945 579 602 612
5187 3704 5287 3804 401 411
1372 3458 1472 3558 598 608
832 3534 932 3634 702 712
190 386 290 486 561 571
894 2330 994 2430 655 665
5326 1199 5426 1299 749 759
422 1593 522 1693 761 771
1829 2306 1929 2406 757 767
2554 3885 2654 3985 657 667
575 2197 675 2297 445 455
2944 3847 3044 3947 681 691
3335 1420 3435 1520 464 474
3673 708 3773 808 764 774
3940 470 4040 570 878 888
5259 1718 5359 1818 533 543
563 3084 663 3184 778 788
1636 2207 1736 2307 476 486
4436 70 4536 170 657 667
2207 1155 2307 1255 378 388
5247 549 5347 649 724 734
1925 724 2025 824 787 797
301 2015 401 2115 503 513
2879 2511 2979 2611 860 870
2544 3001 2644 3101 565 575
1055 943 1155 1043 748 758
3597 3044 3697 3144 896 906
2208 2853 2308 2953 533 543
808 2815 908 2915 486 496
2293 2705 2393 2805 522 532
696 2451 796 2551 516 526
415 3779 515 3879 731 741
5530 3839 5630 3939 601 611
1297 2189 1397 2289 386 396
583 3611 683 3711 451 461
3025 1938 3125 2038 390 400
3776 904 3876 1004 519 529
4081 1553 4181 1653 620 630
3256 1577 3356 1677 615 625
4237 3283 4337 3383 859 869
3283 2753 3383 2853 539 549
2075 781 2175 881 831 841
3558 1214 3658 1314 881 891
5326 1571 5426 1671 686 696
124 2560 224 2660 805 815
3926 1998 4026 2098 448 458
3662 2852 3762 2952 445 455
1556 1651 1656 1751 605 615
3877 3257 3977 3357 499 509
4687 3681 4787 3781 449 459
451 1583 551 1683 430 440
2711 1256 2811 1356 764 774
1357 2178 1457 2278 769 779
2984 1056 3084 1156 609 619
5284 1808 5384 1908 744 754
4507 3377 4607 3477 768 778
2813 2963 2913 3063 592 602
3801 799 3901 899 774 784
3938 1143 4038 1243 813 823
4584 2753 4684 2853 859 869
2845 1937 2945 2037 530 540
5711 989 5811 1089 507 517
2116 1192 2216 1292 553 563
3884 3733 3984 3833 429 439
829 1593 929 1693 621 631
5016 3691 5116 3791 678 688
2801 105 2901 205 651 661
4254 2193 4354 2293 659 669
1975 2303 2075 2403 418 428
4960 3417 5060 3517 709 719
1331 3512 1431 3612 417 427
110 1441 210 1541 815 825
3374 3133 3474 3233 694 704
3199 2002 3299 2102 535 545
277 867 377 967 621 631
472 3537 572 3637 853 863
1969 306 2069 406 712 722
2691 1830 2791 1930 872 882
5298 3205 5398 3305 337 347
1634 1134 1734 1234 470 480
3233 3200 3333 3300 749 759
4251 3184 4351 3284 767 777
2211 3589 2311 3689 885 895
4765 41 4865 141 401 411
2862 1397 2962 1497 658 668
2893 1664 2993 1764 360 370
3070 1566 3170 1666 442 452
1572 1414 1672 1514 657 667
2200 759 2300 859 744 754
2599 3239 2699 3339 613 623
3271 2559 3371 2659 721 731
766 3152 866 3252 696 706
796 859 896 959 642 652
1395 772 1495 872 710 720
707 72 807 172 491 501
5302 1599 5402 1699 706 716
2972 2491 3072 2591 497 507
2814 1605 2914 1705 811 821
4447 3630 4547 3730 640 650
2999 3069 3099 3169 699 709
4537 685 4637 785 793 803
4650 2644 4750 2744 871 881
4002 3833 4102 3933 846 856
5414 3484 5514 3584 572 582
1711 3601 1811 3701 749 759
4650 3645 4750 3745 463 473
3223 599 3323 699 797 807
5692 77 5792 177 425 435
3266 1097 3366 1197 886 896
1798 469 1898 569 480 490
3474 1822 3574 1922 408 418
45 1803 145 1903 516 526
1504 3596 1604 3696 537 547
4874 1740 4974 1840 517 527
3992 21 4092 121 892 902
1166 1241 1266 1341 413 423
397 509 497 609 609 619
3647 640 3747 740 517 527
2667 395 2767 495 391 401
4844 3187 4944 3287 638 648
1296 395 1396 495 903 913
2141 1133 2241 1233 501 511
2404 1998 2504 2098 860 870
2328 1198 2428 1298 584 594
4967 2157 5067 2257 549 559
5289 3542 5389 3642 341 351
2853 3052 2953 3152 768 778
633 525 733 625 419 429
1996 1466 2096 1566 707 717
5649 1547 5749 1647 867 877
3108 2589 3208 2689 628 638
18 1376 118 1476 448 458
474 395 574 495 730 740
3292 3636 3392 3736 412 422
2956 2723 3056 2823 669 679
1730 1258 1830 1358 844 854
3713 2886 3813 2986 497 507
1197 2899 1297 2999 589 599
5064 128 5164 228 513 523
2462 818 2562 918 883 893
930 2785 1030 2885 643 653
3943 50 4043 150 366 376
64 3466 164 3566 733 743
2833 1024 2933 1124 810 820
5641 862 5741 962 712 722
1553 3001 1653 3101 428 438
3769 3534 3869 3634 600 610
651 2813 751 2913 805 815
2142 2882 2242 2982 656 666
5719 79 5819 179 643 653
5299 244 5399 344 566 576
1623 1121 1723 1221 861 871
4234 3841 4334 3941 495 505
2946 1197 3046 1297 687 697
1748 3594 1848 3694 421 431
5053 1328 5153 1428 476 486
2033 595 2133 695 856 866
731 1794 831 1894 795 805
2885 1550 2985 1650 876 886
4198 3825 4298 3925 466 476
5131 1115 5231 1215 402 412
3051 1158 3151 1258 473 483
3718 1430 3818 1530 726 736
2418 3574 2518 3674 420 430
2443 3423 2543 3523 698 708
1008 2296 1108 2396 760 770
950 203 1050 303 481 491
240 2527 340 2627 523 533
76 464 176 564 637 647
334 1944 434 2044 366 376
4029 3884 4129 3984 760 770
56 3764 156 3864 359 369
4395 3038 4495 3138 392 402
439 1116 539 1216 622 632
1397 1673 1497 1773 827 837
2536 267 2636 367 378 388
5407 2551 5507 2651 872 882
2299 200 2399 300 370 380
5344 1333 5444 1433 473 483
14 873 114 973 740 750
3512 1552 3612 1652 471 481
3912 961 4012 1061 901 911
3945 2718 4045 2818 852 862
998 2862 1098 2962 417 427
5416 2591 5516 2691 514 524
1726 192 1826 292 530 540
1273 2299 1373 2399 668 678
5539 2954 5639 3054 751 761
4879 1298 4979 1398 670 680
2177 1535 2277 1635 397 407
2737 935 2837 1035 498 508
5397 1861 5497 1961 471 481
2279 324 2379 424 387 397
3396 2902 3496 3002 702 712
236 1466 336 1566 800 810
432 688 532 788 542 552
357 2864 457 2964 853 863
408 2890 508 2990 679 689
1378 2047 1478 2147 707 717
3896 3295 3996 3395 737 747
2555 3430 2655 3530 732 742
1384 1029 1484 1129 419 429
440 1263 540 1363 387 397
5223 3111 5323 3211 757 767
4137 3788 4237 3888 485 495
4875 1068 4975 1168 759 769
4783 3018 4883 3118 857 867
2423 1736 2523 1836 879 889
1200 1321 1300 1421 728 738
716 455 816 555 474 484
1539 1257 1639 1357 522 532
887 2785 987 2885 503 513
4331 3346 4431 3446 851 861
3230 3006 3330 3106 381 391
4874 1974 4974 2074 874 884
4305 2842 4405 2942 742 752
3249 1901 3349 2001 809 819
3531 2697 3631 2797 709 719
4951 3037 5051 3137 420 430
906 2814 1006 2914 712 722
419 2315 519 2415 510 520
487 1070 587 1170 477 487
766 2189 866 2289 683 693
4090 846 4190 946 611 621
2924 1191 3024 1291 496 506
3247 3287 3347 3387 802 812
856 2672 956 2772 599 609
1297 2210 1397 2310 470 480
4977 2140 5077 2240 562 572
2900 1855 3000 1955 872 882
3597 750 3697 850 473 483
4436 3503 4536 3603 390 400
1612 3341 1712 3441 642 652
755 1528 855 1628 711 721
1898 1018 1998 1118 386 396
3439 449 3539 549 884 894
5618 891 5718 991 862 872
1735 2708 1835 2808 338 348
5697 1082 5797 1182 357 367
2034 2485 2134 2585 612 622
3496 2221 3596 2321 674 684
5328 144 5428 244 728 738
4336 1692 4436 1792 875 885
4298 1003 4398 1103 495 505
2703 3736 2803 3836 638 648
4426 2660 4526 2760 706 716
3948 616 4048 716 407 417
3414 3406 3514 3506 344 354
1719 621 1819 721 759 769
3262 3099 3362 3199 602 612
4867 1952 4967 2052 814 824
659 1991 759 2091 369 379
3713 387 3813 487 608 618
3866 575 3966 675 612 622
4656 3403 4756 3503 656 666
4372 3507 4472 3607 769 779
521 273 621 373 348 358
252 1523 352 1623 724 734
4311 417 4411 517 897 907
2110 343 2210 443 394 404
1185 2999 1285 3099 383 393
498 2738 598 2838 870 880
5039 2906 5139 3006 839 849
4938 1696 5038 1796 466 476
950 3131 1050 3231 757 767
715 3082 815 3182 431 441
2483 592 2583 692 603 613
1498 3106 1598 3206 729 739
4682 2878 4782 2978 617 627
1063 3486 1163 3586 415 425
5263 3514 5363 3614 837 847
3002 1283 3102 1383 517 527
714 2085 814 2185 350 360
2184 3713 2284 3813 370 380
780 1862 880 1962 607 617
4394 1675 4494 1775 795 805
1335 506 1435 606 800 810
1292 1623 1392 1723 498 508
1939 1879 2039 1979 593 603
4995 3143 5095 3243 812 822
3345 3365 3445 3465 851 861
750 3092 850 3192 622 632
5270 3067 5370 3167 593 603
2842 1025 2942 1125 533 543
3072 2690 3172 2790 653 663
242 3663 342 3763 575 585
4465 2145 4565 2245 730 740
4780 2311 4880 2411 564 574
1993 1782 2093 1882 529 539
5602 977 5702 1077 423 433
1047 1487 1147 1587 368 378
1549 2411 1649 2511 847 857
1865 1180 1965 1280 757 767
1847 702 1947 802 536 546
1244 20 1344 120 879 889
1008 2264 1108 2364 377 387
2407 63 2507 163 888 898
2182 1809 2282 1909 412 422
1833 2808 1933 2908 846 856
1405 632 1505 732 899 909
1410 1421 1510 1521 586 596
1368 729 1468 829 405 415
5389 1246 5489 1346 473 483
1598 2403 1698 2503 803 813
4767 2607 4867 2707 860 870
3642 1226 3742 1326 721 731
3723 2430 3823 2530 342 352
5238 2824 5338 2924 752 762
210 1379 310 1479 346 356
954 1222 1054 1322 451 461
2090 346 2190 446 471 481
1222 711 1322 811 857 867
5393 261 5493 361 760 770
2652 2063 2752 2163 370 380
1582 1837 1682 1937 516 526
66 1024 166 1124 882 892
4089 636 4189 736 443 453
1446 165 1546 265 726 736
3765 1922 3865 2022 825 835
1003 3789 1103 3889 364 374
5609 188 5709 288 370 380
856 1815 956 1915 437 447
880 3122 980 3222 379 389
1806 1387 1906 1487 615 625
4928 2463 5028 2563 714 724
561 2469 661 2569 585 595
2303 1015 2403 1115 900 910
5712 3315 5812 3415 381 391
2043 3375 2143 3475 867 877
5164 2756 5264 2856 471 481
4997 1933 5097 2033 386 396
2954 1080 3054 1180 861 871
1508 2174 1608 2274 832 842
5495 2560 5595 2660 871 881
5032 1988 5132 2088 440 450
251 413 351 513 436 446
1089 2961 1189 3061 805 815
4974 2855 5074 2955 855 865
474 1673 574 1773 435 445
388 636 488 736 688 698
4564 2371 4664 2471 529 539
4164 1919 4264 2019 595 605
962 3892 1062 3992 903 913
352 3403 452 3503 614 624
351 3762 451 3862 893 903
2542 1502 2642 1602 722 732
1803 299 1903 399 645 655
2224 2038 2324 2138 834 844
62 330 162 430 349 359
4272 1000 4372 1100 376 386
291 2529 391 2629 877 887
4659 2611 4759 2711 752 762
2115 1656 2215 1756 537 547
4467 133 4567 233 341 351
3145 2083 3245 2183 376 386
3078 761 3178 861 387 397
4827 2539 4927 2639 688 698
5507 1877 5607 1977 578 588
5090 2090 5190 2190 798 808
430 0 530 100 550 560
2434 2264 2534 2364 599 609
5169 1607 5269 1707 427 437
660 1764 760 1864 560 570
1345 2256 1445 2356 794 804
2343 1743 2443 1843 596 606
2393 2212 2493 2312 505 515
2851 1425 2951 1525 620 630
4255 936 4355 1036 843 853
95 1106 195 1206 363 373
3988 3451 4088 3551 543 553
3734 3457 3834 3557 469 479
4451 3496 4551 3596 837 847
5114 181 5214 281 836 846
391 1307 491 1407 901 911
2670 1225 2770 1325 809 819
1373 1046 1473 1146 353 363
5337 3520 5437 3620 615 625
5435 2391 5535 2491 640 650
3893 1102 3993 1202 860 870
1325 1076 1425 1176 849 859
1450 815 1550 915 453 463
479 1445 579 1545 342 352
2517 428 2617 528 866 876
4491 669 4591 769 395 405
5128 3548 5228 3648 633 643
2385 3348 2485 3448 550 560
5635 829 5735 929 635 645
1928 2274 2028 2374 671 681
4173 511 4273 611 900 910
4319 1531 4419 1631 584 594
4454 2682 4554 2782 504 514
1826 2326 1926 2426 857 867
496 666 596 766 663 673
2785 2119 2885 2219 649 659
3744 2389 3844 2489 639 649
529 3217 629 3317 390 400
720 263 820 363 573 583
2534 101 2634 201 337 347
3379 3666 3479 3766 691 701
5009 1611 5109 1711 591 601
4567 1288 4667 1388 747 757
1704 2252 1804 2352 593 603
5506 1445 5606 1545 695 705
4971 298 5071 398 353 363
5678 116 5778 216 568 578
5110 2126 5210 2226 744 754
4 2068 104 2168 767 777
887 3462 987 3562 347 357
2817 2145 2917 2245 858 868
4499 3121 4599 3221 555 565
965 911 1065 1011 451 461
5700 232 5800 332 729 739
2513 3777 2613 3877 697 707
215 2926 315 3026 885 895
3298 3495 3398 3595 718 728
4301 2480 4401 2580 557 567
1529 1981 1629 2081 552 562
64 1421 164 1521 869 879
1833 3075 1933 3175 840 850
635 900 735 1000 831 841
236 2983 336 3083 654 664
454 2797 554 2897 848 858
3117 2670 3217 2770 864 874
2979 3266 3079 3366 462 472
3932 1400 4032 1500 455 465
4532 3362 4632 3462 513 523
4203 1913 4303 2013 691 701
5324 1219 5424 1319 722 732
4687 3877 4787 3977 412 422
5671 1849 5771 1949 747 757
2358 1897 2458 1997 847 857
5607 2656 5707 2756 491 501
5089 3724 5189 3824 437 447
1674 3894 1774 3994 475 485
5522 3464 5622 3564 556 566
5088 2550 5188 2650 346 356
1401 627 1501 727 753 763
4288 3663 4388 3763 506 516
5366 765 5466 865 686 696
1158 632 1258 732 614 624
2458 2328 2558 2428 508 518
4489 1615 4589 1715 419 429
2577 1220 2677 1320 738 748
4976 3673 5076 3773 627 637
420 1445 520 1545 634 644
4794 3180 4894 3280 443 453
4624 3558 4724 3658 404 414
1992 1905 2092 2005 538 548
3257 3545 3357 3645 373 383
4511 2344 4611 2444 784 794
649 609 749 709 760 770
3388 3819 3488 3919 357 367
2807 3067 2907 3167 720 730
917 3678 1017 3778 675 685
1803 3611 1903 3711 849 859
3656 366 3756 466 663 673
79 3702 179 3802 861 871
1571 2581 1671 2681 662 672
1972 2125 2072 2225 386 396
783 3556 883 3656 676 686
4227 2171 4327 2271 808 818
3180 2520 3280 2620 659 669
3804 705 3904 805 450 460
5445 1698 5545 1798 653 663
4591 2839 4691 2939 401 411
1021 1038 1121 1138 853 863
378 2747 478 2847 447 457
3510 790 3610 890 603 613
4883 1326 4983 1426 356 366
3015 2625 3115 2725 558 568
5360 13 5460 113 352 362
4000 3621 4100 3721 410 420
2870 1955 2970 2055 751 761
5102 1541 5202 1641 640 650
4190 1995 4290 2095 871 881
2213 861 2313 961 605 615
2306 1318 2406 1418 452 462
5011 1620 5111 1720 413 423
839 3671 939 3771 690 700
5081 561 5181 661 687 697
4474 3686 4574 3786 853 863
773 3199 873 3299 410 420
3106 1671 3206 1771 449 459
2798 3419 2898 3519 851 861
1320 1664 1420 1764 756 766
5663 19 5763 119 610 620
3918 96 4018 196 741 751
1353 1698 1453 1798 474 484
92 2256 192 2356 635 645
2107 3738 2207 3838 642 652
2441 652 2541 752 899 909
133 2970 233 3070 744 754
3550 105 3650 205 369 379
381 1969 481 2069 390 400
1811 2303 1911 2403 685 695
949 1449 1049 1549 556 566
5112 289 5212 389 650 660
3195 1570 3295 1670 882 892
5556 3429 5656 3529 448 458
5596 638 5696 738 372 382
36 1130 136 1230 875 885
1085 859 1185 959 774 784
1259 2198 1359 2298 644 654
3430 3202 3530 3302 834 844
1771 106 1871 206 514 524
473 2708 573 2808 719 729
2301 1413 2401 1513 519 529
3822 193 3922 293 661 671
4859 668 4959 768 524 534
1616 2451 1716 2551 526 536
3810 3607 3910 3707 450 460
350 3765 450 3865 748 758
3493 3628 3593 3728 359 369
5414 3461 5514 3561 465 475
2619 1536 2719 1636 445 455
2722 2012 2822 2112 590 600
457 3660 557 3760 670 680
5483 24 5583 124 523 533
1930 1850 2030 1950 788 798
819 3594 919 3694 564 574
4811 2439 4911 2539 723 733
229 2938 329 3038 628 638
3325 1508 3425 1608 688 698
1531 2155 1631 2255 804 814
1522 293 1622 393 527 537
5110 3376 5210 3476 643 653
1209 1148 1309 1248 869 879
1225 2950 1325 3050 887 897
3165 2548 3265 2648 609 619
2209 720 2309 820 713 723
2847 3252 2947 3352 668 678
481 3472 581 3572 445 455
2489 3488 2589 3588 854 864
3837 349 3937 449 565 575
2767 2407 2867 2507 579 589
1605 1965 1705 2065 441 451
1375 328 1475 428 532 542
3274 1560 3374 1660 532 542
1301 707 1401 807 636 646
5504 3427 5604 3527 399 409
828 627 928 727 706 716
3120 3558 3220 3658 342 352
1247 3035 1347 3135 350 360
5549 33 5649 133 754 764
3666 3162 3766 3262 416 426
4510 2256 4610 2356 645 655
5063 3228 5163 3328 430 440
1147 3183 1247 3283 735 745
3988 2147 4088 2247 547 557
4033 564 4133 664 885 895
2655 2028 2755 2128 842 852
4665 1177 4765 1277 738 748
5657 3445 5757 3545 363 373
2110 1291 2210 1391 505 515
3508 3266 3608 3366 627 637
4525 614 4625 714 724 734
5638 1860 5738 1960 667 677
2868 2846 2968 2946 857 867
2629 126 2729 226 710 720
4003 2645 4103 2745 564 574
2354 2073 2454 2173 600 610
1635 257 1735 357 713 723
2880 670 2980 770 880 890
2284 245 2384 345 551 561
4237 3234 4337 3334 390 400
25 341 125 441 640 650
3840 3828 3940 3928 708 718
5576 1074 5676 1174 352 362
2766 2688 2866 2788 641 651
3007 1575 3107 1675 872 882
319 2412 419 2512 408 418
2379 1923 2479 2023 754 764
272 3668 372 3768 649 659
2091 1473 2191 1573 805 815
1351 1927 1451 2027 375 385
2824 2885 2924 2985 506 516
4726 2703 4826 2803 439 449
1191 708 1291 808 834 844
4848 1331 4948 1431 824 834
3016 1414 3116 1514 685 695
4916 273 5016 373 835 845
2826 3836 2926 3936 711 721
1964 174 2064 274 649 659
1142 3187 1242 3287 609 619
4128 1058 4228 1158 824 834
2395 954 2495 1054 386 396
1023 3489 1123 3589 686 696
461 68 561 168 418 428
3025 92 3125 192 604 614
968 3529 1068 3629 419 429
3481 1480 3581 1580 591 601
1991 3663 2091 3763 883 893
4979 1286 5079 1386 407 417
3291 167 3391 267 337 347
5505 552 5605 652 759 769
4931 526 5031 626 590 600
2145 274 2245 374 637 647
436 3624 536 3724 767 777
743 2600 843 2700 867 877
93 3634 193 3734 673 683
1493 1905 1593 2005 720 730
73 2320 173 2420 449 459
5061 1654 5161 1754 777 787
4694 922 4794 1022 884 894
1062 2845 1162 2945 606 616
2916 1549 3016 1649 548 558
1046 3820 1146 3920 815 825
1284 657 1384 757 439 449
4820 3066 4920 3166 356 366
5021 3330 5121 3430 484 494
268 209 368 309 606 616
666 3026 766 3126 652 662
4959 15 5059 115 867 877
2522 1647 2622 1747 559 569
1346 812 1446 912 437 447
5557 3560 5657 3660 421 431
1435 1797 1535 1897 562 572
379 259 479 359 511 521
4508 1668 4608 1768 415 425
4812 810 4912 910 476 486
3366 3867 3466 3967 647 657
3098 3114 3198 3214 745 755
811 2213 911 2313 555 565
1484 1045 1584 1145 778 788
3773 3679 3873 3779 783 793
1149 2865 1249 2965 360 370
5389 376 5489 476 831 841
863 389 963 489 861 871
42 1222 142 1322 750 760
4222 2980 4322 3080 461 471
1463 1337 1563 1437 767 777
5291 3506 5391 3606 481 491
4299 1350 4399 1450 718 728
4654 1674 4754 1774 720 730
4203 1497 4303 1597 467 477
5667 2261 5767 2361 862 872
5669 366 5769 466 349 359
66 880 166 980 540 550
2732 3055 2832 3155 340 350
709 2156 809 2256 900 910
5314 264 5414 364 603 613
5332 84 5432 184 852 862
2536 1991 2636 2091 762 772
1885 2097 1985 2197 798 808
160 3299 260 3399 681 691
5002 2506 5102 2606 446 456
110 627 210 727 678 688
3590 707 3690 807 470 480
4338 1756 4438 1856 496 506
2227 2789 2327 2889 836 846
2071 1964 2171 2064 494 504
1494 1900 1594 2000 850 860
3042 3058 3142 3158 611 621
3444 3750 3544 3850 563 573
3080 3617 3180 3717 450 460
534 3841 634 3941 782 792
3802 3231 3902 3331 885 895
498 3567 598 3667 753 763
3520 2586 3620 2686 342 352
1427 105 1527 205 503 513
5289 1758 5389 1858 793 803
4534 2328 4634 2428 510 520
5006 1420 5106 1520 865 875
77 385 177 485 475 485
5329 896 5429 996 855 865
3108 1798 3208 1898 873 883
4822 203 4922 303 617 627
4106 2876 4206 2976 600 610
2132 1646 2232 1746 394 404
1079 817 1179 917 504 514
2210 1140 2310 1240 861 871
5097 383 5197 483 664 674
4696 2374 4796 2474 798 808
2991 55 3091 155 621 631
2973 1920 3073 2020 463 473
4801 3466 4901 3566 734 744
2550 3299 2650 3399 409 419
2624 640 2724 740 833 843
1766 2752 1866 2852 439 449
232 934 332 1034 455 465
5438 473 5538 573 748 758
2231 837 2331 937 341 351
4693 2522 4793 2622 881 891
3279 783 3379 883 812 822
3092 2025 3192 2125 489 499
365 658 465 758 399 409
2479 522 2579 622 483 493
1202 949 1302 1049 594 604
3878 2851 3978 2951 646 656
1441 1014 1541 1114 578 588
2716 691 2816 791 491 501
406 988 506 1088 341 351
149 332 249 432 801 811
1212 1393 1312 1493 700 710
4225 653 4325 753 743 753
3587 1506 3687 1606 750 760
2406 599 2506 699 692 702
5506 633 5606 733 347 357
322 3236 422 3336 479 489
1022 3499 1122 3599 513 523
2391 2239 2491 2339 552 562
2005 1845 2105 1945 683 693
4408 1452 4508 1552 471 481
3366 2028 3466 2128 443 453
1872 3630 1972 3730 882 892
4005 1624 4105 1724 650 660
2530 2130 2630 2230 777 787
552 1892 652 1992 638 648
1248 2799 1348 2899 793 803
91 2454 191 2554 714 724
4159 386 4259 486 454 464
1669 3624 1769 3724 360 370
591 2549 691 2649 500 510
985 931 1085 1031 723 733
5024 803 5124 903 370 380
237 288 337 388 661 671
3658 1292 3758 1392 526 536
545 438 645 538 612 622
4135 1169 4235 1269 545 555
1635 2594 1735 2694 699 709
229 1669 329 1769 683 693
2632 2985 2732 3085 586 596
4062 3629 4162 3729 348 358
35 1282 135 1382 563 573
2691 2484 2791 2584 898 908
138 88 238 188 689 699
1705 1997 1805 2097 852 862
4610 2412 4710 2512 543 553
2324 563 2424 663 405 415
1463 3587 1563 3687 515 525
3602 2031 3702 2131 416 426
5392 3284 5492 3384 390 400
3096 2637 3196 2737 588 598
1677 2791 1777 2891 708 718
3947 625 4047 725 790 800
850 3514 950 3614 747 757
2685 2783 2785 2883 829 839
500 407 600 507 341 351
37 3582 137 3682 653 663
3649 2001 3749 2101 522 532
5133 769 5233 869 891 901
4015 2770 4115 2870 679 689
1962 2578 2062 2678 411 421
673 2741 773 2841 817 827
27 1538 127 1638 584 594
967 1020 1067 1120 812 822
3176 1475 3276 1575 758 768
5678 294 5778 394 546 556
2724 412 2824 512 450 460
109 2998 209 3098 613 623
4103 2845 4203 2945 896 906
4559 1621 4659 1721 381 391
4109 906 4209 1006 450 460
1075 3083 1175 3183 484 494
2338 1630 2438 1730 709 719
4848 1529 4948 1629 487 497
2451 1620 2551 1720 802 812
4251 3900 4351 4000 840 850
2824 1575 2924 1675 873 883
494 3009 594 3109 903 913
5020 88 5120 188 543 553
3333 1238 3433 1338 373 383
825 695 925 795 382 392
1700 3591 1800 3691 886 896
786 1015 886 1115 426 436
3691 1394 3791 1494 654 664
4416 1689 4516 1789 780 790
2119 2030 2219 2130 666 676
1934 1576 2034 1676 881 891
5557 1257 5657 1357 479 489
4603 3073 4703 3173 342 352
4205 2488 4305 2588 893 903
4296 3677 4396 3777 773 783
5733 1260 5833 1360 494 504
4553 2036 4653 2136 536 546
1338 3484 1438 3584 579 589
1690 2723 1790 2823 402 412
4149 2477 4249 2577 490 500
3464 3040 3564 3140 859 869
2914 2172 3014 2272 616 626
1501 217 1601 317 541 551
4988 22 5088 122 561 571
158 3206 258 3306 785 795
2604 222 2704 322 695 705
3023 1955 3123 2055 437 447
4308 3480 4408 3580 385 395
5012 2427 5112 2527 559 569
2951 1664 3051 1764 858 868
2377 1191 2477 1291 650 660
373 2582 473 2682 408 418
3726 2293 3826 2393 697 707
5423 1660 5523 1760 459 469
3607 673 3707 773 363 373
5399 2524 5499 2624 389 399
1017 3002 1117 3102 388 398
3281 3121 3381 3221 581 591
4402 1623 4502 1723 653 663
3054 2693 3154 2793 414 424
1909 3214 2009 3314 827 837
3455 3513 3555 3613 539 549
2320 789 2420 889 892 902
2555 3422 2655 3522 757 767
3729 792 3829 892 560 570
3846 3129 3946 3229 672 682
3451 2488 3551 2588 750 760
1908 3558 2008 3658 360 370
1110 1863 1210 1963 879 889
2194 1532 2294 1632 606 616
4673 2389 4773 2489 763 773
530 922 630 1022 804 814
