20
5022 107 5042 127 0 471
2253 337 2273 357 0 471
5320 2008 5340 2028 0 471
5533 1477 5553 1497 0 471
5220 616 5240 636 0 471
1872 1272 1892 1292 0 471
3744 1694 3764 1714 0 471
2737 2922 2757 2942 0 471
1615 1550 1635 1570 0 471
5453 2854 5473 2874 0 471
2795 912 2815 932 0 471
927 2827 947 2847 0 471
4313 2926 4333 2946 0 471
2850 195 2870 215 0 471
3316 1511 3336 1531 0 471
5461 3419 5481 3439 0 471
3802 2884 3822 2904 0 471
4222 3012 4242 3032 0 471
1522 2367 1542 2387 0 471
2653 716 2673 736 0 471
