1000
1957 2626 2057 2726 678 778
3627 2064 3727 2164 479 579
1488 857 1588 957 781 881
1364 2301 1464 2401 641 741
1417 2520 1517 2620 346 446
5409 383 5509 483 544 644
3606 1595 3706 1695 651 751
4936 2930 5036 3030 493 593
5298 1116 5398 1216 736 836
2889 483 2989 583 665 765
5429 236 5529 336 390 490
4855 3476 4955 3576 339 439
5016 2315 5116 2415 454 554
1651 230 1751 330 785 885
2760 999 2860 1099 454 554
3121 3300 3221 3400 755 855
2064 2081 2164 2181 532 632
1273 2972 1373 3072 583 683
2514 1440 2614 1540 339 439
3082 3753 3182 3853 792 892
4812 2447 4912 2547 451 551
4606 3185 4706 3285 710 810
3617 2363 3717 2463 691 791
602 3125 702 3225 371 471
1770 412 1870 512 630 730
2763 794 2863 894 432 532
3619 604 3719 704 623 723
502 192 602 292 661 761
5651 2475 5751 2575 457 557
5416 583 5516 683 718 818
4080 2900 4180 3000 486 586
4153 194 4253 294 507 607
3523 3736 3623 3836 445 545
4230 1276 4330 1376 744 844
1345 1668 1445 1768 681 781
3685 879 3785 979 668 768
4071 540 4171 640 508 608
921 998 1021 1098 367 467
277 2530 377 2630 402 502
1144 3599 1244 3699 461 561
2329 2192 2429 2292 394 494
3519 2289 3619 2389 657 757
3276 970 3376 1070 777 877
1981 393 2081 493 392 492
1287 3441 1387 3541 355 455
3953 658 4053 758 709 809
2172 493 2272 593 515 615
3196 1126 3296 1226 445 545
3112 224 3212 324 597 697
5539 631 5639 731 570 670
972 2201 1072 2301 342 442
1623 2075 1723 2175 430 530
5252 3438 5352 3538 731 831
5100 3505 5200 3605 570 670
1768 2747 1868 2847 386 486
2769 2825 2869 2925 544 644
488 3285 588 3385 590 690
3181 2078 3281 2178 660 760
1525 645 1625 745 677 777
620 1461 720 1561 686 786
5327 2456 5427 2556 517 617
4164 2630 4264 2730 724 824
730 3424 830 3524 521 621
4842 3427 4942 3527 495 595
3508 1262 3608 1362 501 601
4367 3745 4467 3845 736 836
174 1300 274 1400 651 751
188 1022 288 1122 343 443
696 1256 796 1356 796 896
869 3126 969 3226 498 598
3511 2429 3611 2529 673 773
4656 1358 4756 1458 681 781
2635 797 2735 897 512 612
725 469 825 569 458 558
1460 2014 1560 2114 502 602
5574 2321 5674 2421 661 761
903 800 1003 900 757 857
5736 441 5836 541 491 591
1412 2369 1512 2469 376 476
2524 256 2624 356 671 771
3682 1286 3782 1386 508 608
671 2355 771 2455 443 543
5490 389 5590 489 423 523
2087 1324 2187 1424 363 463
749 861 849 961 424 524
4351 1749 4451 1849 581 681
3627 2910 3727 3010 637 737
5359 1077 5459 1177 699 799
1800 980 1900 1080 612 712
769 1860 869 1960 716 816
2333 1277 2433 1377 407 507
1444 1689 1544 1789 671 771
1712 3071 1812 3171 538 638
4973 3700 5073 3800 596 696
4036 1697 4136 1797 599 699
2408 2225 2508 2325 563 663
5562 2475 5662 2575 411 511
1638 1095 1738 1195 383 483
3412 511 3512 611 558 658
652 1824 752 1924 368 468
4602 1761 4702 1861 780 880
3211 2596 3311 2696 699 799
27 3191 127 3291 544 644
4534 2939 4634 3039 745 845
787 2308 887 2408 542 642
1176 660 1276 760 579 679
1451 2969 1551 3069 553 653
1964 3483 2064 3583 483 583
3263 1236 3363 1336 522 622
1572 3748 1672 3848 635 735
5709 977 5809 1077 680 780
2687 1853 2787 1953 754 854
4105 929 4205 1029 485 585
4526 2497 4626 2597 438 538
849 77 949 177 490 590
116 2334 216 2434 729 829
384 1810 484 1910 445 545
93 166 193 266 744 844
4602 2382 4702 2482 632 732
4783 2882 4883 2982 787 887
1404 875 1504 975 633 733
3647 1538 3747 1638 719 819
368 6 468 106 754 854
125 3253 225 3353 463 563
1598 622 1698 722 655 755
4188 2861 4288 2961 564 664
4009 1740 4109 1840 344 444
882 2389 982 2489 471 571
2741 595 2841 695 588 688
2068 3425 2168 3525 366 466
5256 3496 5356 3596 642 742
239 2568 339 2668 501 601
1708 586 1808 686 709 809
3951 3394 4051 3494 445 545
1126 3476 1226 3576 521 621
4397 2983 4497 3083 739 839
5116 79 5216 179 790 890
4182 2883 4282 2983 414 514
4665 521 4765 621 710 810
4089 3280 4189 3380 761 861
4578 552 4678 652 612 712
913 3770 1013 3870 383 483
2075 2927 2175 3027 565 665
134 356 234 456 354 454
5359 2300 5459 2400 729 829
1927 1190 2027 1290 340 440
1438 452 1538 552 531 631
4828 648 4928 748 384 484
156 1944 256 2044 782 882
4059 169 4159 269 516 616
4651 3354 4751 3454 587 687
3336 2076 3436 2176 337 437
4868 1617 4968 1717 479 579
2767 3389 2867 3489 475 575
4005 189 4105 289 377 477
3887 2937 3987 3037 504 604
1966 2792 2066 2892 532 632
1697 1494 1797 1594 468 568
3963 2680 4063 2780 372 472
23 3045 123 3145 422 522
4533 3360 4633 3460 720 820
4420 569 4520 669 397 497
1583 1140 1683 1240 717 817
2365 3007 2465 3107 549 649
895 514 995 614 403 503
2933 3536 3033 3636 390 490
2502 2104 2602 2204 509 609
5269 1447 5369 1547 590 690
3936 1795 4036 1895 379 479
3167 1173 3267 1273 506 606
1863 51 1963 151 514 614
4603 3039 4703 3139 604 704
1371 3297 1471 3397 346 446
5723 1254 5823 1354 774 874
1124 2417 1224 2517 548 648
3862 1284 3962 1384 390 490
5488 1540 5588 1640 376 476
1700 2389 1800 2489 553 653
3620 3075 3720 3175 491 591
5109 3046 5209 3146 561 661
5039 1067 5139 1167 391 491
2320 1739 2420 1839 708 808
843 1991 943 2091 484 584
4921 2035 5021 2135 339 439
1206 111 1306 211 740 840
4631 2805 4731 2905 443 543
2967 104 3067 204 423 523
3921 1196 4021 1296 398 498
2896 2428 2996 2528 500 600
4961 1174 5061 1274 689 789
3845 479 3945 579 575 675
5187 3704 5287 3804 392 492
1372 3458 1472 3558 751 851
832 3534 932 3634 603 703
190 386 290 486 561 661
894 2330 994 2430 619 719
5326 1199 5426 1299 425 525
422 1593 522 1693 482 582
1829 2306 1929 2406 640 740
2554 3885 2654 3985 792 892
575 2197 675 2297 706 806
2944 3847 3044 3947 483 583
3335 1420 3435 1520 392 492
3673 708 3773 808 368 468
3940 470 4040 570 446 546
5259 1718 5359 1818 614 714
563 3084 663 3184 598 698
1636 2207 1736 2307 764 864
4436 70 4536 170 450 550
2207 1155 2307 1255 540 640
5247 549 5347 649 454 554
1925 724 2025 824 499 599
301 2015 401 2115 719 819
2879 2511 2979 2611 635 735
2544 3001 2644 3101 727 827
1055 943 1155 1043 370 470
3597 3044 3697 3144 698 798
2208 2853 2308 2953 623 723
808 2815 908 2915 756 856
2293 2705 2393 2805 783 883
696 2451 796 2551 507 607
415 3779 515 3879 641 741
5530 3839 5630 3939 691 791
1297 2189 1397 2289 593 693
583 3611 683 3711 613 713
3025 1938 3125 2038 426 526
3776 904 3876 1004 789 889
4081 1553 4181 1653 764 864
3256 1577 3356 1677 570 670
4237 3283 4337 3383 436 536
3283 2753 3383 2853 341 441
2075 781 2175 881 579 679
3558 1214 3658 1314 746 846
5326 1571 5426 1671 749 849
124 2560 224 2660 769 869
3926 1998 4026 2098 691 791
3662 2852 3762 2952 391 491
1556 1651 1656 1751 533 633
3877 3257 3977 3357 589 689
4687 3681 4787 3781 674 774
451 1583 551 1683 439 539
2711 1256 2811 1356 404 504
1357 2178 1457 2278 733 833
2984 1056 3084 1156 375 475
5284 1808 5384 1908 510 610
4507 3377 4607 3477 498 598
2813 2963 2913 3063 448 548
3801 799 3901 899 720 820
3938 1143 4038 1243 498 598
4584 2753 4684 2853 679 779
2845 1937 2945 2037 755 855
5711 989 5811 1089 345 445
2116 1192 2216 1292 634 734
3884 3733 3984 3833 618 718
829 1593 929 1693 405 505
5016 3691 5116 3791 750 850
2801 105 2901 205 786 886
4254 2193 4354 2293 416 516
1975 2303 2075 2403 544 644
4960 3417 5060 3517 376 476
1331 3512 1431 3612 561 661
110 1441 210 1541 554 654
3374 3133 3474 3233 595 695
3199 2002 3299 2102 544 644
277 867 377 967 738 838
472 3537 572 3637 655 755
1969 306 2069 406 577 677
2691 1830 2791 1930 557 657
5298 3205 5398 3305 643 743
1634 1134 1734 1234 686 786
3233 3200 3333 3300 470 570
4251 3184 4351 3284 650 750
2211 3589 2311 3689 741 841
4765 41 4865 141 662 762
2862 1397 2962 1497 379 479
2893 1664 2993 1764 540 640
3070 1566 3170 1666 757 857
1572 1414 1672 1514 738 838
2200 759 2300 859 717 817
2599 3239 2699 3339 379 479
3271 2559 3371 2659 469 569
766 3152 866 3252 453 553
796 859 896 959 741 841
1395 772 1495 872 602 702
707 72 807 172 392 492
5302 1599 5402 1699 508 608
2972 2491 3072 2591 812 912
2814 1605 2914 1705 397 497
4447 3630 4547 3730 550 650
2999 3069 3099 3169 600 700
4537 685 4637 785 586 686
4650 2644 4750 2744 583 683
4002 3833 4102 3933 810 910
5414 3484 5514 3584 644 744
1711 3601 1811 3701 695 795
4650 3645 4750 3745 337 437
3223 599 3323 699 365 465
5692 77 5792 177 542 642
3266 1097 3366 1197 463 563
1798 469 1898 569 435 535
3474 1822 3574 1922 732 832
45 1803 145 1903 534 634
1504 3596 1604 3696 483 583
4874 1740 4974 1840 580 680
3992 21 4092 121 451 551
1166 1241 1266 1341 764 864
397 509 497 609 546 646
3647 640 3747 740 769 869
2667 395 2767 495 805 905
4844 3187 4944 3287 557 657
1296 395 1396 495 471 571
2141 1133 2241 1233 753 853
2404 1998 2504 2098 491 591
2328 1198 2428 1298 566 666
4967 2157 5067 2257 693 793
5289 3542 5389 3642 449 549
2853 3052 2953 3152 813 913
633 525 733 625 500 600
1996 1466 2096 1566 779 879
5649 1547 5749 1647 507 607
3108 2589 3208 2689 349 449
18 1376 118 1476 556 656
474 395 574 495 748 848
3292 3636 3392 3736 592 692
2956 2723 3056 2823 651 751
1730 1258 1830 1358 403 503
3713 2886 3813 2986 803 903
1197 2899 1297 2999 373 473
5064 128 5164 228 603 703
2462 818 2562 918 739 839
930 2785 1030 2885 805 905
3943 50 4043 150 645 745
64 3466 164 3566 382 482
2833 1024 2933 1124 639 739
5641 862 5741 962 631 731
1553 3001 1653 3101 473 573
3769 3534 3869 3634 591 691
651 2813 751 2913 571 671
2142 2882 2242 2982 368 468
5719 79 5819 179 778 878
5299 244 5399 344 665 765
1623 1121 1723 1221 492 592
4234 3841 4334 3941 603 703
2946 1197 3046 1297 345 445
1748 3594 1848 3694 754 854
5053 1328 5153 1428 755 855
2033 595 2133 695 460 560
731 1794 831 1894 750 850
2885 1550 2985 1650 759 859
4198 3825 4298 3925 601 701
5131 1115 5231 1215 627 727
3051 1158 3151 1258 446 546
3718 1430 3818 1530 681 781
2418 3574 2518 3674 789 889
2443 3423 2543 3523 473 573
1008 2296 1108 2396 526 626
950 203 1050 303 463 563
240 2527 340 2627 676 776
76 464 176 564 799 899
334 1944 434 2044 546 646
4029 3884 4129 3984 724 824
56 3764 156 3864 773 873
4395 3038 4495 3138 599 699
439 1116 539 1216 649 749
1397 1673 1497 1773 602 702
2536 267 2636 367 423 523
5407 2551 5507 2651 503 603
2299 200 2399 300 694 794
5344 1333 5444 1433 752 852
14 873 114 973 488 588
3512 1552 3612 1652 489 589
3912 961 4012 1061 460 560
3945 2718 4045 2818 555 655
998 2862 1098 2962 489 589
5416 2591 5516 2691 748 848
1726 192 1826 292 647 747
1273 2299 1373 2399 677 777
5539 2954 5639 3054 337 437
4879 1298 4979 1398 517 617
2177 1535 2277 1635 685 785
2737 935 2837 1035 480 580
5397 1861 5497 1961 669 769
2279 324 2379 424 810 910
3396 2902 3496 3002 369 469
236 1466 336 1566 602 702
432 688 532 788 767 867
357 2864 457 2964 502 602
408 2890 508 2990 337 437
1378 2047 1478 2147 536 636
3896 3295 3996 3395 683 783
2555 3430 2655 3530 435 535
1384 1029 1484 1129 509 609
440 1263 540 1363 387 487
5223 3111 5323 3211 406 506
4137 3788 4237 3888 656 756
4875 1068 4975 1168 597 697
4783 3018 4883 3118 569 669
2423 1736 2523 1836 411 511
1200 1321 1300 1421 809 909
716 455 816 555 672 772
1539 1257 1639 1357 630 730
887 2785 987 2885 431 531
4331 3346 4431 3446 527 627
3230 3006 3330 3106 660 760
4874 1974 4974 2074 505 605
4305 2842 4405 2942 400 500
3249 1901 3349 2001 728 828
3531 2697 3631 2797 727 827
4951 3037 5051 3137 546 646
906 2814 1006 2914 694 794
419 2315 519 2415 564 664
487 1070 587 1170 702 802
766 2189 866 2289 413 513
4090 846 4190 946 647 747
2924 1191 3024 1291 811 911
3247 3287 3347 3387 694 794
856 2672 956 2772 725 825
1297 2210 1397 2310 668 768
4977 2140 5077 2240 778 878
2900 1855 3000 1955 521 621
3597 750 3697 850 500 600
4436 3503 4536 3603 408 508
1612 3341 1712 3441 345 445
755 1528 855 1628 360 460
1898 1018 1998 1118 449 549
3439 449 3539 549 380 480
5618 891 5718 991 340 440
1735 2708 1835 2808 635 735
5697 1082 5797 1182 789 889
2034 2485 2134 2585 648 748
3496 2221 3596 2321 548 648
5328 144 5428 244 782 882
4336 1692 4436 1792 416 516
4298 1003 4398 1103 594 694
2703 3736 2803 3836 539 639
4426 2660 4526 2760 418 518
3948 616 4048 716 623 723
3414 3406 3514 3506 740 840
1719 621 1819 721 534 634
3262 3099 3362 3199 692 792
4867 1952 4967 2052 616 716
659 1991 759 2091 459 559
3713 387 3813 487 662 762
3866 575 3966 675 675 775
4656 3403 4756 3503 809 909
4372 3507 4472 3607 436 536
521 273 621 373 465 565
252 1523 352 1623 733 833
4311 417 4411 517 618 718
2110 343 2210 443 412 512
1185 2999 1285 3099 374 474
498 2738 598 2838 519 619
5039 2906 5139 3006 515 615
4938 1696 5038 1796 700 800
950 3131 1050 3231 694 794
715 3082 815 3182 386 486
2483 592 2583 692 774 874
1498 3106 1598 3206 504 604
4682 2878 4782 2978 608 708
1063 3486 1163 3586 730 830
5263 3514 5363 3614 558 658
3002 1283 3102 1383 778 878
714 2085 814 2185 809 909
2184 3713 2284 3813 802 902
780 1862 880 1962 391 491
4394 1675 4494 1775 732 832
1335 506 1435 606 548 648
1292 1623 1392 1723 381 481
1939 1879 2039 1979 782 882
4995 3143 5095 3243 371 471
3345 3365 3445 3465 455 555
750 3092 850 3192 361 461
5270 3067 5370 3167 539 639
2842 1025 2942 1125 434 534
3072 2690 3172 2790 788 888
242 3663 342 3763 494 594
4465 2145 4565 2245 604 704
4780 2311 4880 2411 771 871
1993 1782 2093 1882 511 611
5602 977 5702 1077 360 460
1047 1487 1147 1587 467 567
1549 2411 1649 2511 721 821
1865 1180 1965 1280 424 524
1847 702 1947 802 635 735
1244 20 1344 120 762 862
1008 2264 1108 2364 539 639
2407 63 2507 163 564 664
2182 1809 2282 1909 799 899
1833 2808 1933 2908 711 811
1405 632 1505 732 719 819
1410 1421 1510 1521 667 767
1368 729 1468 829 774 874
5389 1246 5489 1346 455 555
1598 2403 1698 2503 659 759
4767 2607 4867 2707 419 519
3642 1226 3742 1326 523 623
3723 2430 3823 2530 486 586
5238 2824 5338 2924 518 618
210 1379 310 1479 589 689
954 1222 1054 1322 595 695
2090 346 2190 446 642 742
1222 711 1322 811 776 876
5393 261 5493 361 544 644
2652 2063 2752 2163 550 650
1582 1837 1682 1937 489 589
66 1024 166 1124 738 838
4089 636 4189 736 353 453
1446 165 1546 265 555 655
3765 1922 3865 2022 348 448
1003 3789 1103 3889 382 482
5609 188 5709 288 460 560
856 1815 956 1915 383 483
880 3122 980 3222 388 488
1806 1387 1906 1487 561 661
4928 2463 5028 2563 651 751
561 2469 661 2569 531 631
2303 1015 2403 1115 477 577
5712 3315 5812 3415 570 670
2043 3375 2143 3475 390 490
5164 2756 5264 2856 642 742
4997 1933 5097 2033 350 450
2954 1080 3054 1180 798 898
1508 2174 1608 2274 517 617
5495 2560 5595 2660 430 530
5032 1988 5132 2088 530 630
251 413 351 513 679 779
1089 2961 1189 3061 733 833
4974 2855 5074 2955 693 793
474 1673 574 1773 741 841
388 636 488 736 652 752
4564 2371 4664 2471 610 710
4164 1919 4264 2019 370 470
962 3892 1062 3992 444 544
352 3403 452 3503 416 516
351 3762 451 3862 497 597
2542 1502 2642 1602 767 867
1803 299 1903 399 672 772
2224 2038 2324 2138 780 880
62 330 162 430 610 710
4272 1000 4372 1100 799 899
291 2529 391 2629 364 464
4659 2611 4759 2711 383 483
2115 1656 2215 1756 753 853
4467 133 4567 233 647 747
3145 2083 3245 2183 691 791
3078 761 3178 861 648 748
4827 2539 4927 2639 787 887
5507 1877 5607 1977 623 723
5090 2090 5190 2190 537 637
430 0 530 100 361 461
2434 2264 2534 2364 473 573
5169 1607 5269 1707 409 509
660 1764 760 1864 632 732
1345 2256 1445 2356 695 795
2343 1743 2443 1843 767 867
2393 2212 2493 2312 415 515
2851 1425 2951 1525 458 558
4255 936 4355 1036 339 439
95 1106 195 1206 669 769
3988 3451 4088 3551 570 670
3734 3457 3834 3557 685 785
4451 3496 4551 3596 738 838
5114 181 5214 281 359 459
391 1307 491 1407 460 560
2670 1225 2770 1325 719 819
1373 1046 1473 1146 596 696
5337 3520 5437 3620 669 769
5435 2391 5535 2491 649 749
3893 1102 3993 1202 428 528
1325 1076 1425 1176 426 526
1450 815 1550 915 408 508
479 1445 579 1545 549 649
2517 428 2617 528 344 444
4491 669 4591 769 539 639
5128 3548 5228 3648 489 589
2385 3348 2485 3448 622 722
5635 829 5735 929 626 726
1928 2274 2028 2374 473 573
4173 511 4273 611 450 550
4319 1531 4419 1631 683 783
4454 2682 4554 2782 720 820
1826 2326 1926 2426 623 723
496 666 596 766 537 637
2785 2119 2885 2219 685 785
3744 2389 3844 2489 396 496
529 3217 629 3317 651 751
720 263 820 363 501 601
2534 101 2634 201 544 644
3379 3666 3479 3766 709 809
5009 1611 5109 1711 447 547
4567 1288 4667 1388 396 496
1704 2252 1804 2352 755 855
5506 1445 5606 1545 569 669
4971 298 5071 398 740 840
5678 116 5778 216 766 866
5110 2126 5210 2226 627 727
4 2068 104 2168 434 534
887 3462 987 3562 518 618
2817 2145 2917 2245 642 742
4499 3121 4599 3221 420 520
965 911 1065 1011 343 443
5700 232 5800 332 558 658
2513 3777 2613 3877 652 752
215 2926 315 3026 633 733
3298 3495 3398 3595 628 728
4301 2480 4401 2580 386 486
1529 1981 1629 2081 597 697
64 1421 164 1521 446 546
1833 3075 1933 3175 696 796
635 900 735 1000 759 859
236 2983 336 3083 654 754
454 2797 554 2897 542 642
3117 2670 3217 2770 783 883
2979 3266 3079 3366 624 724
3932 1400 4032 1500 338 438
4532 3362 4632 3462 387 487
4203 1913 4303 2013 610 710
5324 1219 5424 1319 767 867
4687 3877 4787 3977 367 467
5671 1849 5771 1949 810 910
2358 1897 2458 1997 775 875
5607 2656 5707 2756 725 825
5089 3724 5189 3824 527 627
1674 3894 1774 3994 412 512
5522 3464 5622 3564 709 809
5088 2550 5188 2650 418 518
1401 627 1501 727 708 808
4288 3663 4388 3763 722 822
5366 765 5466 865 569 669
1158 632 1258 732 479 579
2458 2328 2558 2428 535 635
4489 1615 4589 1715 671 771
2577 1220 2677 1320 630 730
4976 3673 5076 3773 654 754
420 1445 520 1545 562 662
4794 3180 4894 3280 497 597
4624 3558 4724 3658 656 756
1992 1905 2092 2005 601 701
3257 3545 3357 3645 589 689
4511 2344 4611 2444 757 857
649 609 749 709 796 896
3388 3819 3488 3919 726 826
2807 3067 2907 3167 351 451
917 3678 1017 3778 594 694
1803 3611 1903 3711 714 814
3656 366 3756 466 564 664
79 3702 179 3802 672 772
1571 2581 1671 2681 356 456
1972 2125 2072 2225 449 549
783 3556 883 3656 505 605
4227 2171 4327 2271 520 620
3180 2520 3280 2620 380 480
3804 705 3904 805 549 649
5445 1698 5545 1798 518 618
4591 2839 4691 2939 509 609
1021 1038 1121 1138 673 773
378 2747 478 2847 762 862
3510 790 3610 890 522 622
4883 1326 4983 1426 338 438
3015 2625 3115 2725 369 469
5360 13 5460 113 757 857
4000 3621 4100 3721 671 771
2870 1955 2970 2055 373 473
5102 1541 5202 1641 631 731
4190 1995 4290 2095 736 836
2213 861 2313 961 434 534
2306 1318 2406 1418 767 867
5011 1620 5111 1720 548 648
839 3671 939 3771 519 619
5081 561 5181 661 381 481
4474 3686 4574 3786 556 656
773 3199 873 3299 473 573
3106 1671 3206 1771 449 549
2798 3419 2898 3519 572 672
1320 1664 1420 1764 549 649
5663 19 5763 119 682 782
3918 96 4018 196 723 823
1353 1698 1453 1798 456 556
92 2256 192 2356 779 879
2107 3738 2207 3838 777 877
2441 652 2541 752 692 792
133 2970 233 3070 708 808
3550 105 3650 205 720 820
381 1969 481 2069 390 490
1811 2303 1911 2403 523 623
949 1449 1049 1549 592 692
5112 289 5212 389 605 705
3195 1570 3295 1670 765 865
5556 3429 5656 3529 376 476
5596 638 5696 738 723 823
36 1130 136 1230 407 507
1085 859 1185 959 729 829
1259 2198 1359 2298 518 618
3430 3202 3530 3302 690 790
1771 106 1871 206 586 686
473 2708 573 2808 530 630
2301 1413 2401 1513 546 646
3822 193 3922 293 661 761
4859 668 4959 768 461 561
1616 2451 1716 2551 679 779
3810 3607 3910 3707 405 505
350 3765 450 3865 739 839
3493 3628 3593 3728 386 486
5414 3461 5514 3561 339 439
2619 1536 2719 1636 355 455
2722 2012 2822 2112 500 600
457 3660 557 3760 715 815
5483 24 5583 124 433 533
1930 1850 2030 1950 653 753
819 3594 919 3694 789 889
4811 2439 4911 2539 804 904
229 2938 329 3038 502 602
3325 1508 3425 1608 733 833
1531 2155 1631 2255 777 877
1522 293 1622 393 761 861
5110 3376 5210 3476 724 824
1209 1148 1309 1248 518 618
1225 2950 1325 3050 338 438
3165 2548 3265 2648 537 637
2209 720 2309 820 677 777
2847 3252 2947 3352 668 768
481 3472 581 3572 580 680
2489 3488 2589 3588 584 684
3837 349 3937 449 457 557
2767 2407 2867 2507 480 580
1605 1965 1705 2065 351 451
1375 328 1475 428 739 839
3274 1560 3374 1660 496 596
1301 707 1401 807 753 853
5504 3427 5604 3527 606 706
828 627 928 727 544 644
3120 3558 3220 3658 414 514
1247 3035 1347 3135 692 792
5549 33 5649 133 475 575
3666 3162 3766 3262 569 669
4510 2256 4610 2356 591 691
5063 3228 5163 3328 556 656
1147 3183 1247 3283 438 538
3988 2147 4088 2247 736 836
4033 564 4133 664 813 913
2655 2028 2755 2128 644 744
4665 1177 4765 1277 621 721
5657 3445 5757 3545 507 607
2110 1291 2210 1391 550 650
3508 3266 3608 3366 384 484
4525 614 4625 714 688 788
5638 1860 5738 1960 568 668
2868 2846 2968 2946 533 633
2629 126 2729 226 584 684
4003 2645 4103 2745 519 619
2354 2073 2454 2173 456 556
1635 257 1735 357 398 498
2880 670 2980 770 439 539
2284 245 2384 345 425 525
4237 3234 4337 3334 804 904
25 341 125 441 766 866
3840 3828 3940 3928 654 754
5576 1074 5676 1174 541 641
2766 2688 2866 2788 767 867
3007 1575 3107 1675 467 567
319 2412 419 2512 714 814
2379 1923 2479 2023 763 863
272 3668 372 3768 541 641
2091 1473 2191 1573 553 653
1351 1927 1451 2027 789 889
2824 2885 2924 2985 452 552
4726 2703 4826 2803 349 449
1191 708 1291 808 699 799
4848 1331 4948 1431 500 600
3016 1414 3116 1514 703 803
4916 273 5016 373 682 782
2826 3836 2926 3936 342 442
1964 174 2064 274 370 470
1142 3187 1242 3287 384 484
4128 1058 4228 1158 671 771
2395 954 2495 1054 728 828
1023 3489 1123 3589 758 858
461 68 561 168 589 689
3025 92 3125 192 343 443
968 3529 1068 3629 671 771
3481 1480 3581 1580 726 826
1991 3663 2091 3763 703 803
4979 1286 5079 1386 515 615
3291 167 3391 267 337 437
5505 552 5605 652 588 688
4931 526 5031 626 779 879
2145 274 2245 374 790 890
436 3624 536 3724 533 633
743 2600 843 2700 543 643
93 3634 193 3734 772 872
1493 1905 1593 2005 396 496
73 2320 173 2420 674 774
5061 1654 5161 1754 525 625
4694 922 4794 1022 632 732
1062 2845 1162 2945 660 760
2916 1549 3016 1649 584 684
1046 3820 1146 3920 446 546
1284 657 1384 757 808 908
4820 3066 4920 3166 455 555
5021 3330 5121 3430 502 602
268 209 368 309 363 463
666 3026 766 3126 382 482
4959 15 5059 115 417 517
2522 1647 2622 1747 649 749
1346 812 1446 912 500 600
5557 3560 5657 3660 781 881
1435 1797 1535 1897 454 554
379 259 479 359 745 845
4508 1668 4608 1768 550 650
4812 810 4912 910 755 855
3366 3867 3466 3967 593 693
3098 3114 3198 3214 601 701
811 2213 911 2313 447 547
1484 1045 1584 1145 382 482
3773 3679 3873 3779 810 910
1149 2865 1249 2965 477 577
5389 376 5489 476 705 805
863 389 963 489 591 691
42 1222 142 1322 660 760
4222 2980 4322 3080 641 741
1463 1337 1563 1437 344 444
5291 3506 5391 3606 454 554
4299 1350 4399 1450 682 782
4654 1674 4754 1774 666 766
4203 1497 4303 1597 701 801
5667 2261 5767 2361 709 809
5669 366 5769 466 385 485
66 880 166 980 792 892
2732 3055 2832 3155 421 521
709 2156 809 2256 342 442
5314 264 5414 364 648 748
5332 84 5432 184 411 511
2536 1991 2636 2091 555 655
1885 2097 1985 2197 609 709
160 3299 260 3399 483 583
5002 2506 5102 2606 743 843
110 627 210 727 804 904
3590 707 3690 807 785 885
4338 1756 4438 1856 541 641
2227 2789 2327 2889 764 864
2071 1964 2171 2064 440 540
1494 1900 1594 2000 706 806
3042 3058 3142 3158 395 495
3444 3750 3544 3850 572 672
3080 3617 3180 3717 657 757
534 3841 634 3941 719 819
3802 3231 3902 3331 750 850
498 3567 598 3667 717 817
3520 2586 3620 2686 396 496
1427 105 1527 205 440 540
5289 1758 5389 1858 676 776
4534 2328 4634 2428 636 736
5006 1420 5106 1520 361 461
77 385 177 485 601 701
5329 896 5429 996 729 829
3108 1798 3208 1898 486 586
4822 203 4922 303 392 492
4106 2876 4206 2976 420 520
2132 1646 2232 1746 475 575
1079 817 1179 917 567 667
2210 1140 2310 1240 627 727
5097 383 5197 483 565 665
4696 2374 4796 2474 708 808
2991 55 3091 155 396 496
2973 1920 3073 2020 706 806
4801 3466 4901 3566 428 528
2550 3299 2650 3399 445 545
2624 640 2724 740 599 699
1766 2752 1866 2852 385 485
232 934 332 1034 410 510
5438 473 5538 573 550 650
2231 837 2331 937 431 531
4693 2522 4793 2622 422 522
3279 783 3379 883 434 534
3092 2025 3192 2125 372 472
365 658 465 758 813 913
2479 522 2579 622 780 880
1202 949 1302 1049 540 640
3878 2851 3978 2951 547 647
1441 1014 1541 1114 785 885
2716 691 2816 791 806 906
406 988 506 1088 548 648
149 332 249 432 711 811
1212 1393 1312 1493 367 467
4225 653 4325 753 734 834
3587 1506 3687 1606 624 724
2406 599 2506 699 665 765
5506 633 5606 733 509 609
322 3236 422 3336 641 741
1022 3499 1122 3599 648 748
2391 2239 2491 2339 687 787
2005 1845 2105 1945 719 819
4408 1452 4508 1552 750 850
3366 2028 3466 2128 749 849
1872 3630 1972 3730 774 874
4005 1624 4105 1724 569 669
2530 2130 2630 2230 777 877
552 1892 652 1992 404 504
1248 2799 1348 2899 739 839
91 2454 191 2554 804 904
4159 386 4259 486 598 698
1669 3624 1769 3724 738 838
591 2549 691 2649 437 537
985 931 1085 1031 588 688
5024 803 5124 903 811 911
237 288 337 388 589 689
3658 1292 3758 1392 400 500
545 438 645 538 612 712
4135 1169 4235 1269 401 501
1635 2594 1735 2694 528 628
229 1669 329 1769 413 513
2632 2985 2732 3085 451 551
4062 3629 4162 3729 780 880
35 1282 135 1382 491 591
2691 2484 2791 2584 421 521
138 88 238 188 563 663
1705 1997 1805 2097 654 754
4610 2412 4710 2512 471 571
2324 563 2424 663 738 838
1463 3587 1563 3687 731 831
3602 2031 3702 2131 686 786
5392 3284 5492 3384 552 652
3096 2637 3196 2737 489 589
1677 2791 1777 2891 582 682
3947 625 4047 725 691 791
850 3514 950 3614 702 802
2685 2783 2785 2883 775 875
500 407 600 507 395 495
37 3582 137 3682 509 609
3649 2001 3749 2101 567 667
5133 769 5233 869 558 658
4015 2770 4115 2870 670 770
1962 2578 2062 2678 753 853
673 2741 773 2841 430 530
27 1538 127 1638 431 531
967 1020 1067 1120 677 777
3176 1475 3276 1575 542 642
5678 294 5778 394 492 592
2724 412 2824 512 801 901
109 2998 209 3098 505 605
4103 2845 4203 2945 347 447
4559 1621 4659 1721 732 832
4109 906 4209 1006 342 442
1075 3083 1175 3183 502 602
2338 1630 2438 1730 412 512
4848 1529 4948 1629 559 659
2451 1620 2551 1720 766 866
4251 3900 4351 4000 651 751
2824 1575 2924 1675 423 523
494 3009 594 3109 408 508
5020 88 5120 188 525 625
3333 1238 3433 1338 571 671
825 695 925 795 688 788
1700 3591 1800 3691 625 725
786 1015 886 1115 480 580
3691 1394 3791 1494 681 781
4416 1689 4516 1789 564 664
2119 2030 2219 2130 495 595
1934 1576 2034 1676 530 630
5557 1257 5657 1357 695 795
4603 3073 4703 3173 414 514
4205 2488 4305 2588 713 813
4296 3677 4396 3777 494 594
5733 1260 5833 1360 503 603
4553 2036 4653 2136 356 456
1338 3484 1438 3584 624 724
1690 2723 1790 2823 546 646
4149 2477 4249 2577 400 500
3464 3040 3564 3140 598 698
2914 2172 3014 2272 796 896
1501 217 1601 317 613 713
4988 22 5088 122 462 562
158 3206 258 3306 812 912
2604 222 2704 322 641 741
3023 1955 3123 2055 590 690
4308 3480 4408 3580 736 836
5012 2427 5112 2527 676 776
2951 1664 3051 1764 363 463
2377 1191 2477 1291 587 687
373 2582 473 2682 408 508
3726 2293 3826 2393 373 473
5423 1660 5523 1760 522 622
3607 673 3707 773 687 787
5399 2524 5499 2624 668 768
1017 3002 1117 3102 604 704
3281 3121 3381 3221 788 888
4402 1623 4502 1723 536 636
3054 2693 3154 2793 477 577
1909 3214 2009 3314 368 468
3455 3513 3555 3613 656 756
2320 789 2420 889 343 443
2555 3422 2655 3522 460 560
3729 792 3829 892 758 858
3846 3129 3946 3229 366 466
3451 2488 3551 2588 480 580
1908 3558 2008 3658 567 667
1110 1863 1210 1963 438 538
2194 1532 2294 1632 705 805
4673 2389 4773 2489 403 503
530 922 630 1022 345 445
