100
1460 1116 1470 1126 519 719
2210 2653 2220 2663 519 719
3930 779 3940 789 519 719
1493 1834 1503 1844 519 719
801 2264 811 2274 519 719
1272 3237 1282 3247 519 719
410 1156 420 1166 519 719
413 3116 423 3126 519 719
2325 2909 2335 2919 519 719
5658 150 5668 160 519 719
756 3136 766 3146 519 719
821 536 831 546 519 719
4408 3395 4418 3405 519 719
5291 3585 5301 3595 519 719
1524 1920 1534 1930 519 719
2548 872 2558 882 519 719
4114 564 4124 574 519 719
2039 3676 2049 3686 519 719
4396 3584 4406 3594 519 719
1731 3108 1741 3118 519 719
3154 2616 3164 2626 519 719
210 1798 220 1808 519 719
5582 2787 5592 2797 519 719
4909 121 4919 131 519 719
995 1665 1005 1675 519 719
1643 2925 1653 2935 519 719
582 3109 592 3119 519 719
5021 1623 5031 1633 519 719
1376 3516 1386 3526 519 719
2334 231 2344 241 519 719
1693 2233 1703 2243 519 719
54 3719 64 3729 519 719
5339 3865 5349 3875 519 719
39 3378 49 3388 519 719
1323 2547 1333 2557 519 719
2649 2938 2659 2948 519 719
472 2473 482 2483 519 719
3740 191 3750 201 519 719
5012 3283 5022 3293 519 719
3829 2212 3839 2222 519 719
1102 584 1112 594 519 719
3458 3381 3468 3391 519 719
5786 2230 5796 2240 519 719
4524 1452 4534 1462 519 719
4978 3845 4988 3855 519 719
4232 823 4242 833 519 719
3759 410 3769 420 519 719
2346 1745 2356 1755 519 719
2078 1579 2088 1589 519 719
2870 1366 2880 1376 519 719
3535 1251 3545 1261 519 719
3577 544 3587 554 519 719
397 2674 407 2684 519 719
5760 1854 5770 1864 519 719
3682 1049 3692 1059 519 719
4964 2161 4974 2171 519 719
1248 458 1258 468 519 719
4318 573 4328 583 519 719
937 1802 947 1812 519 719
2535 2066 2545 2076 519 719
5568 1332 5578 1342 519 719
2454 2981 2464 2991 519 719
921 1064 931 1074 519 719
2462 3642 2472 3652 519 719
733 1105 743 1115 519 719
5778 2015 5788 2025 519 719
719 568 729 578 519 719
294 2941 304 2951 519 719
708 919 718 929 519 719
2224 455 2234 465 519 719
1830 117 1840 127 519 719
1194 2838 1204 2848 519 719
5478 1790 5488 1800 519 719
2131 3264 2141 3274 519 719
542 3060 552 3070 519 719
4349 496 4359 506 519 719
4981 1853 4991 1863 519 719
5304 1381 5314 1391 519 719
5150 3450 5160 3460 519 719
4599 807 4609 817 519 719
5118 1287 5128 1297 519 719
2170 543 2180 553 519 719
3769 3005 3779 3015 519 719
2652 1107 2662 1117 519 719
4216 1913 4226 1923 519 719
4567 1138 4577 1148 519 719
4082 1801 4092 1811 519 719
4823 229 4833 239 519 719
3291 3397 3301 3407 519 719
2163 2430 2173 2440 519 719
1488 2457 1498 2467 519 719
5641 2105 5651 2115 519 719
1031 36 1041 46 519 719
4390 2473 4400 2483 519 719
1220 2142 1230 2152 519 719
403 1673 413 1683 519 719
3404 1349 3414 1359 519 719
2042 1293 2052 1303 519 719
2887 947 2897 957 519 719
3669 1911 3679 1921 519 719
