1000
620 1768 820 1968 376 386
2649 1073 2849 1273 818 828
48 3280 248 3480 652 662
1325 3501 1525 3701 765 775
423 1065 623 1265 576 586
1594 321 1794 521 556 566
1937 2622 2137 2822 820 830
2603 2521 2803 2721 391 401
2351 2278 2551 2478 357 367
601 1168 801 1368 400 410
1014 1808 1214 2008 590 600
2428 2509 2628 2709 720 730
1377 2467 1577 2667 784 794
3143 785 3343 985 872 882
5029 1722 5229 1922 404 414
2368 3101 2568 3301 502 512
1787 2268 1987 2468 842 852
1534 214 1734 414 606 616
1155 2891 1355 3091 440 450
1726 1793 1926 1993 702 712
4974 3526 5174 3726 462 472
2936 3115 3136 3315 840 850
2117 227 2317 427 492 502
840 3078 1040 3278 773 783
4508 645 4708 845 886 896
1661 3028 1861 3228 612 622
4567 708 4767 908 540 550
2939 3040 3139 3240 645 655
5555 226 5755 426 500 510
4388 37 4588 237 596 606
5529 3018 5729 3218 834 844
3957 1804 4157 2004 685 695
2170 532 2370 732 567 577
140 2480 340 2680 729 739
4984 2018 5184 2218 531 541
52 1742 252 1942 649 659
3709 1234 3909 1434 735 745
1122 3117 1322 3317 772 782
306 2309 506 2509 618 628
3766 2621 3966 2821 424 434
744 2951 944 3151 755 765
3536 2838 3736 3038 665 675
3137 989 3337 1189 472 482
1000 1404 1200 1604 624 634
116 2598 316 2798 522 532
5590 2491 5790 2691 734 744
2716 1916 2916 2116 795 805
4562 870 4762 1070 706 716
1381 3368 1581 3568 608 618
5458 2430 5658 2630 734 744
1748 1380 1948 1580 686 696
638 1475 838 1675 591 601
5140 497 5340 697 886 896
298 206 498 406 592 602
3798 1408 3998 1608 714 724
3377 2480 3577 2680 666 676
469 2648 669 2848 658 668
5358 351 5558 551 894 904
3983 2430 4183 2630 483 493
1825 1509 2025 1709 658 668
3348 1426 3548 1626 673 683
2646 659 2846 859 897 907
3677 1751 3877 1951 608 618
2970 2226 3170 2426 473 483
590 3033 790 3233 383 393
1445 120 1645 320 532 542
23 2830 223 3030 469 479
5521 2527 5721 2727 723 733
2140 58 2340 258 400 410
1467 1 1667 201 478 488
1551 439 1751 639 412 422
3213 522 3413 722 555 565
4196 79 4396 279 668 678
2073 2370 2273 2570 821 831
3332 1196 3532 1396 736 746
2678 2219 2878 2419 661 671
5397 327 5597 527 800 810
2999 3507 3199 3707 542 552
5611 2758 5811 2958 757 767
3256 2979 3456 3179 584 594
1316 1269 1516 1469 355 365
1615 2069 1815 2269 353 363
4639 3055 4839 3255 769 779
4323 3192 4523 3392 449 459
812 1208 1012 1408 654 664
3545 1522 3745 1722 822 832
4543 1333 4743 1533 519 529
4350 229 4550 429 699 709
2531 90 2731 290 655 665
3223 1078 3423 1278 600 610
2533 3169 2733 3369 658 668
3657 3251 3857 3451 730 740
3677 1981 3877 2181 679 689
477 1112 677 1312 710 720
2667 2870 2867 3070 393 403
5122 3479 5322 3679 341 351
3646 3058 3846 3258 685 695
3979 637 4179 837 423 433
133 274 333 474 377 387
40 2028 240 2228 740 750
5091 3630 5291 3830 390 400
5557 1719 5757 1919 536 546
4498 617 4698 817 698 708
470 405 670 605 705 715
1111 2714 1311 2914 411 421
4112 1137 4312 1337 780 790
871 1696 1071 1896 372 382
2273 2446 2473 2646 784 794
112 825 312 1025 455 465
5564 1861 5764 2061 875 885
5040 2463 5240 2663 654 664
5344 98 5544 298 379 389
2375 3699 2575 3899 502 512
848 1856 1048 2056 888 898
4859 2354 5059 2554 452 462
4014 3339 4214 3539 644 654
1629 1794 1829 1994 750 760
2401 1322 2601 1522 386 396
4809 1413 5009 1613 416 426
104 2158 304 2358 590 600
2867 1572 3067 1772 541 551
4196 3617 4396 3817 589 599
2108 141 2308 341 496 506
204 1466 404 1666 539 549
4603 1896 4803 2096 524 534
821 1238 1021 1438 442 452
5263 3763 5463 3963 799 809
4727 1127 4927 1327 746 756
3042 1569 3242 1769 869 879
265 1561 465 1761 643 653
2228 2394 2428 2594 470 480
2589 2366 2789 2566 339 349
1340 926 1540 1126 449 459
2827 2493 3027 2693 464 474
1803 1400 2003 1600 752 762
5172 1894 5372 2094 821 831
47 1310 247 1510 482 492
4071 605 4271 805 338 348
2594 696 2794 896 835 845
1368 1668 1568 1868 764 774
241 1582 441 1782 728 738
4177 1370 4377 1570 476 486
1521 391 1721 591 554 564
289 2344 489 2544 428 438
1329 3014 1529 3214 716 726
3709 954 3909 1154 771 781
235 1034 435 1234 397 407
3744 3519 3944 3719 510 520
5279 1389 5479 1589 462 472
3931 1390 4131 1590 463 473
5523 2618 5723 2818 701 711
1564 3636 1764 3836 813 823
1814 2729 2014 2929 419 429
2816 1569 3016 1769 747 757
4776 3153 4976 3353 865 875
786 245 986 445 895 905
3102 946 3302 1146 505 515
5553 3686 5753 3886 595 605
1584 2784 1784 2984 374 384
5445 2079 5645 2279 375 385
476 861 676 1061 337 347
113 3057 313 3257 393 403
1378 1900 1578 2100 480 490
5613 3649 5813 3849 645 655
4133 924 4333 1124 513 523
4460 2728 4660 2928 369 379
406 1083 606 1283 634 644
3378 3370 3578 3570 383 393
296 1853 496 2053 686 696
5188 1030 5388 1230 342 352
2423 2569 2623 2769 781 791
3448 1241 3648 1441 823 833
1158 2956 1358 3156 414 424
2715 2035 2915 2235 466 476
2691 3092 2891 3292 375 385
2416 799 2616 999 520 530
5598 3712 5798 3912 833 843
1039 3734 1239 3934 612 622
3841 2112 4041 2312 727 737
2209 3299 2409 3499 542 552
150 3351 350 3551 879 889
3112 1087 3312 1287 338 348
1376 3203 1576 3403 529 539
2321 3297 2521 3497 903 913
3200 666 3400 866 670 680
2994 735 3194 935 862 872
2491 3010 2691 3210 903 913
4791 3105 4991 3305 395 405
4091 167 4291 367 664 674
1974 3050 2174 3250 613 623
3809 1693 4009 1893 718 728
4357 3027 4557 3227 542 552
3729 238 3929 438 577 587
3305 558 3505 758 901 911
2905 1566 3105 1766 754 764
1096 2655 1296 2855 749 759
2188 3543 2388 3743 852 862
945 2251 1145 2451 860 870
594 1411 794 1611 687 697
1507 2876 1707 3076 749 759
3157 1606 3357 1806 354 364
2249 2439 2449 2639 577 587
2156 2076 2356 2276 706 716
3960 1944 4160 2144 753 763
4661 276 4861 476 847 857
1308 3226 1508 3426 461 471
1958 2461 2158 2661 846 856
852 954 1052 1154 798 808
4518 908 4718 1108 592 602
25 2166 225 2366 490 500
714 1955 914 2155 760 770
1018 565 1218 765 812 822
4201 3676 4401 3876 582 592
129 3088 329 3288 830 840
2558 3630 2758 3830 485 495
3329 636 3529 836 885 895
5285 174 5485 374 352 362
5428 2983 5628 3183 523 533
2756 767 2956 967 887 897
1361 1295 1561 1495 639 649
3293 3076 3493 3276 556 566
1002 2473 1202 2673 453 463
4336 241 4536 441 535 545
176 421 376 621 345 355
3034 1300 3234 1500 512 522
4381 2175 4581 2375 888 898
5389 1900 5589 2100 684 694
2530 1748 2730 1948 417 427
2390 169 2590 369 545 555
5486 2377 5686 2577 850 860
1968 1375 2168 1575 547 557
786 300 986 500 787 797
4037 1592 4237 1792 740 750
2595 2787 2795 2987 580 590
268 497 468 697 854 864
1718 330 1918 530 873 883
2536 973 2736 1173 631 641
4831 3355 5031 3555 702 712
3588 2361 3788 2561 413 423
3401 1961 3601 2161 457 467
4218 520 4418 720 354 364
1114 1524 1314 1724 658 668
672 206 872 406 515 525
1453 3304 1653 3504 804 814
3585 973 3785 1173 882 892
3911 3705 4111 3905 834 844
117 735 317 935 574 584
3055 2109 3255 2309 686 696
1152 3207 1352 3407 724 734
2807 258 3007 458 605 615
3740 628 3940 828 633 643
1527 1321 1727 1521 458 468
2812 2542 3012 2742 765 775
572 730 772 930 486 496
548 1638 748 1838 830 840
134 1235 334 1435 772 782
3711 957 3911 1157 863 873
5233 2703 5433 2903 885 895
1667 619 1867 819 852 862
1044 208 1244 408 340 350
2980 1575 3180 1775 431 441
3954 765 4154 965 637 647
4601 1139 4801 1339 339 349
3393 489 3593 689 508 518
2848 1602 3048 1802 690 700
3083 2707 3283 2907 836 846
251 1863 451 2063 412 422
2454 43 2654 243 718 728
3089 2874 3289 3074 418 428
104 574 304 774 658 668
2616 2707 2816 2907 423 433
3334 1452 3534 1652 864 874
3524 605 3724 805 472 482
3784 1902 3984 2102 624 634
5565 2577 5765 2777 588 598
1172 3603 1372 3803 845 855
157 344 357 544 757 767
2484 3409 2684 3609 497 507
5569 3502 5769 3702 414 424
4922 3093 5122 3293 766 776
3199 2440 3399 2640 752 762
4292 2171 4492 2371 538 548
3937 2869 4137 3069 813 823
4868 1743 5068 1943 368 378
2018 315 2218 515 357 367
1575 964 1775 1164 706 716
3598 384 3798 584 716 726
364 1802 564 2002 346 356
2899 3382 3099 3582 647 657
1438 411 1638 611 433 443
2588 2230 2788 2430 710 720
3690 2813 3890 3013 440 450
3056 2185 3256 2385 553 563
5212 1485 5412 1685 858 868
2345 3473 2545 3673 457 467
2716 1410 2916 1610 773 783
3919 1804 4119 2004 603 613
488 447 688 647 525 535
444 1184 644 1384 855 865
1158 2348 1358 2548 477 487
2734 712 2934 912 342 352
2148 515 2348 715 473 483
2658 1678 2858 1878 829 839
2146 1797 2346 1997 849 859
4322 3513 4522 3713 885 895
3468 323 3668 523 493 503
681 370 881 570 811 821
1759 1729 1959 1929 495 505
3469 1737 3669 1937 772 782
99 2366 299 2566 717 727
2136 2169 2336 2369 564 574
1496 1318 1696 1518 729 739
2396 452 2596 652 845 855
3056 170 3256 370 823 833
2703 1477 2903 1677 497 507
3356 3157 3556 3357 651 661
797 2373 997 2573 825 835
4264 2571 4464 2771 461 471
2839 222 3039 422 636 646
4988 1769 5188 1969 462 472
789 762 989 962 537 547
4114 2493 4314 2693 667 677
1654 2173 1854 2373 389 399
2029 1987 2229 2187 421 431
4810 1151 5010 1351 653 663
985 867 1185 1067 702 712
4552 1016 4752 1216 374 384
2506 1132 2706 1332 435 445
901 3194 1101 3394 508 518
181 3053 381 3253 413 423
1428 2318 1628 2518 355 365
1811 1703 2011 1903 843 853
3328 3253 3528 3453 375 385
3070 3315 3270 3515 449 459
3185 2947 3385 3147 376 386
2278 332 2478 532 771 781
3664 2655 3864 2855 526 536
2383 3424 2583 3624 616 626
271 1359 471 1559 634 644
569 2737 769 2937 447 457
3453 1583 3653 1783 873 883
5417 1597 5617 1797 503 513
2164 2567 2364 2767 734 744
1732 2675 1932 2875 438 448
1536 3621 1736 3821 538 548
4202 1552 4402 1752 628 638
1882 3426 2082 3626 519 529
786 3276 986 3476 505 515
5329 3672 5529 3872 840 850
1276 2568 1476 2768 624 634
4973 201 5173 401 419 429
286 2666 486 2866 490 500
2461 2584 2661 2784 405 415
1944 3661 2144 3861 850 860
690 1020 890 1220 709 719
3508 2675 3708 2875 865 875
26 1893 226 2093 486 496
437 3490 637 3690 676 686
1530 258 1730 458 401 411
4130 1462 4330 1662 399 409
2853 283 3053 483 615 625
4692 570 4892 770 436 446
176 226 376 426 498 508
3764 234 3964 434 644 654
1755 3169 1955 3369 420 430
2824 1315 3024 1515 432 442
3683 3398 3883 3598 418 428
2127 1409 2327 1609 631 641
693 3365 893 3565 654 664
5140 1492 5340 1692 849 859
4756 58 4956 258 694 704
2994 2177 3194 2377 725 735
5195 3375 5395 3575 476 486
2317 2420 2517 2620 848 858
1583 3516 1783 3716 807 817
4603 414 4803 614 490 500
4299 2268 4499 2468 755 765
2401 2633 2601 2833 455 465
5412 3253 5612 3453 520 530
1662 991 1862 1191 691 701
3709 685 3909 885 818 828
5168 2536 5368 2736 853 863
761 1608 961 1808 447 457
4002 3547 4202 3747 672 682
65 2882 265 3082 341 351
846 3695 1046 3895 895 905
4136 1797 4336 1997 593 603
4320 2145 4520 2345 720 730
1759 625 1959 825 852 862
3624 2829 3824 3029 617 627
2763 1084 2963 1284 579 589
1953 3277 2153 3477 821 831
245 105 445 305 438 448
3456 3198 3656 3398 595 605
4070 2918 4270 3118 530 540
3841 164 4041 364 765 775
5441 2322 5641 2522 762 772
1348 648 1548 848 732 742
4895 2622 5095 2822 775 785
5417 1737 5617 1937 771 781
2337 1016 2537 1216 469 479
411 517 611 717 356 366
2557 147 2757 347 756 766
2536 1750 2736 1950 544 554
2742 3207 2942 3407 863 873
4681 1171 4881 1371 547 557
1675 2181 1875 2381 688 698
3664 1641 3864 1841 700 710
1693 3717 1893 3917 571 581
1173 3319 1373 3519 419 429
3691 3710 3891 3910 663 673
1750 3303 1950 3503 585 595
368 2366 568 2566 766 776
304 2505 504 2705 554 564
5486 2729 5686 2929 350 360
4695 588 4895 788 659 669
4420 1308 4620 1508 842 852
3078 616 3278 816 587 597
4991 656 5191 856 714 724
634 2054 834 2254 735 745
4839 3099 5039 3299 735 745
3368 1074 3568 1274 518 528
3741 1527 3941 1727 438 448
560 23 760 223 662 672
2772 3560 2972 3760 751 761
3317 3653 3517 3853 897 907
242 3529 442 3729 898 908
4554 178 4754 378 545 555
754 3380 954 3580 867 877
4945 2084 5145 2284 536 546
5620 298 5820 498 553 563
5117 3631 5317 3831 353 363
3771 3466 3971 3666 588 598
4065 3012 4265 3212 412 422
2893 220 3093 420 666 676
3073 3628 3273 3828 677 687
3494 1474 3694 1674 591 601
266 2802 466 3002 823 833
2617 3182 2817 3382 474 484
884 1000 1084 1200 345 355
1803 1106 2003 1306 519 529
3426 1139 3626 1339 689 699
1861 602 2061 802 603 613
3117 1860 3317 2060 560 570
1707 2879 1907 3079 778 788
3115 2587 3315 2787 702 712
756 43 956 243 655 665
4539 1886 4739 2086 510 520
618 1130 818 1330 517 527
5268 3764 5468 3964 486 496
2275 439 2475 639 752 762
1891 1855 2091 2055 512 522
1997 3016 2197 3216 581 591
463 3179 663 3379 427 437
3568 2368 3768 2568 878 888
2726 2612 2926 2812 647 657
1178 3023 1378 3223 861 871
4883 3331 5083 3531 883 893
1396 3714 1596 3914 856 866
2678 3011 2878 3211 809 819
2543 3307 2743 3507 373 383
818 2630 1018 2830 770 780
2545 3081 2745 3281 817 827
213 2055 413 2255 830 840
3528 1824 3728 2024 690 700
4025 2610 4225 2810 790 800
4702 437 4902 637 775 785
3563 2113 3763 2313 397 407
648 2097 848 2297 513 523
4366 2042 4566 2242 825 835
4167 678 4367 878 579 589
1856 2913 2056 3113 524 534
857 2283 1057 2483 446 456
2957 923 3157 1123 545 555
5631 2222 5831 2422 414 424
4793 1459 4993 1659 559 569
3636 1220 3836 1420 712 722
2763 3079 2963 3279 624 634
1072 1321 1272 1521 404 414
4748 2408 4948 2608 799 809
2134 1764 2334 1964 888 898
1148 566 1348 766 391 401
3528 2200 3728 2400 551 561
5630 3612 5830 3812 608 618
2278 1910 2478 2110 458 468
2528 3264 2728 3464 642 652
3542 1152 3742 1352 400 410
705 3191 905 3391 759 769
4543 2048 4743 2248 499 509
5169 699 5369 899 708 718
5185 1416 5385 1616 657 667
1494 642 1694 842 384 394
479 1800 679 2000 759 769
4610 1108 4810 1308 692 702
2817 3684 3017 3884 480 490
4271 2219 4471 2419 478 488
1639 854 1839 1054 571 581
5264 27 5464 227 566 576
1635 1850 1835 2050 523 533
2757 80 2957 280 618 628
1638 2830 1838 3030 644 654
2447 2439 2647 2639 842 852
1397 2557 1597 2757 768 778
4988 2460 5188 2660 466 476
4743 1540 4943 1740 711 721
727 3549 927 3749 448 458
3299 76 3499 276 901 911
4661 2211 4861 2411 746 756
2087 1632 2287 1832 836 846
2138 2722 2338 2922 607 617
3922 2558 4122 2758 391 401
3932 633 4132 833 869 879
3240 1314 3440 1514 702 712
5374 732 5574 932 866 876
4607 228 4807 428 804 814
3140 182 3340 382 769 779
3501 3119 3701 3319 369 379
3592 2589 3792 2789 865 875
4042 3314 4242 3514 848 858
3677 2010 3877 2210 547 557
2025 2440 2225 2640 833 843
4196 2217 4396 2417 764 774
401 3516 601 3716 452 462
2327 2064 2527 2264 757 767
3302 2772 3502 2972 899 909
425 3253 625 3453 390 400
3610 1926 3810 2126 635 645
3214 1175 3414 1375 539 549
4426 2560 4626 2760 396 406
3163 327 3363 527 392 402
2182 629 2382 829 743 753
2971 3286 3171 3486 493 503
2486 1604 2686 1804 714 724
2126 3474 2326 3674 637 647
1010 3753 1210 3953 391 401
3957 180 4157 380 789 799
336 899 536 1099 871 881
4652 2922 4852 3122 571 581
4719 2391 4919 2591 800 810
2548 2469 2748 2669 355 365
202 3609 402 3809 640 650
1602 766 1802 966 511 521
5117 3706 5317 3906 500 510
2553 72 2753 272 843 853
5002 3528 5202 3728 432 442
71 2901 271 3101 739 749
2106 3703 2306 3903 560 570
3252 1453 3452 1653 430 440
1459 1800 1659 2000 812 822
770 2728 970 2928 515 525
4786 175 4986 375 820 830
4176 382 4376 582 586 596
3058 1028 3258 1228 678 688
1759 1826 1959 2026 644 654
2606 2572 2806 2772 840 850
3184 2237 3384 2437 694 704
3843 1805 4043 2005 695 705
2551 1670 2751 1870 639 649
2524 2269 2724 2469 599 609
2471 91 2671 291 699 709
5630 3 5830 203 361 371
2750 3427 2950 3627 429 439
2519 2246 2719 2446 622 632
1630 1864 1830 2064 621 631
2287 1217 2487 1417 661 671
5347 994 5547 1194 860 870
3486 638 3686 838 408 418
2529 2579 2729 2779 470 480
1565 2875 1765 3075 584 594
5160 3180 5360 3380 646 656
4581 3693 4781 3893 674 684
5595 2691 5795 2891 339 349
4087 201 4287 401 449 459
5176 3731 5376 3931 404 414
132 1210 332 1410 775 785
5163 3769 5363 3969 459 469
3494 1375 3694 1575 425 435
2720 2324 2920 2524 830 840
452 2738 652 2938 700 710
3866 616 4066 816 445 455
2374 1748 2574 1948 809 819
687 3247 887 3447 576 586
2904 2487 3104 2687 430 440
802 1234 1002 1434 779 789
1629 2846 1829 3046 665 675
2504 23 2704 223 592 602
817 336 1017 536 350 360
487 1787 687 1987 799 809
3991 2247 4191 2447 475 485
2418 3244 2618 3444 841 851
4032 1809 4232 2009 426 436
3030 2537 3230 2737 390 400
2238 1254 2438 1454 758 768
4022 2476 4222 2676 683 693
4372 1257 4572 1457 886 896
5575 2616 5775 2816 687 697
1544 2215 1744 2415 415 425
1482 2224 1682 2424 772 782
2049 2951 2249 3151 562 572
4963 1201 5163 1401 730 740
3874 2424 4074 2624 888 898
3514 1974 3714 2174 805 815
3609 2541 3809 2741 484 494
2683 3588 2883 3788 604 614
269 3514 469 3714 600 610
2066 1259 2266 1459 343 353
2030 2123 2230 2323 524 534
3504 1410 3704 1610 532 542
3491 1444 3691 1644 360 370
2521 2695 2721 2895 873 883
4383 1977 4583 2177 478 488
170 2570 370 2770 782 792
1623 1650 1823 1850 759 769
516 174 716 374 568 578
3064 2438 3264 2638 586 596
5407 3685 5607 3885 509 519
4257 2408 4457 2608 592 602
507 3536 707 3736 718 728
132 3524 332 3724 782 792
1560 2350 1760 2550 355 365
1490 988 1690 1188 444 454
3880 1986 4080 2186 636 646
554 2602 754 2802 789 799
4956 1028 5156 1228 823 833
4185 1271 4385 1471 386 396
2613 49 2813 249 661 671
98 3778 298 3978 734 744
3825 3272 4025 3472 683 693
3918 2286 4118 2486 878 888
2427 1500 2627 1700 411 421
4314 3646 4514 3846 743 753
2097 2017 2297 2217 661 671
4929 116 5129 316 566 576
5063 2017 5263 2217 607 617
5106 1434 5306 1634 417 427
5250 2622 5450 2822 763 773
1922 28 2122 228 581 591
2715 3379 2915 3579 495 505
5494 2680 5694 2880 702 712
2391 2439 2591 2639 657 667
1492 1550 1692 1750 832 842
1692 3520 1892 3720 866 876
3009 1047 3209 1247 573 583
1424 323 1624 523 877 887
2942 2313 3142 2513 437 447
5063 322 5263 522 441 451
1836 1098 2036 1298 625 635
3008 1717 3208 1917 612 622
3520 3444 3720 3644 652 662
3353 1463 3553 1663 558 568
4143 1925 4343 2125 415 425
1663 3550 1863 3750 766 776
5360 2991 5560 3191 777 787
4581 2112 4781 2312 900 910
4207 1941 4407 2141 423 433
2782 3751 2982 3951 594 604
2845 2257 3045 2457 474 484
4417 2031 4617 2231 459 469
118 3283 318 3483 767 777
4996 697 5196 897 870 880
4556 2636 4756 2836 777 787
3188 2083 3388 2283 895 905
2837 1846 3037 2046 413 423
2944 2781 3144 2981 630 640
2702 95 2902 295 682 692
1730 3563 1930 3763 649 659
5049 1396 5249 1596 893 903
3375 3494 3575 3694 524 534
4990 3364 5190 3564 768 778
4180 3687 4380 3887 356 366
3186 3100 3386 3300 675 685
3499 2416 3699 2616 456 466
1171 2883 1371 3083 794 804
4700 218 4900 418 727 737
4304 76 4504 276 860 870
2773 2499 2973 2699 661 671
5172 208 5372 408 736 746
2054 1164 2254 1364 873 883
1916 1753 2116 1953 648 658
2562 3149 2762 3349 378 388
1856 2274 2056 2474 348 358
3712 1054 3912 1254 506 516
4229 3039 4429 3239 780 790
2898 1348 3098 1548 848 858
4452 3425 4652 3625 835 845
1740 2870 1940 3070 764 774
3033 373 3233 573 827 837
47 1253 247 1453 529 539
2612 2210 2812 2410 495 505
5280 1986 5480 2186 652 662
1614 1280 1814 1480 838 848
1887 1197 2087 1397 359 369
3496 3081 3696 3281 405 415
3636 1176 3836 1376 420 430
5175 1325 5375 1525 697 707
5176 561 5376 761 382 392
5215 3240 5415 3440 355 365
4702 3155 4902 3355 474 484
1370 1532 1570 1732 426 436
133 1735 333 1935 576 586
5173 3650 5373 3850 376 386
2751 506 2951 706 733 743
1933 1581 2133 1781 500 510
3812 2896 4012 3096 703 713
1732 2399 1932 2599 596 606
5636 1698 5836 1898 704 714
1452 3292 1652 3492 717 727
5406 3587 5606 3787 469 479
2780 3009 2980 3209 431 441
980 1780 1180 1980 346 356
2568 2311 2768 2511 694 704
3684 805 3884 1005 480 490
2475 2855 2675 3055 879 889
2941 3159 3141 3359 633 643
2491 3066 2691 3266 755 765
5426 2200 5626 2400 675 685
2280 1160 2480 1360 819 829
1574 321 1774 521 350 360
3433 2467 3633 2667 659 669
4676 675 4876 875 770 780
4941 3795 5141 3995 869 879
125 964 325 1164 889 899
3399 1722 3599 1922 854 864
1410 70 1610 270 767 777
3285 1725 3485 1925 712 722
2916 1201 3116 1401 481 491
5403 3601 5603 3801 558 568
4605 3085 4805 3285 394 404
5298 3546 5498 3746 692 702
3061 3509 3261 3709 409 419
3667 3178 3867 3378 349 359
1083 2403 1283 2603 488 498
3627 950 3827 1150 655 665
1796 400 1996 600 380 390
5121 3650 5321 3850 598 608
3900 3227 4100 3427 368 378
3768 2361 3968 2561 624 634
538 542 738 742 549 559
5181 618 5381 818 841 851
3553 1798 3753 1998 395 405
2199 2061 2399 2261 356 366
3765 1449 3965 1649 447 457
576 2297 776 2497 748 758
596 3659 796 3859 667 677
1278 355 1478 555 436 446
4885 1521 5085 1721 537 547
73 1016 273 1216 678 688
251 1533 451 1733 643 653
1353 1861 1553 2061 511 521
1095 3729 1295 3929 604 614
4078 2480 4278 2680 595 605
3961 3441 4161 3641 577 587
868 1505 1068 1705 407 417
3765 3727 3965 3927 667 677
2703 1043 2903 1243 524 534
891 512 1091 712 417 427
1246 3334 1446 3534 361 371
3454 969 3654 1169 577 587
762 2573 962 2773 556 566
4034 1820 4234 2020 588 598
5048 2221 5248 2421 745 755
1830 882 2030 1082 538 548
1030 1737 1230 1937 554 564
556 1936 756 2136 546 556
2282 3410 2482 3610 556 566
5536 2208 5736 2408 780 790
2936 3087 3136 3287 683 693
3892 2339 4092 2539 487 497
3300 2774 3500 2974 404 414
702 2003 902 2203 371 381
5062 2563 5262 2763 512 522
1886 1976 2086 2176 715 725
428 159 628 359 524 534
1187 201 1387 401 350 360
4684 431 4884 631 460 470
991 2733 1191 2933 384 394
484 1028 684 1228 826 836
3234 3194 3434 3394 491 501
3853 3162 4053 3362 623 633
3464 524 3664 724 457 467
3316 2810 3516 3010 634 644
1694 2627 1894 2827 843 853
2483 3418 2683 3618 824 834
1063 2887 1263 3087 582 592
970 1752 1170 1952 448 458
4983 265 5183 465 543 553
2485 3530 2685 3730 817 827
590 1947 790 2147 858 868
2449 3349 2649 3549 711 721
3411 2707 3611 2907 596 606
1642 3371 1842 3571 763 773
2190 3763 2390 3963 358 368
1319 2493 1519 2693 781 791
5550 1300 5750 1500 482 492
4080 3651 4280 3851 806 816
4833 1554 5033 1754 836 846
1987 1017 2187 1217 385 395
4045 2858 4245 3058 366 376
3691 3345 3891 3545 800 810
4151 2190 4351 2390 619 629
410 2190 610 2390 491 501
3170 575 3370 775 461 471
3037 852 3237 1052 339 349
439 3181 639 3381 814 824
1975 161 2175 361 897 907
1123 2887 1323 3087 514 524
4441 3429 4641 3629 848 858
1205 2075 1405 2275 687 697
64 3550 264 3750 687 697
4947 1885 5147 2085 567 577
2394 2196 2594 2396 383 393
1212 1961 1412 2161 366 376
3095 1539 3295 1739 456 466
4886 546 5086 746 573 583
1930 3401 2130 3601 899 909
914 2723 1114 2923 344 354
954 1840 1154 2040 817 827
4685 481 4885 681 529 539
1189 592 1389 792 439 449
4347 3254 4547 3454 419 429
421 1302 621 1502 664 674
2411 1907 2611 2107 401 411
1149 3502 1349 3702 851 861
3596 238 3796 438 561 571
3867 3288 4067 3488 876 886
401 360 601 560 369 379
3749 611 3949 811 803 813
4464 518 4664 718 899 909
1026 2938 1226 3138 685 695
2616 1344 2816 1544 689 699
2102 1729 2302 1929 498 508
5537 210 5737 410 832 842
4732 426 4932 626 681 691
2801 1697 3001 1897 485 495
31 3404 231 3604 786 796
4038 1168 4238 1368 378 388
4587 1679 4787 1879 508 518
555 3032 755 3232 487 497
4277 2764 4477 2964 732 742
4536 623 4736 823 896 906
637 25 837 225 708 718
616 1636 816 1836 650 660
5609 2877 5809 3077 881 891
1638 3017 1838 3217 759 769
5021 1071 5221 1271 650 660
615 3502 815 3702 419 429
615 100 815 300 641 651
334 3368 534 3568 661 671
4307 2386 4507 2586 541 551
2515 1546 2715 1746 384 394
4796 1094 4996 1294 839 849
365 3071 565 3271 403 413
2840 1043 3040 1243 840 850
2011 2314 2211 2514 398 408
1552 1051 1752 1251 433 443
5176 2811 5376 3011 789 799
2004 1884 2204 2084 427 437
1350 2682 1550 2882 819 829
2114 1184 2314 1384 891 901
5169 1067 5369 1267 358 368
1775 665 1975 865 642 652
5315 178 5515 378 770 780
4403 1346 4603 1546 670 680
3620 794 3820 994 556 566
202 1751 402 1951 708 718
5461 2289 5661 2489 877 887
719 566 919 766 538 548
1923 533 2123 733 866 876
3834 2951 4034 3151 440 450
5165 2243 5365 2443 596 606
4659 1303 4859 1503 758 768
2953 1687 3153 1887 665 675
587 2762 787 2962 631 641
3170 3603 3370 3803 633 643
983 1158 1183 1358 397 407
4688 1830 4888 2030 867 877
3618 1520 3818 1720 426 436
4029 327 4229 527 447 457
539 1620 739 1820 621 631
3095 183 3295 383 716 726
2931 624 3131 824 649 659
4615 975 4815 1175 859 869
2949 1298 3149 1498 843 853
619 3375 819 3575 539 549
5355 2712 5555 2912 445 455
1634 1097 1834 1297 721 731
424 2874 624 3074 492 502
3503 2323 3703 2523 479 489
1015 3659 1215 3859 533 543
639 1995 839 2195 641 651
1904 668 2104 868 759 769
943 1875 1143 2075 690 700
2995 1253 3195 1453 802 812
1107 2418 1307 2618 861 871
4615 1626 4815 1826 454 464
2363 2897 2563 3097 520 530
5378 2449 5578 2649 400 410
3173 850 3373 1050 731 741
3084 2432 3284 2632 406 416
3380 2546 3580 2746 599 609
3585 2695 3785 2895 368 378
2565 1121 2765 1321 638 648
3349 303 3549 503 602 612
731 3004 931 3204 490 500
3599 3694 3799 3894 533 543
1501 523 1701 723 857 867
4920 1391 5120 1591 728 738
323 1749 523 1949 868 878
3174 1922 3374 2122 689 699
2653 2001 2853 2201 475 485
1855 3698 2055 3898 541 551
3636 3099 3836 3299 632 642
1253 1916 1453 2116 703 713
3296 2241 3496 2441 564 574
4744 585 4944 785 481 491
5158 452 5358 652 499 509
609 3680 809 3880 369 379
2726 3269 2926 3469 813 823
3579 3075 3779 3275 775 785
4259 686 4459 886 451 461
5255 3430 5455 3630 646 656
2752 1310 2952 1510 583 593
3412 796 3612 996 616 626
4512 77 4712 277 578 588
1366 834 1566 1034 425 435
4231 3162 4431 3362 777 787
4112 1616 4312 1816 683 693
823 3186 1023 3386 644 654
3025 1912 3225 2112 617 627
2446 965 2646 1165 605 615
2618 2892 2818 3092 807 817
1258 3578 1458 3778 751 761
1082 1081 1282 1281 673 683
5213 1037 5413 1237 839 849
3176 1910 3376 2110 770 780
4135 3595 4335 3795 596 606
4027 2812 4227 3012 774 784
1902 2485 2102 2685 626 636
3726 3624 3926 3824 618 628
1543 2818 1743 3018 535 545
3418 3601 3618 3801 451 461
77 2068 277 2268 569 579
645 2849 845 3049 619 629
736 260 936 460 902 912
3569 1872 3769 2072 446 456
2682 2201 2882 2401 530 540
3083 1698 3283 1898 618 628
5379 242 5579 442 742 752
940 2635 1140 2835 748 758
4549 1287 4749 1487 506 516
3620 3009 3820 3209 697 707
3256 2837 3456 3037 497 507
491 2873 691 3073 654 664
4532 852 4732 1052 751 761
2814 3714 3014 3914 591 601
2270 891 2470 1091 634 644
1490 1615 1690 1815 754 764
4587 2962 4787 3162 665 675
1101 517 1301 717 675 685
5112 3794 5312 3994 496 506
2295 2354 2495 2554 397 407
835 2153 1035 2353 718 728
1912 1437 2112 1637 739 749
969 2817 1169 3017 861 871
3143 1998 3343 2198 389 399
329 1684 529 1884 888 898
2378 2406 2578 2606 351 361
1809 907 2009 1107 851 861
599 1203 799 1403 475 485
2399 3117 2599 3317 507 517
3035 3397 3235 3597 710 720
284 3373 484 3573 501 511
5505 3582 5705 3782 678 688
2268 2335 2468 2535 456 466
2668 2160 2868 2360 772 782
4481 1922 4681 2122 732 742
4899 2291 5099 2491 463 473
1138 2694 1338 2894 748 758
4293 1104 4493 1304 730 740
3946 156 4146 356 818 828
4572 398 4772 598 681 691
4225 1777 4425 1977 548 558
292 2590 492 2790 645 655
4700 378 4900 578 657 667
4980 2858 5180 3058 869 879
3872 2340 4072 2540 466 476
3646 1246 3846 1446 813 823
76 2723 276 2923 563 573
3389 600 3589 800 611 621
3404 727 3604 927 663 673
5234 2357 5434 2557 376 386
5381 2513 5581 2713 879 889
4832 1078 5032 1278 787 797
5348 1021 5548 1221 437 447
2256 1358 2456 1558 856 866
4190 3347 4390 3547 394 404
349 1811 549 2011 737 747
4164 3748 4364 3948 765 775
599 933 799 1133 799 809
1533 1432 1733 1632 538 548
