100
1460 1116 1470 1126 491 591
2210 2653 2220 2663 491 591
3930 779 3940 789 491 591
1493 1834 1503 1844 491 591
801 2264 811 2274 491 591
1272 3237 1282 3247 491 591
410 1156 420 1166 491 591
413 3116 423 3126 491 591
2325 2909 2335 2919 491 591
5658 150 5668 160 491 591
756 3136 766 3146 491 591
821 536 831 546 491 591
4408 3395 4418 3405 491 591
5291 3585 5301 3595 491 591
1524 1920 1534 1930 491 591
2548 872 2558 882 491 591
4114 564 4124 574 491 591
2039 3676 2049 3686 491 591
4396 3584 4406 3594 491 591
1731 3108 1741 3118 491 591
3154 2616 3164 2626 491 591
210 1798 220 1808 491 591
5582 2787 5592 2797 491 591
4909 121 4919 131 491 591
995 1665 1005 1675 491 591
1643 2925 1653 2935 491 591
582 3109 592 3119 491 591
5021 1623 5031 1633 491 591
1376 3516 1386 3526 491 591
2334 231 2344 241 491 591
1693 2233 1703 2243 491 591
54 3719 64 3729 491 591
5339 3865 5349 3875 491 591
39 3378 49 3388 491 591
1323 2547 1333 2557 491 591
2649 2938 2659 2948 491 591
472 2473 482 2483 491 591
3740 191 3750 201 491 591
5012 3283 5022 3293 491 591
3829 2212 3839 2222 491 591
1102 584 1112 594 491 591
3458 3381 3468 3391 491 591
5786 2230 5796 2240 491 591
4524 1452 4534 1462 491 591
4978 3845 4988 3855 491 591
4232 823 4242 833 491 591
3759 410 3769 420 491 591
2346 1745 2356 1755 491 591
2078 1579 2088 1589 491 591
2870 1366 2880 1376 491 591
3535 1251 3545 1261 491 591
3577 544 3587 554 491 591
397 2674 407 2684 491 591
5760 1854 5770 1864 491 591
3682 1049 3692 1059 491 591
4964 2161 4974 2171 491 591
1248 458 1258 468 491 591
4318 573 4328 583 491 591
937 1802 947 1812 491 591
2535 2066 2545 2076 491 591
5568 1332 5578 1342 491 591
2454 2981 2464 2991 491 591
921 1064 931 1074 491 591
2462 3642 2472 3652 491 591
733 1105 743 1115 491 591
5778 2015 5788 2025 491 591
719 568 729 578 491 591
294 2941 304 2951 491 591
708 919 718 929 491 591
2224 455 2234 465 491 591
1830 117 1840 127 491 591
1194 2838 1204 2848 491 591
5478 1790 5488 1800 491 591
2131 3264 2141 3274 491 591
542 3060 552 3070 491 591
4349 496 4359 506 491 591
4981 1853 4991 1863 491 591
5304 1381 5314 1391 491 591
5150 3450 5160 3460 491 591
4599 807 4609 817 491 591
5118 1287 5128 1297 491 591
2170 543 2180 553 491 591
3769 3005 3779 3015 491 591
2652 1107 2662 1117 491 591
4216 1913 4226 1923 491 591
4567 1138 4577 1148 491 591
4082 1801 4092 1811 491 591
4823 229 4833 239 491 591
3291 3397 3301 3407 491 591
2163 2430 2173 2440 491 591
1488 2457 1498 2467 491 591
5641 2105 5651 2115 491 591
1031 36 1041 46 491 591
4390 2473 4400 2483 491 591
1220 2142 1230 2152 491 591
403 1673 413 1683 491 591
3404 1349 3414 1359 491 591
2042 1293 2052 1303 491 591
2887 947 2897 957 491 591
3669 1911 3679 1921 491 591
