100
2456 3688 2506 3738 395 795
95 3545 145 3595 395 795
5720 1535 5770 1585 395 795
1786 2185 1836 2235 395 795
186 2694 236 2744 395 795
2926 2229 2976 2279 395 795
856 1460 906 1510 395 795
1332 3575 1382 3625 395 795
4123 2562 4173 2612 395 795
5441 3077 5491 3127 395 795
639 2800 689 2850 395 795
4766 3934 4816 3984 395 795
2807 1712 2857 1762 395 795
5602 3890 5652 3940 395 795
1774 1605 1824 1655 395 795
1808 2526 1858 2576 395 795
4987 2527 5037 2577 395 795
1889 2169 1939 2219 395 795
3219 56 3269 106 395 795
2017 3482 2067 3532 395 795
265 653 315 703 395 795
526 706 576 756 395 795
2241 3262 2291 3312 395 795
4399 899 4449 949 395 795
3038 501 3088 551 395 795
5105 2344 5155 2394 395 795
4497 3112 4547 3162 395 795
4226 2748 4276 2798 395 795
2875 3445 2925 3495 395 795
4700 3129 4750 3179 395 795
626 1463 676 1513 395 795
434 735 484 785 395 795
5758 2687 5808 2737 395 795
2086 3534 2136 3584 395 795
4673 2169 4723 2219 395 795
5264 404 5314 454 395 795
1928 3687 1978 3737 395 795
4733 416 4783 466 395 795
531 303 581 353 395 795
3416 351 3466 401 395 795
273 772 323 822 395 795
4592 2968 4642 3018 395 795
4157 502 4207 552 395 795
493 3620 543 3670 395 795
5738 3315 5788 3365 395 795
4563 3340 4613 3390 395 795
4584 3365 4634 3415 395 795
3533 299 3583 349 395 795
204 2459 254 2509 395 795
619 3706 669 3756 395 795
1277 1809 1327 1859 395 795
4024 2931 4074 2981 395 795
4555 132 4605 182 395 795
4722 3406 4772 3456 395 795
4982 3524 5032 3574 395 795
1538 670 1588 720 395 795
3751 795 3801 845 395 795
4235 3092 4285 3142 395 795
713 885 763 935 395 795
2032 156 2082 206 395 795
1476 3853 1526 3903 395 795
4371 508 4421 558 395 795
3149 2483 3199 2533 395 795
2166 279 2216 329 395 795
5079 3502 5129 3552 395 795
2439 1100 2489 1150 395 795
1550 3575 1600 3625 395 795
5581 1199 5631 1249 395 795
985 2289 1035 2339 395 795
2748 3573 2798 3623 395 795
5533 2704 5583 2754 395 795
4105 1070 4155 1120 395 795
1972 3363 2022 3413 395 795
4284 277 4334 327 395 795
4623 1835 4673 1885 395 795
2019 3928 2069 3978 395 795
4 2792 54 2842 395 795
2388 484 2438 534 395 795
1386 155 1436 205 395 795
5179 1748 5229 1798 395 795
222 228 272 278 395 795
3049 3311 3099 3361 395 795
5636 1791 5686 1841 395 795
5224 2991 5274 3041 395 795
234 644 284 694 395 795
4144 854 4194 904 395 795
3814 2337 3864 2387 395 795
3470 2328 3520 2378 395 795
2353 1567 2403 1617 395 795
2681 908 2731 958 395 795
1162 2470 1212 2520 395 795
4631 50 4681 100 395 795
3973 803 4023 853 395 795
1665 1498 1715 1548 395 795
4455 159 4505 209 395 795
3379 3478 3429 3528 395 795
1553 1006 1603 1056 395 795
3796 3053 3846 3103 395 795
2151 2829 2201 2879 395 795
903 1788 953 1838 395 795
