1000
3174 506 3224 556 649 659
632 1018 682 1068 345 355
1680 3391 1730 3441 485 495
5481 3514 5531 3564 465 475
5578 3422 5628 3472 879 889
4227 121 4277 171 418 428
5515 3436 5565 3486 562 572
3914 2874 3964 2924 399 409
5394 2363 5444 2413 650 660
742 2657 792 2707 426 436
3971 1814 4021 1864 709 719
1070 4 1120 54 475 485
2457 2667 2507 2717 845 855
477 2542 527 2592 823 833
4846 1157 4896 1207 655 665
2322 152 2372 202 360 370
321 570 371 620 362 372
3304 920 3354 970 531 541
4969 978 5019 1028 507 517
4645 25 4695 75 654 664
5059 3832 5109 3882 891 901
1166 3280 1216 3330 489 499
5468 933 5518 983 626 636
338 2068 388 2118 602 612
2183 461 2233 511 552 562
5057 3496 5107 3546 798 808
4969 2788 5019 2838 345 355
1336 2979 1386 3029 808 818
2905 907 2955 957 853 863
1614 1994 1664 2044 894 904
4687 2596 4737 2646 811 821
3717 3220 3767 3270 350 360
663 363 713 413 588 598
1669 1367 1719 1417 475 485
634 708 684 758 771 781
482 2376 532 2426 753 763
5440 1403 5490 1453 569 579
3651 1795 3701 1845 880 890
4820 1906 4870 1956 745 755
104 3529 154 3579 849 859
1828 1989 1878 2039 781 791
1054 1913 1104 1963 846 856
179 3305 229 3355 682 692
3472 361 3522 411 602 612
3808 712 3858 762 656 666
2052 3239 2102 3289 399 409
1854 761 1904 811 552 562
2208 1183 2258 1233 378 388
5091 904 5141 954 770 780
3891 903 3941 953 568 578
4579 1774 4629 1824 722 732
3769 2260 3819 2310 522 532
1302 1690 1352 1740 687 697
2644 998 2694 1048 437 447
1017 1683 1067 1733 474 484
4395 3638 4445 3688 446 456
4926 2456 4976 2506 749 759
1789 1496 1839 1546 824 834
783 2028 833 2078 511 521
350 1579 400 1629 893 903
5241 1574 5291 1624 761 771
4097 3472 4147 3522 589 599
5099 2590 5149 2640 390 400
3119 3242 3169 3292 351 361
5617 2846 5667 2896 609 619
318 970 368 1020 401 411
3750 3943 3800 3993 709 719
5307 1314 5357 1364 501 511
1524 2212 1574 2262 888 898
1683 1210 1733 1260 577 587
99 130 149 180 581 591
4389 2099 4439 2149 714 724
1373 3372 1423 3422 415 425
4138 3303 4188 3353 467 477
3247 2822 3297 2872 503 513
5646 934 5696 984 406 416
4459 1447 4509 1497 610 620
3351 33 3401 83 762 772
4529 2396 4579 2446 337 347
2831 3782 2881 3832 902 912
5285 2280 5335 2330 420 430
423 2477 473 2527 847 857
943 2683 993 2733 667 677
2356 3450 2406 3500 797 807
188 1826 238 1876 770 780
5713 2875 5763 2925 593 603
161 2335 211 2385 375 385
1851 1523 1901 1573 398 408
2317 2504 2367 2554 647 657
1015 2788 1065 2838 666 676
2759 571 2809 621 443 453
1208 810 1258 860 338 348
4923 2457 4973 2507 538 548
1630 200 1680 250 466 476
4703 1232 4753 1282 766 776
5523 3311 5573 3361 513 523
5735 74 5785 124 338 348
3298 2797 3348 2847 547 557
865 3754 915 3804 738 748
1288 2344 1338 2394 765 775
3596 2021 3646 2071 367 377
4751 102 4801 152 857 867
5162 1499 5212 1549 846 856
1737 1113 1787 1163 412 422
1751 2816 1801 2866 754 764
3989 959 4039 1009 403 413
5651 3240 5701 3290 868 878
942 391 992 441 853 863
2141 2592 2191 2642 716 726
3522 954 3572 1004 394 404
5264 3212 5314 3262 450 460
3722 3742 3772 3792 402 412
1131 3885 1181 3935 628 638
1086 3511 1136 3561 391 401
4618 982 4668 1032 521 531
332 2074 382 2124 449 459
5523 2330 5573 2380 866 876
1653 2947 1703 2997 678 688
828 2066 878 2116 446 456
900 1053 950 1103 482 492
4694 3266 4744 3316 483 493
251 805 301 855 554 564
3498 2381 3548 2431 631 641
1984 1980 2034 2030 350 360
3130 2616 3180 2666 340 350
3195 2139 3245 2189 465 475
3238 2723 3288 2773 836 846
1875 1628 1925 1678 385 395
1077 515 1127 565 893 903
1711 3138 1761 3188 428 438
2410 3940 2460 3990 618 628
2307 421 2357 471 860 870
362 1156 412 1206 477 487
4875 1986 4925 2036 480 490
1537 643 1587 693 443 453
1026 3893 1076 3943 782 792
2869 275 2919 325 868 878
5597 931 5647 981 729 739
4363 1164 4413 1214 881 891
1306 183 1356 233 441 451
4414 2894 4464 2944 598 608
251 87 301 137 398 408
4120 2837 4170 2887 845 855
5572 3747 5622 3797 658 668
4365 1238 4415 1288 395 405
3790 3625 3840 3675 741 751
5507 1699 5557 1749 609 619
2130 34 2180 84 595 605
5568 2714 5618 2764 471 481
5066 3334 5116 3384 348 358
1524 2380 1574 2430 873 883
4102 3686 4152 3736 426 436
1468 2968 1518 3018 423 433
1584 3746 1634 3796 397 407
5108 2342 5158 2392 425 435
3588 1373 3638 1423 446 456
220 3546 270 3596 588 598
2705 2546 2755 2596 720 730
9 0 59 50 889 899
1656 3757 1706 3807 453 463
910 1151 960 1201 637 647
3320 74 3370 124 459 469
2263 3760 2313 3810 572 582
2567 1513 2617 1563 355 365
1989 3220 2039 3270 517 527
739 486 789 536 599 609
4308 2292 4358 2342 478 488
5309 3256 5359 3306 620 630
895 358 945 408 851 861
3874 2096 3924 2146 516 526
1316 1320 1366 1370 853 863
3428 354 3478 404 860 870
3341 2667 3391 2717 662 672
5177 2627 5227 2677 769 779
1599 597 1649 647 804 814
2762 61 2812 111 388 398
4012 692 4062 742 865 875
5065 808 5115 858 806 816
935 2687 985 2737 469 479
1652 2848 1702 2898 556 566
702 2918 752 2968 445 455
4072 1896 4122 1946 739 749
2955 3468 3005 3518 830 840
3284 1561 3334 1611 870 880
852 492 902 542 788 798
5232 1465 5282 1515 672 682
2638 2471 2688 2521 632 642
3547 1399 3597 1449 352 362
4871 794 4921 844 717 727
3967 656 4017 706 578 588
2491 223 2541 273 553 563
2679 646 2729 696 376 386
5199 1431 5249 1481 670 680
731 1248 781 1298 473 483
3425 2750 3475 2800 370 380
2361 116 2411 166 475 485
4071 1734 4121 1784 420 430
4416 1426 4466 1476 846 856
4243 1879 4293 1929 839 849
1791 2881 1841 2931 346 356
2263 2579 2313 2629 616 626
4320 1724 4370 1774 900 910
5599 669 5649 719 719 729
3652 2082 3702 2132 834 844
1001 3501 1051 3551 543 553
1899 2141 1949 2191 816 826
5128 877 5178 927 635 645
3118 970 3168 1020 399 409
933 2658 983 2708 446 456
2647 3539 2697 3589 408 418
5447 3649 5497 3699 876 886
4244 817 4294 867 386 396
1784 891 1834 941 346 356
2349 2818 2399 2868 682 692
779 827 829 877 728 738
5043 2743 5093 2793 368 378
3002 2700 3052 2750 375 385
1757 1461 1807 1511 541 551
4855 994 4905 1044 818 828
5587 2094 5637 2144 387 397
801 897 851 947 624 634
3243 1009 3293 1059 545 555
5339 3644 5389 3694 758 768
2514 1195 2564 1245 396 406
1292 3380 1342 3430 730 740
632 527 682 577 529 539
4707 86 4757 136 563 573
2869 3791 2919 3841 786 796
2670 647 2720 697 573 583
2564 1003 2614 1053 362 372
5668 2652 5718 2702 663 673
4473 840 4523 890 623 633
163 674 213 724 804 814
2801 2823 2851 2873 389 399
3130 1466 3180 1516 378 388
3478 3486 3528 3536 345 355
3091 3124 3141 3174 835 845
2632 1256 2682 1306 444 454
2567 1665 2617 1715 742 752
3828 3628 3878 3678 768 778
1944 2213 1994 2263 464 474
3690 1070 3740 1120 434 444
401 3828 451 3878 662 672
4117 96 4167 146 462 472
5604 2836 5654 2886 810 820
4316 1593 4366 1643 899 909
831 3060 881 3110 695 705
1288 897 1338 947 804 814
327 517 377 567 798 808
4130 3483 4180 3533 592 602
4048 2281 4098 2331 672 682
5346 2896 5396 2946 825 835
2340 1250 2390 1300 626 636
2178 986 2228 1036 431 441
1584 3299 1634 3349 867 877
523 3668 573 3718 626 636
954 2051 1004 2101 401 411
468 1348 518 1398 354 364
5069 1967 5119 2017 432 442
2710 37 2760 87 678 688
4883 510 4933 560 613 623
4346 2089 4396 2139 500 510
2436 1093 2486 1143 625 635
1126 2148 1176 2198 757 767
3219 175 3269 225 447 457
262 591 312 641 740 750
198 2931 248 2981 512 522
327 1849 377 1899 761 771
627 2552 677 2602 462 472
3666 2184 3716 2234 522 532
4827 424 4877 474 739 749
2916 3436 2966 3486 673 683
298 437 348 487 357 367
511 2020 561 2070 748 758
554 378 604 428 772 782
1568 2868 1618 2918 902 912
5214 2612 5264 2662 566 576
2068 2101 2118 2151 625 635
2348 2232 2398 2282 476 486
3243 3524 3293 3574 452 462
4903 988 4953 1038 873 883
5585 856 5635 906 874 884
4846 1506 4896 1556 378 388
3697 235 3747 285 741 751
1664 1982 1714 2032 860 870
1656 1574 1706 1624 698 708
1544 3249 1594 3299 479 489
3608 587 3658 637 704 714
5662 2270 5712 2320 823 833
2522 2363 2572 2413 867 877
1361 903 1411 953 674 684
4408 2921 4458 2971 391 401
1291 1465 1341 1515 813 823
2047 2148 2097 2198 528 538
3337 3168 3387 3218 393 403
1264 180 1314 230 647 657
552 1676 602 1726 365 375
1401 3255 1451 3305 419 429
2809 1108 2859 1158 536 546
5405 2877 5455 2927 843 853
4410 1706 4460 1756 389 399
4651 1971 4701 2021 517 527
4581 343 4631 393 493 503
1843 2887 1893 2937 338 348
2741 908 2791 958 900 910
711 1547 761 1597 413 423
3112 3721 3162 3771 510 520
2249 2141 2299 2191 854 864
1518 1152 1568 1202 534 544
1939 3554 1989 3604 823 833
5428 1020 5478 1070 639 649
3980 731 4030 781 516 526
4507 732 4557 782 426 436
3410 1391 3460 1441 345 355
3060 2373 3110 2423 676 686
656 2280 706 2330 745 755
992 1546 1042 1596 411 421
5612 40 5662 90 821 831
5215 1161 5265 1211 575 585
4136 3798 4186 3848 728 738
434 705 484 755 611 621
3071 1258 3121 1308 495 505
1735 3287 1785 3337 434 444
5320 357 5370 407 339 349
1154 2517 1204 2567 837 847
174 514 224 564 348 358
509 1292 559 1342 754 764
56 3714 106 3764 447 457
4680 1426 4730 1476 512 522
5610 56 5660 106 647 657
5596 1345 5646 1395 726 736
4585 3047 4635 3097 736 746
110 2613 160 2663 858 868
1217 3770 1267 3820 681 691
5285 2071 5335 2121 577 587
820 1806 870 1856 673 683
1441 572 1491 622 413 423
1817 1521 1867 1571 407 417
5524 3413 5574 3463 800 810
5635 2310 5685 2360 460 470
5416 1767 5466 1817 505 515
524 3373 574 3423 671 681
3383 2770 3433 2820 440 450
4266 1261 4316 1311 469 479
792 3048 842 3098 765 775
485 3173 535 3223 404 414
5328 2778 5378 2828 491 501
3404 26 3454 76 470 480
4789 1723 4839 1773 758 768
3116 1695 3166 1745 461 471
1195 2604 1245 2654 537 547
3923 634 3973 684 693 703
2791 1563 2841 1613 455 465
3997 3022 4047 3072 553 563
1280 1984 1330 2034 858 868
258 968 308 1018 801 811
1105 3868 1155 3918 832 842
3004 125 3054 175 865 875
220 784 270 834 880 890
1896 2753 1946 2803 551 561
2062 2705 2112 2755 625 635
3658 278 3708 328 356 366
1016 3040 1066 3090 711 721
4500 44 4550 94 510 520
2419 149 2469 199 470 480
4522 906 4572 956 394 404
48 3553 98 3603 487 497
2020 1328 2070 1378 890 900
674 2518 724 2568 410 420
4670 3203 4720 3253 709 719
2272 603 2322 653 580 590
4687 1005 4737 1055 889 899
5321 3263 5371 3313 771 781
440 2245 490 2295 768 778
100 2025 150 2075 443 453
2441 1701 2491 1751 728 738
3484 494 3534 544 554 564
2767 46 2817 96 579 589
1039 1520 1089 1570 871 881
5745 981 5795 1031 716 726
1301 695 1351 745 677 687
4948 2126 4998 2176 452 462
3237 3097 3287 3147 900 910
2095 81 2145 131 437 447
2382 3433 2432 3483 350 360
4052 3855 4102 3905 591 601
245 1744 295 1794 427 437
3647 401 3697 451 418 428
5682 3902 5732 3952 896 906
3916 608 3966 658 704 714
1571 1176 1621 1226 558 568
5175 3789 5225 3839 747 757
5476 256 5526 306 723 733
353 1519 403 1569 794 804
1908 3672 1958 3722 632 642
978 2343 1028 2393 807 817
2084 2391 2134 2441 745 755
3949 36 3999 86 726 736
4129 3369 4179 3419 540 550
5108 3057 5158 3107 392 402
5766 2303 5816 2353 459 469
3910 2278 3960 2328 546 556
1575 2281 1625 2331 508 518
5409 2762 5459 2812 781 791
4270 1448 4320 1498 725 735
1396 2607 1446 2657 885 895
554 1176 604 1226 518 528
3903 464 3953 514 407 417
2628 515 2678 565 666 676
2231 2282 2281 2332 695 705
3995 2794 4045 2844 807 817
2103 1608 2153 1658 842 852
1504 1421 1554 1471 850 860
5434 808 5484 858 827 837
4406 3234 4456 3284 809 819
3941 278 3991 328 743 753
3626 3697 3676 3747 884 894
1052 3384 1102 3434 755 765
5659 2552 5709 2602 875 885
5755 1721 5805 1771 734 744
2602 363 2652 413 503 513
2237 221 2287 271 534 544
5369 3948 5419 3998 475 485
4567 3898 4617 3948 843 853
4647 1022 4697 1072 831 841
400 2942 450 2992 798 808
3059 2962 3109 3012 453 463
5780 91 5830 141 901 911
2742 1130 2792 1180 701 711
5191 977 5241 1027 688 698
5327 2690 5377 2740 788 798
1798 669 1848 719 620 630
4305 5 4355 55 830 840
2843 167 2893 217 522 532
166 2779 216 2829 575 585
1872 1387 1922 1437 812 822
2239 2549 2289 2599 647 657
494 2922 544 2972 828 838
5006 2969 5056 3019 729 739
5492 2637 5542 2687 678 688
5512 257 5562 307 403 413
1943 2005 1993 2055 438 448
26 1018 76 1068 592 602
5245 3238 5295 3288 876 886
1680 1002 1730 1052 583 593
5321 926 5371 976 815 825
4061 2719 4111 2769 781 791
4665 2746 4715 2796 394 404
2393 3821 2443 3871 706 716
2904 594 2954 644 489 499
372 1552 422 1602 577 587
536 3674 586 3724 699 709
1169 2663 1219 2713 857 867
4987 1898 5037 1948 623 633
510 1327 560 1377 567 577
1313 833 1363 883 553 563
2006 2789 2056 2839 343 353
5648 2825 5698 2875 622 632
3782 3276 3832 3326 884 894
479 1891 529 1941 862 872
928 3028 978 3078 842 852
3340 339 3390 389 774 784
3720 2962 3770 3012 876 886
584 3002 634 3052 506 516
1239 3439 1289 3489 353 363
4523 3671 4573 3721 589 599
726 564 776 614 556 566
3670 620 3720 670 499 509
5404 2241 5454 2291 344 354
5143 3875 5193 3925 416 426
2589 1395 2639 1445 426 436
599 1823 649 1873 375 385
1118 2075 1168 2125 363 373
5499 355 5549 405 515 525
3423 2716 3473 2766 368 378
2362 2827 2412 2877 538 548
1846 3859 1896 3909 501 511
145 1766 195 1816 571 581
598 1540 648 1590 739 749
5598 236 5648 286 809 819
5139 1263 5189 1313 868 878
922 2791 972 2841 525 535
2411 22 2461 72 708 718
3658 3523 3708 3573 740 750
5185 3339 5235 3389 340 350
384 797 434 847 741 751
2152 3494 2202 3544 525 535
5376 1798 5426 1848 766 776
4122 3053 4172 3103 550 560
3501 1497 3551 1547 425 435
1336 3541 1386 3591 851 861
5675 3172 5725 3222 566 576
1158 731 1208 781 511 521
3086 3130 3136 3180 723 733
4927 950 4977 1000 608 618
802 1581 852 1631 816 826
2351 224 2401 274 398 408
3183 1963 3233 2013 579 589
5641 1761 5691 1811 451 461
2222 2996 2272 3046 523 533
5186 503 5236 553 374 384
4213 3012 4263 3062 594 604
5695 1061 5745 1111 589 599
3631 3489 3681 3539 888 898
3520 2751 3570 2801 470 480
341 1562 391 1612 565 575
3574 1612 3624 1662 678 688
3482 3947 3532 3997 470 480
3348 724 3398 774 614 624
5097 1386 5147 1436 377 387
1419 2787 1469 2837 734 744
1917 1671 1967 1721 515 525
3050 828 3100 878 411 421
3247 3094 3297 3144 356 366
377 708 427 758 559 569
2277 962 2327 1012 455 465
5352 132 5402 182 449 459
1499 1144 1549 1194 729 739
1884 2414 1934 2464 525 535
2185 1906 2235 1956 682 692
112 2257 162 2307 593 603
2792 1917 2842 1967 705 715
4320 109 4370 159 747 757
4525 1515 4575 1565 763 773
704 1362 754 1412 572 582
5385 31 5435 81 883 893
4651 3056 4701 3106 603 613
3990 2189 4040 2239 798 808
2121 2776 2171 2826 511 521
3359 2627 3409 2677 358 368
1480 218 1530 268 590 600
2997 3 3047 53 613 623
5007 475 5057 525 684 694
1621 2126 1671 2176 422 432
2263 3924 2313 3974 380 390
3334 720 3384 770 561 571
5176 838 5226 888 627 637
4245 2510 4295 2560 416 426
4023 641 4073 691 434 444
2067 1046 2117 1096 391 401
820 3404 870 3454 829 839
3030 3170 3080 3220 444 454
3495 1445 3545 1495 483 493
2611 3008 2661 3058 390 400
4954 2483 5004 2533 815 825
5108 9 5158 59 651 661
2698 1068 2748 1118 649 659
3076 1841 3126 1891 354 364
1950 2903 2000 2953 594 604
1204 2148 1254 2198 488 498
369 2052 419 2102 885 895
4021 3733 4071 3783 840 850
234 1207 284 1257 723 733
2255 1916 2305 1966 377 387
3028 2856 3078 2906 666 676
3257 869 3307 919 690 700
1211 3887 1261 3937 430 440
213 2546 263 2596 652 662
4254 2984 4304 3034 685 695
3873 2890 3923 2940 571 581
2430 938 2480 988 900 910
3215 1299 3265 1349 855 865
4760 3406 4810 3456 518 528
4956 3784 5006 3834 366 376
4096 608 4146 658 354 364
4443 615 4493 665 592 602
2214 575 2264 625 541 551
3912 757 3962 807 621 631
5336 3102 5386 3152 717 727
4718 919 4768 969 489 499
4126 2017 4176 2067 362 372
4380 1900 4430 1950 391 401
65 3169 115 3219 619 629
4931 2748 4981 2798 495 505
5544 3646 5594 3696 769 779
5530 3826 5580 3876 655 665
4207 3299 4257 3349 468 478
1619 2563 1669 2613 584 594
844 78 894 128 827 837
2504 1560 2554 1610 383 393
2013 688 2063 738 409 419
4204 650 4254 700 384 394
191 3474 241 3524 680 690
1788 2463 1838 2513 616 626
4134 104 4184 154 799 809
3137 1497 3187 1547 861 871
729 178 779 228 719 729
2585 35 2635 85 902 912
1799 2475 1849 2525 592 602
2625 3150 2675 3200 704 714
3147 430 3197 480 338 348
3140 2586 3190 2636 430 440
1355 3585 1405 3635 559 569
1227 2313 1277 2363 710 720
592 2553 642 2603 345 355
3548 3775 3598 3825 682 692
301 2645 351 2695 775 785
4648 3119 4698 3169 765 775
3128 1435 3178 1485 870 880
5541 1264 5591 1314 402 412
5023 2388 5073 2438 582 592
5702 3442 5752 3492 803 813
4839 1807 4889 1857 617 627
1173 82 1223 132 810 820
5426 446 5476 496 340 350
4443 2026 4493 2076 839 849
2427 1315 2477 1365 357 367
4911 3856 4961 3906 597 607
5070 1497 5120 1547 672 682
2421 1080 2471 1130 505 515
2122 3597 2172 3647 645 655
2205 1264 2255 1314 531 541
3737 3203 3787 3253 779 789
5583 3848 5633 3898 532 542
2413 1711 2463 1761 702 712
2825 3662 2875 3712 552 562
1029 3864 1079 3914 608 618
4027 2496 4077 2546 553 563
4151 2406 4201 2456 387 397
1871 2687 1921 2737 363 373
4278 1969 4328 2019 785 795
4264 682 4314 732 519 529
2314 843 2364 893 793 803
5575 2657 5625 2707 630 640
5019 3915 5069 3965 840 850
5702 2652 5752 2702 362 372
4055 2642 4105 2692 676 686
1706 872 1756 922 454 464
648 1600 698 1650 626 636
872 1741 922 1791 591 601
3939 1420 3989 1470 414 424
153 783 203 833 340 350
5471 1565 5521 1615 705 715
241 2191 291 2241 721 731
4336 2174 4386 2224 795 805
4483 823 4533 873 865 875
5124 732 5174 782 430 440
1570 2649 1620 2699 514 524
4521 1959 4571 2009 811 821
1676 160 1726 210 521 531
5709 2282 5759 2332 883 893
44 2884 94 2934 504 514
5584 415 5634 465 646 656
250 324 300 374 554 564
1207 3644 1257 3694 486 496
3751 2479 3801 2529 679 689
4915 1060 4965 1110 845 855
4403 3250 4453 3300 623 633
450 2505 500 2555 733 743
1671 663 1721 713 656 666
4148 980 4198 1030 355 365
576 335 626 385 845 855
1010 2792 1060 2842 606 616
5111 1294 5161 1344 596 606
1081 3016 1131 3066 542 552
1056 2835 1106 2885 882 892
2294 590 2344 640 571 581
4386 1166 4436 1216 452 462
3248 2054 3298 2104 577 587
2665 903 2715 953 669 679
4835 1699 4885 1749 414 424
5254 3049 5304 3099 393 403
938 1217 988 1267 609 619
496 580 546 630 864 874
2841 3900 2891 3950 779 789
2056 360 2106 410 375 385
5761 3205 5811 3255 554 564
1706 746 1756 796 404 414
1718 2964 1768 3014 670 680
62 3918 112 3968 627 637
1551 2630 1601 2680 394 404
1641 1381 1691 1431 454 464
4838 3057 4888 3107 470 480
3819 2983 3869 3033 688 698
4625 2052 4675 2102 628 638
1346 2772 1396 2822 568 578
3523 288 3573 338 657 667
3163 2993 3213 3043 397 407
3342 1716 3392 1766 513 523
4510 2344 4560 2394 769 779
1220 2159 1270 2209 851 861
3412 1002 3462 1052 844 854
80 3159 130 3209 559 569
2488 2953 2538 3003 394 404
4167 2245 4217 2295 414 424
4871 2346 4921 2396 889 899
5655 3278 5705 3328 664 674
1695 3924 1745 3974 475 485
4497 2068 4547 2118 875 885
4399 3146 4449 3196 402 412
4066 3542 4116 3592 524 534
5681 1003 5731 1053 620 630
4242 2531 4292 2581 747 757
5152 303 5202 353 675 685
3116 3938 3166 3988 802 812
4112 3778 4162 3828 436 446
1270 752 1320 802 748 758
3486 2017 3536 2067 758 768
886 3798 936 3848 596 606
2306 1158 2356 1208 532 542
5153 1397 5203 1447 724 734
724 3195 774 3245 664 674
4052 600 4102 650 534 544
5256 2864 5306 2914 903 913
4176 1686 4226 1736 423 433
972 2501 1022 2551 454 464
127 178 177 228 594 604
701 1769 751 1819 663 673
3203 2936 3253 2986 590 600
719 874 769 924 617 627
3550 741 3600 791 414 424
9 1883 59 1933 495 505
5089 3026 5139 3076 802 812
1497 1134 1547 1184 356 366
4632 1405 4682 1455 350 360
3097 2702 3147 2752 729 739
3090 2852 3140 2902 476 486
1822 1750 1872 1800 355 365
2315 1615 2365 1665 505 515
1948 1702 1998 1752 766 776
5120 69 5170 119 767 777
4316 257 4366 307 500 510
2562 3270 2612 3320 815 825
4100 2599 4150 2649 421 431
2501 2499 2551 2549 725 735
5345 2388 5395 2438 428 438
3834 2663 3884 2713 826 836
567 2937 617 2987 436 446
2166 709 2216 759 441 451
5054 344 5104 394 839 849
4419 1864 4469 1914 823 833
5414 2145 5464 2195 584 594
1645 432 1695 482 580 590
2955 1276 3005 1326 878 888
1691 3023 1741 3073 343 353
2030 3407 2080 3457 764 774
2290 3791 2340 3841 360 370
2597 1541 2647 1591 719 729
2327 670 2377 720 838 848
4683 732 4733 782 467 477
3265 2601 3315 2651 890 900
297 1929 347 1979 549 559
2906 1168 2956 1218 541 551
618 2775 668 2825 829 839
3375 3365 3425 3415 801 811
1574 391 1624 441 339 349
4103 3321 4153 3371 468 478
1142 341 1192 391 695 705
306 3346 356 3396 408 418
5237 3238 5287 3288 340 350
2321 12 2371 62 792 802
5122 2208 5172 2258 621 631
5049 1612 5099 1662 866 876
2008 1494 2058 1544 432 442
1428 3316 1478 3366 409 419
19 1674 69 1724 487 497
472 3478 522 3528 822 832
3485 1782 3535 1832 706 716
1179 91 1229 141 739 749
184 2498 234 2548 458 468
5555 1444 5605 1494 869 879
3011 1606 3061 1656 690 700
3756 2317 3806 2367 802 812
3644 2871 3694 2921 749 759
4304 23 4354 73 442 452
1636 1887 1686 1937 518 528
4789 2259 4839 2309 642 652
1816 981 1866 1031 402 412
2433 163 2483 213 681 691
522 2720 572 2770 716 726
767 2619 817 2669 638 648
642 1325 692 1375 433 443
4907 198 4957 248 816 826
4886 1545 4936 1595 856 866
1198 2482 1248 2532 350 360
355 2994 405 3044 896 906
3932 2333 3982 2383 729 739
3122 439 3172 489 547 557
3532 466 3582 516 710 720
1004 1809 1054 1859 655 665
3914 3757 3964 3807 889 899
2999 1232 3049 1282 863 873
3383 963 3433 1013 665 675
2997 3424 3047 3474 891 901
3848 2778 3898 2828 436 446
1575 2339 1625 2389 441 451
1988 2645 2038 2695 490 500
2906 3223 2956 3273 501 511
4676 1335 4726 1385 778 788
4496 1024 4546 1074 524 534
3879 267 3929 317 865 875
1261 3890 1311 3940 696 706
5444 2217 5494 2267 371 381
2812 3759 2862 3809 792 802
1473 3485 1523 3535 670 680
5732 1989 5782 2039 613 623
4315 587 4365 637 737 747
2013 3784 2063 3834 779 789
5104 1846 5154 1896 806 816
4441 2270 4491 2320 593 603
5009 2686 5059 2736 391 401
458 2332 508 2382 631 641
3012 826 3062 876 778 788
3342 3457 3392 3507 743 753
1870 2728 1920 2778 479 489
5587 1123 5637 1173 436 446
5075 498 5125 548 607 617
4266 3754 4316 3804 752 762
492 3428 542 3478 448 458
422 3369 472 3419 702 712
5059 866 5109 916 567 577
5410 245 5460 295 661 671
1819 1600 1869 1650 813 823
4788 1943 4838 1993 784 794
4405 3561 4455 3611 497 507
1864 2467 1914 2517 488 498
69 432 119 482 358 368
5471 2345 5521 2395 829 839
3603 716 3653 766 866 876
2279 3074 2329 3124 846 856
1531 3110 1581 3160 388 398
3911 1092 3961 1142 589 599
2235 910 2285 960 672 682
3275 261 3325 311 543 553
5378 2335 5428 2385 720 730
247 2716 297 2766 339 349
2059 10 2109 60 745 755
2219 1000 2269 1050 572 582
88 2137 138 2187 830 840
2096 1318 2146 1368 788 798
5566 242 5616 292 703 713
3926 1028 3976 1078 564 574
2098 2055 2148 2105 602 612
3093 3582 3143 3632 819 829
1808 1164 1858 1214 424 434
2769 1479 2819 1529 626 636
3116 563 3166 613 894 904
5272 52 5322 102 866 876
4574 1992 4624 2042 892 902
4652 3048 4702 3098 582 592
4601 931 4651 981 737 747
3689 1029 3739 1079 583 593
209 3017 259 3067 817 827
1771 594 1821 644 846 856
253 3036 303 3086 484 494
1387 2052 1437 2102 395 405
3058 3491 3108 3541 795 805
5333 3833 5383 3883 440 450
2103 904 2153 954 391 401
107 3322 157 3372 610 620
2952 2308 3002 2358 407 417
5051 403 5101 453 401 411
3199 2083 3249 2133 341 351
957 924 1007 974 433 443
273 1139 323 1189 818 828
5200 543 5250 593 875 885
4402 1853 4452 1903 478 488
5729 1128 5779 1178 601 611
4284 2180 4334 2230 346 356
153 3196 203 3246 773 783
1225 1543 1275 1593 567 577
4620 845 4670 895 596 606
1356 2131 1406 2181 520 530
5113 2936 5163 2986 605 615
284 1754 334 1804 701 711
4723 3699 4773 3749 830 840
5154 1780 5204 1830 780 790
2039 511 2089 561 410 420
5114 3896 5164 3946 753 763
4234 1505 4284 1555 728 738
70 3718 120 3768 450 460
4341 3565 4391 3615 821 831
710 2075 760 2125 452 462
3621 1696 3671 1746 891 901
5075 2453 5125 2503 883 893
859 49 909 99 574 584
1290 3302 1340 3352 655 665
4962 3848 5012 3898 822 832
2971 1002 3021 1052 676 686
1886 2999 1936 3049 775 785
1812 1310 1862 1360 694 704
4376 2192 4426 2242 504 514
1719 1530 1769 1580 901 911
2831 838 2881 888 625 635
1552 1608 1602 1658 339 349
2619 3841 2669 3891 524 534
4114 749 4164 799 454 464
4648 2086 4698 2136 903 913
1506 3891 1556 3941 369 379
1625 1012 1675 1062 496 506
1178 27 1228 77 651 661
2717 1909 2767 1959 368 378
2417 740 2467 790 473 483
2961 2033 3011 2083 581 591
2344 3637 2394 3687 832 842
850 3353 900 3403 586 596
548 362 598 412 709 719
3457 393 3507 443 639 649
3170 8 3220 58 887 897
3475 2534 3525 2584 735 745
1488 1574 1538 1624 641 651
4399 3659 4449 3709 522 532
985 1070 1035 1120 361 371
4865 2646 4915 2696 775 785
962 2750 1012 2800 682 692
4604 2697 4654 2747 629 639
5070 2537 5120 2587 723 733
3650 1051 3700 1101 779 789
2652 3226 2702 3276 585 595
584 455 634 505 612 622
3795 3639 3845 3689 599 609
2516 2805 2566 2855 840 850
1123 145 1173 195 431 441
1335 3 1385 53 375 385
3329 3785 3379 3835 391 401
5522 1246 5572 1296 613 623
5224 3562 5274 3612 464 474
2086 3009 2136 3059 695 705
5220 1106 5270 1156 738 748
4551 1743 4601 1793 560 570
377 1982 427 2032 887 897
2803 143 2853 193 900 910
4291 3224 4341 3274 564 574
141 2925 191 2975 519 529
4896 1279 4946 1329 441 451
2199 1355 2249 1405 761 771
4482 1986 4532 2036 529 539
5177 152 5227 202 815 825
1948 3580 1998 3630 592 602
1104 3806 1154 3856 409 419
1654 3935 1704 3985 730 740
3761 1021 3811 1071 660 670
4706 2106 4756 2156 756 766
2819 3739 2869 3789 540 550
5620 666 5670 716 385 395
4299 2970 4349 3020 636 646
4787 927 4837 977 453 463
5038 1024 5088 1074 657 667
1583 361 1633 411 493 503
2866 1596 2916 1646 840 850
2353 664 2403 714 839 849
2512 1203 2562 1253 689 699
68 1500 118 1550 826 836
5072 1700 5122 1750 779 789
2813 1237 2863 1287 586 596
1084 514 1134 564 737 747
4081 3591 4131 3641 376 386
982 2176 1032 2226 698 708
1473 3230 1523 3280 426 436
1847 2770 1897 2820 463 473
5328 3108 5378 3158 467 477
3849 2275 3899 2325 420 430
1540 3227 1590 3277 820 830
37 1286 87 1336 827 837
3464 2190 3514 2240 556 566
1154 3836 1204 3886 615 625
2423 2492 2473 2542 794 804
172 143 222 193 720 730
2715 893 2765 943 871 881
1745 3233 1795 3283 805 815
1504 254 1554 304 659 669
4973 2088 5023 2138 761 771
4332 2422 4382 2472 802 812
2959 2793 3009 2843 634 644
2346 2422 2396 2472 460 470
2323 1405 2373 1455 895 905
71 2713 121 2763 473 483
376 2184 426 2234 508 518
5624 1411 5674 1461 559 569
1350 186 1400 236 345 355
677 107 727 157 806 816
3302 2405 3352 2455 743 753
157 3765 207 3815 444 454
2890 1167 2940 1217 463 473
3666 263 3716 313 546 556
3969 2858 4019 2908 439 449
421 3810 471 3860 413 423
1567 3897 1617 3947 442 452
2598 205 2648 255 887 897
3660 3297 3710 3347 703 713
809 1278 859 1328 518 528
5165 3451 5215 3501 463 473
549 806 599 856 556 566
4549 3334 4599 3384 647 657
1155 469 1205 519 726 736
2760 1734 2810 1784 881 891
4727 3631 4777 3681 758 768
3688 3565 3738 3615 816 826
2952 1108 3002 1158 805 815
3907 1675 3957 1725 693 703
3834 26 3884 76 381 391
2912 3750 2962 3800 695 705
4786 3082 4836 3132 859 869
3533 443 3583 493 772 782
786 1440 836 1490 731 741
2028 1162 2078 1212 731 741
3792 445 3842 495 827 837
357 1433 407 1483 523 533
3682 2359 3732 2409 623 633
691 114 741 164 587 597
