1395
3328 4352 3455 4479 528 728
3328 2560 3455 2687 430 630
1920 3328 2047 3455 519 719
128 3072 255 3199 713 913
2944 3072 3071 3199 529 729
1280 2304 1407 2431 574 774
1920 3968 2047 4095 432 632
3200 768 3327 895 421 621
384 3712 511 3839 392 592
3328 3200 3455 3327 642 842
3328 5504 3455 5631 387 587
2816 4992 2943 5119 367 567
1024 128 1151 255 457 657
0 256 127 383 537 737
3200 5248 3327 5375 443 643
2176 3456 2303 3583 651 851
3072 1408 3199 1535 479 679
3328 3072 3455 3199 634 834
1792 1664 1919 1791 702 902
2048 0 2175 127 662 862
1664 512 1791 639 410 610
2304 2048 2431 2175 496 696
1152 1920 1279 2047 509 709
1536 4864 1663 4991 703 903
3328 1920 3455 2047 457 657
512 1536 639 1663 404 604
1536 1408 1663 1535 489 689
2304 5376 2431 5503 410 610
2688 3328 2815 3455 369 569
2560 2944 2687 3071 504 704
896 4736 1023 4863 540 740
2560 1536 2687 1663 560 760
1536 384 1663 511 597 797
1664 0 1791 127 345 545
3840 4224 3967 4351 559 759
256 3072 383 3199 375 575
1792 1152 1919 1279 545 745
3584 1152 3711 1279 654 854
512 2688 639 2815 423 623
768 1280 895 1407 600 800
128 2688 255 2815 583 783
1792 5376 1919 5503 473 673
2816 2688 2943 2815 593 793
2688 768 2815 895 666 866
2432 3072 2559 3199 636 836
3328 640 3455 767 662 862
256 2048 383 2175 603 803
2176 4224 2303 4351 401 601
2432 3456 2559 3583 583 783
768 0 895 127 554 754
3584 1024 3711 1151 690 890
3712 768 3839 895 619 819
2048 3840 2175 3967 713 913
0 5504 127 5631 485 685
1024 3968 1151 4095 572 772
512 2816 639 2943 420 620
3840 4608 3967 4735 515 715
256 1920 383 2047 347 547
2560 1280 2687 1407 493 693
896 384 1023 511 547 747
1024 3456 1151 3583 514 714
1024 3712 1151 3839 659 859
384 768 511 895 393 593
1152 384 1279 511 361 561
1280 4608 1407 4735 630 830
2048 2560 2175 2687 578 778
1920 5376 2047 5503 362 562
0 4224 127 4351 424 624
1536 2176 1663 2303 482 682
1920 3456 2047 3583 448 648
0 3200 127 3327 651 851
2176 2048 2303 2175 691 891
1920 4480 2047 4607 584 784
2688 2560 2815 2687 530 730
128 4736 255 4863 643 843
1152 3712 1279 3839 506 706
1536 256 1663 383 479 679
1920 4224 2047 4351 495 695
640 3840 767 3967 534 734
3712 1152 3839 1279 688 888
3328 2944 3455 3071 712 912
3584 1536 3711 1663 473 673
3456 896 3583 1023 593 793
0 2432 127 2559 674 874
2688 2176 2815 2303 584 784
0 5632 127 5759 451 651
1920 2944 2047 3071 380 580
256 5248 383 5375 385 585
2432 2304 2559 2431 424 624
3200 3456 3327 3583 500 700
640 1664 767 1791 595 795
640 4992 767 5119 602 802
3712 4864 3839 4991 408 608
2944 3200 3071 3327 614 814
384 2816 511 2943 589 789
1536 1920 1663 2047 702 902
2048 3712 2175 3839 441 641
2560 4864 2687 4991 614 814
3456 0 3583 127 412 612
2560 1024 2687 1151 586 786
1408 5248 1535 5375 349 549
1664 4352 1791 4479 349 549
512 0 639 127 563 763
2816 4224 2943 4351 559 759
896 3072 1023 3199 506 706
1280 5376 1407 5503 455 655
1024 4480 1151 4607 352 552
1280 5248 1407 5375 648 848
1792 1024 1919 1151 613 813
2304 3712 2431 3839 512 712
2944 512 3071 639 622 822
128 384 255 511 574 774
128 2048 255 2175 648 848
1408 1408 1535 1535 464 664
512 1280 639 1407 535 735
128 2816 255 2943 518 718
3328 3840 3455 3967 542 742
1920 1536 2047 1663 578 778
3200 3328 3327 3455 566 766
3072 2048 3199 2175 629 829
1920 2688 2047 2815 704 904
3712 5504 3839 5631 410 610
3456 4608 3583 4735 480 680
2176 4352 2303 4479 399 599
1536 2688 1663 2815 650 850
3584 5504 3711 5631 355 555
2816 4608 2943 4735 387 587
1664 3456 1791 3583 340 540
1152 1792 1279 1919 596 796
3200 0 3327 127 425 625
3072 256 3199 383 590 790
2176 2176 2303 2303 608 808
3584 1280 3711 1407 401 601
1408 128 1535 255 402 602
512 896 639 1023 453 653
3456 3200 3583 3327 570 770
2816 1536 2943 1663 521 721
3840 5632 3967 5759 431 631
3456 1152 3583 1279 467 667
3328 768 3455 895 420 620
2176 0 2303 127 606 806
1280 896 1407 1023 338 538
1920 1152 2047 1279 621 821
2176 512 2303 639 540 740
3712 3968 3839 4095 465 665
1280 5632 1407 5759 442 642
2688 384 2815 511 684 884
3328 3968 3455 4095 633 833
2048 1536 2175 1663 646 846
3072 1664 3199 1791 499 699
3840 3456 3967 3583 512 712
2944 1792 3071 1919 600 800
640 5248 767 5375 572 772
1408 4736 1535 4863 655 855
512 3840 639 3967 662 862
384 3328 511 3455 471 671
2944 384 3071 511 637 837
2304 1536 2431 1663 675 875
3840 3968 3967 4095 475 675
128 4224 255 4351 519 719
128 5120 255 5247 386 586
384 0 511 127 691 891
1792 128 1919 255 413 613
896 5248 1023 5375 413 613
3712 5120 3839 5247 342 542
2048 3200 2175 3327 492 692
768 768 895 895 646 846
2176 640 2303 767 526 726
1152 1152 1279 1279 550 750
2688 3456 2815 3583 362 562
0 2816 127 2943 573 773
0 3712 127 3839 442 642
2560 2432 2687 2559 363 563
2432 1664 2559 1791 480 680
640 3200 767 3327 609 809
3072 896 3199 1023 455 655
3584 5632 3711 5759 548 748
1536 1664 1663 1791 542 742
3072 3072 3199 3199 374 574
1024 2816 1151 2943 443 643
2816 3200 2943 3327 705 905
3584 1408 3711 1535 549 749
896 3968 1023 4095 706 906
2048 4096 2175 4223 563 763
512 4736 639 4863 454 654
3712 4096 3839 4223 654 854
256 3968 383 4095 661 861
2688 0 2815 127 377 577
768 1024 895 1151 578 778
768 256 895 383 385 585
1792 4352 1919 4479 522 722
1280 1664 1407 1791 591 791
2688 128 2815 255 702 902
1152 3456 1279 3583 561 761
2432 5376 2559 5503 667 867
512 3584 639 3711 707 907
128 3200 255 3327 339 539
1920 3712 2047 3839 563 763
1792 4480 1919 4607 520 720
2176 1664 2303 1791 552 752
2560 128 2687 255 588 788
3840 4864 3967 4991 342 542
128 1920 255 2047 621 821
2688 2944 2815 3071 615 815
1152 3200 1279 3327 448 648
2304 896 2431 1023 479 679
2048 2304 2175 2431 356 556
1280 1920 1407 2047 659 859
2304 2432 2431 2559 684 884
3712 4608 3839 4735 356 556
1408 3840 1535 3967 351 551
3328 4096 3455 4223 675 875
1280 1408 1407 1535 569 769
768 1152 895 1279 344 544
3072 1024 3199 1151 488 688
1280 3584 1407 3711 649 849
1024 5504 1151 5631 624 824
128 0 255 127 398 598
3072 1792 3199 1919 652 852
3456 3968 3583 4095 489 689
1024 4224 1151 4351 446 646
2432 2688 2559 2815 460 660
2688 5504 2815 5631 366 566
128 4864 255 4991 434 634
384 3200 511 3327 684 884
512 2304 639 2431 659 859
256 1664 383 1791 390 590
1664 1024 1791 1151 649 849
128 3968 255 4095 508 708
1664 2688 1791 2815 536 736
1408 896 1535 1023 488 688
768 2688 895 2815 383 583
512 4480 639 4607 541 741
2688 1408 2815 1535 358 558
2432 896 2559 1023 661 861
1792 4736 1919 4863 652 852
1792 2688 1919 2815 463 663
1280 3456 1407 3583 680 880
512 5376 639 5503 560 760
2048 5632 2175 5759 433 633
1280 128 1407 255 699 899
3712 5632 3839 5759 538 738
2944 2688 3071 2815 358 558
1280 1792 1407 1919 517 717
1408 2048 1535 2175 508 708
128 256 255 383 472 672
896 4096 1023 4223 415 615
3072 5504 3199 5631 418 618
384 1664 511 1791 533 733
3456 3584 3583 3711 353 553
3840 2304 3967 2431 533 733
2432 5120 2559 5247 642 842
2048 4992 2175 5119 476 676
2432 256 2559 383 525 725
3328 2176 3455 2303 702 902
3328 4480 3455 4607 446 646
0 4480 127 4607 471 671
1408 1536 1535 1663 341 541
128 1664 255 1791 382 582
3584 3328 3711 3455 642 842
1664 3840 1791 3967 541 741
256 128 383 255 496 696
3200 4352 3327 4479 688 888
896 1920 1023 2047 368 568
3840 384 3967 511 480 680
1920 256 2047 383 598 798
256 5632 383 5759 647 847
3456 5504 3583 5631 606 806
2688 1664 2815 1791 527 727
3456 4352 3583 4479 456 656
3712 3712 3839 3839 665 865
256 640 383 767 476 676
1024 1280 1151 1407 620 820
2944 1536 3071 1663 686 886
3456 2560 3583 2687 656 856
3584 4864 3711 4991 414 614
2944 3584 3071 3711 444 644
768 4736 895 4863 698 898
640 1792 767 1919 459 659
640 4224 767 4351 603 803
2944 2816 3071 2943 337 537
128 1408 255 1535 655 855
3584 4992 3711 5119 494 694
2560 4736 2687 4863 440 640
896 256 1023 383 430 630
3328 0 3455 127 482 682
2176 4736 2303 4863 512 712
3584 2304 3711 2431 564 764
128 2944 255 3071 487 687
3200 4096 3327 4223 520 720
128 768 255 895 455 655
256 2176 383 2303 654 854
2560 2176 2687 2303 679 879
896 4224 1023 4351 393 593
3072 5632 3199 5759 648 848
2048 3456 2175 3583 408 608
2944 3968 3071 4095 654 854
2432 1408 2559 1535 581 781
2688 4992 2815 5119 640 840
512 1152 639 1279 468 668
3456 5376 3583 5503 664 864
1408 2688 1535 2815 592 792
1664 1408 1791 1535 607 807
2432 2560 2559 2687 570 770
1792 2048 1919 2175 527 727
3456 1024 3583 1151 512 712
384 2176 511 2303 611 811
384 4864 511 4991 598 798
1152 4224 1279 4351 459 659
3584 5248 3711 5375 356 556
3584 5120 3711 5247 487 687
1408 2304 1535 2431 460 660
1664 128 1791 255 637 837
1792 3328 1919 3455 645 845
2304 4736 2431 4863 526 726
1536 128 1663 255 353 553
3712 3456 3839 3583 376 576
768 3712 895 3839 701 901
1408 2560 1535 2687 543 743
3584 768 3711 895 489 689
768 4224 895 4351 508 708
384 512 511 639 662 862
1280 384 1407 511 429 629
3712 2176 3839 2303 436 636
0 2560 127 2687 681 881
2688 5632 2815 5759 364 564
3712 1664 3839 1791 471 671
2816 5504 2943 5631 584 784
768 1920 895 2047 571 771
1024 2688 1151 2815 397 597
2048 2176 2175 2303 338 538
640 2944 767 3071 484 684
3584 4096 3711 4223 652 852
1664 3072 1791 3199 571 771
512 2944 639 3071 341 541
1152 768 1279 895 466 666
2176 2944 2303 3071 710 910
1024 3584 1151 3711 615 815
3840 896 3967 1023 690 890
1792 1536 1919 1663 418 618
640 512 767 639 597 797
2048 5120 2175 5247 463 663
1024 1152 1151 1279 504 704
1664 1152 1791 1279 520 720
3200 1280 3327 1407 357 557
3200 4480 3327 4607 693 893
3584 3840 3711 3967 537 737
2304 5120 2431 5247 397 597
2816 384 2943 511 681 881
256 0 383 127 366 566
2816 3840 2943 3967 512 712
3712 3584 3839 3711 438 638
1152 3840 1279 3967 654 854
768 3328 895 3455 605 805
768 1536 895 1663 537 737
3072 3328 3199 3455 621 821
3712 3328 3839 3455 595 795
0 5120 127 5247 671 871
1920 4992 2047 5119 492 692
2432 4608 2559 4735 452 652
0 2304 127 2431 695 895
2304 5504 2431 5631 456 656
3584 3712 3711 3839 600 800
3456 384 3583 511 633 833
1792 4992 1919 5119 654 854
1664 3200 1791 3327 567 767
512 2432 639 2559 348 548
3456 2944 3583 3071 613 813
768 3840 895 3967 431 631
2304 128 2431 255 701 901
896 1152 1023 1279 694 894
1920 640 2047 767 691 891
512 1024 639 1151 414 614
2048 2944 2175 3071 485 685
896 3712 1023 3839 497 697
3328 5248 3455 5375 434 634
2304 4992 2431 5119 427 627
1408 2944 1535 3071 660 860
1920 2048 2047 2175 457 657
2432 640 2559 767 394 594
2176 1920 2303 2047 653 853
3712 640 3839 767 633 833
3840 2048 3967 2175 458 658
3200 1536 3327 1663 593 793
2432 2048 2559 2175 487 687
768 5120 895 5247 622 822
1408 0 1535 127 464 664
384 4608 511 4735 368 568
3584 4352 3711 4479 542 742
640 3072 767 3199 582 782
1536 5120 1663 5247 446 646
0 2048 127 2175 523 723
1280 2560 1407 2687 664 864
1664 2304 1791 2431 672 872
2432 4224 2559 4351 443 643
2432 4480 2559 4607 604 804
640 3456 767 3583 488 688
2560 640 2687 767 417 617
2176 4608 2303 4735 466 666
1024 2176 1151 2303 582 782
128 1792 255 1919 368 568
2816 4096 2943 4223 410 610
128 1280 255 1407 522 722
2432 4736 2559 4863 408 608
1280 3072 1407 3199 521 721
2944 256 3071 383 646 846
2816 128 2943 255 468 668
2432 3200 2559 3327 611 811
640 1536 767 1663 592 792
3328 384 3455 511 589 789
1792 1280 1919 1407 632 832
3584 896 3711 1023 531 731
1664 384 1791 511 471 671
2944 4864 3071 4991 376 576
2048 640 2175 767 374 574
896 2688 1023 2815 621 821
896 3584 1023 3711 661 861
1152 896 1279 1023 501 701
1408 2816 1535 2943 615 815
1536 1792 1663 1919 490 690
128 1536 255 1663 369 569
3840 4736 3967 4863 687 887
3456 3712 3583 3839 676 876
3200 1024 3327 1151 696 896
1280 4096 1407 4223 646 846
3072 4608 3199 4735 368 568
640 3968 767 4095 550 750
256 768 383 895 420 620
3328 1280 3455 1407 412 612
3712 1280 3839 1407 642 842
384 3456 511 3583 629 829
1408 5120 1535 5247 443 643
768 3072 895 3199 338 538
3840 3200 3967 3327 437 637
1536 1536 1663 1663 477 677
3712 896 3839 1023 522 722
3840 4992 3967 5119 709 909
512 1664 639 1791 608 808
1280 4224 1407 4351 420 620
1536 5504 1663 5631 588 788
2048 3072 2175 3199 446 646
128 2432 255 2559 678 878
1280 5120 1407 5247 368 568
1408 768 1535 895 580 780
1152 2176 1279 2303 340 540
2176 5376 2303 5503 405 605
2304 3200 2431 3327 450 650
896 1280 1023 1407 665 865
1664 4608 1791 4735 532 732
2688 2688 2815 2815 691 891
1408 1792 1535 1919 404 604
1664 4992 1791 5119 564 764
3456 2304 3583 2431 665 865
2304 512 2431 639 366 566
1024 2048 1151 2175 510 710
2560 1152 2687 1279 597 797
2688 4352 2815 4479 361 561
3200 1664 3327 1791 686 886
2048 512 2175 639 643 843
1408 3328 1535 3455 436 636
3584 0 3711 127 614 814
1280 1536 1407 1663 558 758
1792 4864 1919 4991 505 705
1792 4096 1919 4223 579 779
3072 2688 3199 2815 622 822
2176 5120 2303 5247 645 845
3328 5120 3455 5247 350 550
384 1408 511 1535 617 817
3200 384 3327 511 539 739
3072 3584 3199 3711 433 633
2304 0 2431 127 454 654
1280 2816 1407 2943 649 849
768 4480 895 4607 360 560
768 128 895 255 449 649
3072 128 3199 255 478 678
3456 2432 3583 2559 364 564
640 2176 767 2303 517 717
1792 2432 1919 2559 592 792
2304 4352 2431 4479 655 855
2816 1920 2943 2047 713 913
1792 3840 1919 3967 569 769
128 3328 255 3455 345 545
2688 4864 2815 4991 526 726
768 512 895 639 483 683
640 4864 767 4991 337 537
768 5248 895 5375 662 862
1152 2944 1279 3071 366 566
896 2048 1023 2175 361 561
1792 256 1919 383 634 834
896 3840 1023 3967 636 836
512 640 639 767 423 623
3840 1536 3967 1663 498 698
640 3328 767 3455 480 680
3200 3968 3327 4095 591 791
2816 3968 2943 4095 363 563
1664 1536 1791 1663 351 551
512 3072 639 3199 485 685
3840 768 3967 895 376 576
2944 5120 3071 5247 595 795
768 5632 895 5759 688 888
512 5632 639 5759 436 636
3072 5120 3199 5247 675 875
384 4096 511 4223 586 786
3712 4480 3839 4607 459 659
2176 3968 2303 4095 410 610
2944 1280 3071 1407 690 890
2816 896 2943 1023 449 649
768 4608 895 4735 591 791
1536 3200 1663 3327 531 731
3456 1792 3583 1919 390 590
896 128 1023 255 553 753
640 4736 767 4863 350 550
2944 5248 3071 5375 398 598
1024 3840 1151 3967 365 565
1792 2560 1919 2687 496 696
2176 2432 2303 2559 399 599
3200 2560 3327 2687 654 854
2432 4352 2559 4479 489 689
640 128 767 255 386 586
2944 1920 3071 2047 574 774
1152 4608 1279 4735 411 611
2304 4224 2431 4351 473 673
256 3712 383 3839 698 898
896 4352 1023 4479 517 717
0 640 127 767 350 550
640 4608 767 4735 687 887
3840 2688 3967 2815 532 732
1152 1408 1279 1535 499 699
1280 2432 1407 2559 350 550
3200 2176 3327 2303 376 576
3712 384 3839 511 436 636
2688 1920 2815 2047 412 612
2304 1920 2431 2047 337 537
2944 5376 3071 5503 648 848
2432 1024 2559 1151 497 697
2688 3712 2815 3839 374 574
640 5120 767 5247 624 824
1920 4352 2047 4479 610 810
2176 2304 2303 2431 591 791
1920 128 2047 255 405 605
2304 2816 2431 2943 663 863
128 4608 255 4735 430 630
1152 2304 1279 2431 418 618
3072 4096 3199 4223 688 888
3072 5248 3199 5375 421 621
512 5504 639 5631 577 777
384 2944 511 3071 373 573
640 3584 767 3711 701 901
3712 4224 3839 4351 352 552
1408 4864 1535 4991 422 622
2816 2816 2943 2943 562 762
3200 5120 3327 5247 426 626
3712 1536 3839 1663 558 758
2944 896 3071 1023 509 709
1280 1280 1407 1407 607 807
1152 3968 1279 4095 535 735
2688 2048 2815 2175 483 683
2944 3456 3071 3583 388 588
256 3200 383 3327 660 860
3840 128 3967 255 459 659
2176 3328 2303 3455 390 590
2432 3584 2559 3711 382 582
1024 896 1151 1023 534 734
1024 4864 1151 4991 353 553
0 4736 127 4863 656 856
2304 1408 2431 1535 657 857
256 5120 383 5247 390 590
1792 768 1919 895 529 729
2304 3968 2431 4095 553 753
3584 5376 3711 5503 644 844
1280 4864 1407 4991 597 797
2304 384 2431 511 466 666
1280 640 1407 767 700 900
3072 3968 3199 4095 678 878
128 4352 255 4479 440 640
3328 4864 3455 4991 371 571
3712 512 3839 639 542 742
1280 0 1407 127 476 676
3456 4736 3583 4863 358 558
1792 3712 1919 3839 520 720
1664 3968 1791 4095 524 724
768 4864 895 4991 546 746
128 3840 255 3967 610 810
256 4352 383 4479 709 909
512 768 639 895 342 542
3712 2944 3839 3071 466 666
768 1792 895 1919 530 730
1152 640 1279 767 451 651
3200 4992 3327 5119 480 680
384 1024 511 1151 476 676
2304 2560 2431 2687 573 773
1152 5632 1279 5759 533 733
3072 2944 3199 3071 484 684
1536 2816 1663 2943 393 593
3712 1792 3839 1919 549 749
3072 4992 3199 5119 389 589
1536 1024 1663 1151 713 913
256 384 383 511 566 766
1536 4096 1663 4223 581 781
512 4864 639 4991 516 716
1792 5632 1919 5759 459 659
896 512 1023 639 465 665
1024 5120 1151 5247 645 845
3840 2560 3967 2687 409 609
640 5632 767 5759 429 629
256 1280 383 1407 371 571
3328 4224 3455 4351 406 606
3328 3584 3455 3711 597 797
1664 2432 1791 2559 473 673
2048 1024 2175 1151 390 590
2560 5632 2687 5759 404 604
384 3968 511 4095 660 860
3456 5632 3583 5759 600 800
3840 1280 3967 1407 640 840
256 3584 383 3711 618 818
1280 256 1407 383 568 768
3200 1408 3327 1535 392 592
1024 1792 1151 1919 434 634
2304 3328 2431 3455 645 845
1280 3200 1407 3327 535 735
256 1152 383 1279 536 736
0 128 127 255 504 704
3840 1664 3967 1791 694 894
384 4480 511 4607 646 846
1024 512 1151 639 523 723
2944 1408 3071 1535 529 729
2432 1920 2559 2047 698 898
640 1152 767 1279 485 685
2816 5632 2943 5759 344 544
3456 4096 3583 4223 566 766
3328 4992 3455 5119 664 864
1536 1152 1663 1279 467 667
1536 2048 1663 2175 657 857
3200 1920 3327 2047 558 758
0 384 127 511 539 739
1792 5504 1919 5631 372 572
1152 5248 1279 5375 592 792
0 1792 127 1919 608 808
2688 5376 2815 5503 633 833
2944 4992 3071 5119 691 891
2304 256 2431 383 661 861
768 3200 895 3327 663 863
2688 2432 2815 2559 638 838
1664 1280 1791 1407 510 710
640 0 767 127 589 789
3200 4608 3327 4735 505 705
3456 2688 3583 2815 704 904
3456 4224 3583 4351 644 844
2560 1792 2687 1919 603 803
2432 5504 2559 5631 635 835
2560 4352 2687 4479 428 628
512 2176 639 2303 388 588
3072 4736 3199 4863 425 625
3072 5376 3199 5503 408 608
1280 4736 1407 4863 661 861
3072 2432 3199 2559 574 774
1024 0 1151 127 563 763
3840 512 3967 639 645 845
1664 5120 1791 5247 346 546
0 3968 127 4095 571 771
1408 1664 1535 1791 460 660
3328 2048 3455 2175 673 873
256 4224 383 4351 664 864
2176 2688 2303 2815 403 603
2432 768 2559 895 518 718
2816 2176 2943 2303 489 689
2048 4480 2175 4607 402 602
1280 768 1407 895 359 559
1664 2816 1791 2943 346 546
3584 128 3711 255 661 861
1536 896 1663 1023 337 537
1152 2048 1279 2175 670 870
640 256 767 383 610 810
0 896 127 1023 601 801
2176 384 2303 511 430 630
768 4096 895 4223 485 685
1920 1792 2047 1919 392 592
2048 256 2175 383 383 583
2048 4864 2175 4991 378 578
2816 2944 2943 3071 621 821
1408 5632 1535 5759 682 882
3072 1920 3199 2047 469 669
1536 4736 1663 4863 673 873
3456 256 3583 383 356 556
3584 3072 3711 3199 503 703
1920 1664 2047 1791 583 783
2688 4096 2815 4223 594 794
1152 4352 1279 4479 352 552
384 4224 511 4351 514 714
2304 4480 2431 4607 603 803
2560 3072 2687 3199 549 749
1408 1920 1535 2047 601 801
896 1792 1023 1919 525 725
256 3328 383 3455 499 699
1664 1920 1791 2047 630 830
1536 640 1663 767 706 906
3328 3328 3455 3455 614 814
640 1280 767 1407 695 895
256 3840 383 3967 692 892
1536 1280 1663 1407 623 823
3328 2688 3455 2815 642 842
3072 3200 3199 3327 692 892
3328 1792 3455 1919 543 743
512 5248 639 5375 538 738
2816 0 2943 127 542 742
1792 1408 1919 1535 599 799
2432 4096 2559 4223 649 849
256 2816 383 2943 560 760
2304 1792 2431 1919 645 845
1792 0 1919 127 690 890
512 2048 639 2175 468 668
512 3200 639 3327 613 813
1408 4096 1535 4223 445 645
3072 2816 3199 2943 390 590
640 768 767 895 596 796
2944 1664 3071 1791 574 774
512 2560 639 2687 636 836
0 1024 127 1151 476 676
1280 4480 1407 4607 553 753
1152 4096 1279 4223 399 599
1920 2304 2047 2431 705 905
2048 3968 2175 4095 388 588
1536 3840 1663 3967 626 826
1920 1408 2047 1535 516 716
3584 512 3711 639 514 714
2688 3584 2815 3711 543 743
3072 2304 3199 2431 472 672
3584 1792 3711 1919 377 577
128 2176 255 2303 487 687
768 896 895 1023 450 650
3072 1536 3199 1663 664 864
3072 3456 3199 3583 416 616
640 1920 767 2047 391 591
3840 1792 3967 1919 456 656
256 4096 383 4223 580 780
2304 1280 2431 1407 596 796
3456 640 3583 767 341 541
2944 4736 3071 4863 479 679
3200 128 3327 255 442 642
3072 4480 3199 4607 612 812
2560 3584 2687 3711 455 655
2944 3328 3071 3455 536 736
2560 1664 2687 1791 512 712
3072 640 3199 767 527 727
128 5376 255 5503 589 789
3456 1280 3583 1407 357 557
384 2432 511 2559 387 587
128 5504 255 5631 474 674
1408 4224 1535 4351 496 696
2176 3584 2303 3711 603 803
384 3584 511 3711 500 700
3328 1024 3455 1151 487 687
1280 3328 1407 3455 618 818
1792 1920 1919 2047 412 612
3200 3200 3327 3327 666 866
1024 256 1151 383 381 581
3328 3456 3455 3583 618 818
256 2688 383 2815 424 624
256 1024 383 1151 421 621
1536 3328 1663 3455 392 592
2944 128 3071 255 500 700
384 4736 511 4863 371 571
0 4608 127 4735 434 634
256 2432 383 2559 554 754
384 4992 511 5119 453 653
1664 3712 1791 3839 640 840
768 3456 895 3583 399 599
1152 3328 1279 3455 420 620
2176 2560 2303 2687 405 605
2048 1280 2175 1407 468 668
2560 1920 2687 2047 696 896
640 2304 767 2431 487 687
1408 3968 1535 4095 667 867
2944 3712 3071 3839 457 657
2816 2432 2943 2559 677 877
3072 2560 3199 2687 506 706
1152 2688 1279 2815 477 677
2432 4992 2559 5119 690 890
3712 2688 3839 2815 606 806
1920 384 2047 511 636 836
1152 5376 1279 5503 580 780
1920 5504 2047 5631 392 592
256 4480 383 4607 372 572
1536 768 1663 895 447 647
3712 2432 3839 2559 468 668
3840 3840 3967 3967 664 864
3840 640 3967 767 491 691
1920 2560 2047 2687 712 912
1152 4992 1279 5119 375 575
1152 4864 1279 4991 575 775
3072 768 3199 895 353 553
3456 768 3583 895 501 701
2304 3584 2431 3711 573 773
2944 5504 3071 5631 450 650
1792 5120 1919 5247 342 542
3072 4352 3199 4479 689 889
384 1280 511 1407 340 540
512 4224 639 4351 404 604
3712 128 3839 255 359 559
896 2816 1023 2943 408 608
2816 3456 2943 3583 535 735
3200 4224 3327 4351 341 541
2688 4608 2815 4735 521 721
1152 128 1279 255 452 652
640 1024 767 1151 461 661
1152 4480 1279 4607 484 684
1024 1408 1151 1535 584 784
512 1408 639 1535 601 801
2688 3968 2815 4095 461 661
2048 5248 2175 5375 476 676
3200 5632 3327 5759 486 686
384 640 511 767 667 867
256 896 383 1023 532 732
2048 1792 2175 1919 521 721
0 4992 127 5119 363 563
2944 2944 3071 3071 626 826
2176 4992 2303 5119 471 671
3584 2944 3711 3071 517 717
256 5376 383 5503 624 824
1920 3200 2047 3327 472 672
2432 3328 2559 3455 341 541
3712 2304 3839 2431 641 841
2944 2432 3071 2559 637 837
2560 5504 2687 5631 577 777
896 5504 1023 5631 340 540
0 4096 127 4223 605 805
1920 2176 2047 2303 516 716
3840 2944 3967 3071 343 543
128 896 255 1023 672 872
3584 384 3711 511 501 701
896 5120 1023 5247 378 578
1920 4736 2047 4863 457 657
2304 2688 2431 2815 505 705
384 5632 511 5759 562 762
640 640 767 767 535 735
1536 5376 1663 5503 592 792
2176 256 2303 383 673 873
2560 2560 2687 2687 405 605
768 1408 895 1535 479 679
2816 3712 2943 3839 383 583
1792 2304 1919 2431 507 707
2432 1792 2559 1919 591 791
640 2560 767 2687 676 876
384 256 511 383 702 902
2432 0 2559 127 398 598
768 2048 895 2175 702 902
1024 1920 1151 2047 614 814
2176 5248 2303 5375 495 695
896 3328 1023 3455 505 705
3200 4736 3327 4863 488 688
1280 2048 1407 2175 594 794
2688 2304 2815 2431 472 672
2944 2560 3071 2687 378 578
1024 2944 1151 3071 517 717
3456 4864 3583 4991 676 876
2944 0 3071 127 381 581
3584 4608 3711 4735 408 608
1920 4864 2047 4991 441 641
3328 5632 3455 5759 351 551
3456 2048 3583 2175 706 906
1408 5504 1535 5631 605 805
512 3456 639 3583 392 592
1408 3456 1535 3583 412 612
3840 4480 3967 4607 396 596
512 5120 639 5247 580 780
1920 512 2047 639 573 773
1024 768 1151 895 651 851
768 4352 895 4479 502 702
1408 384 1535 511 641 841
2176 896 2303 1023 379 579
2304 4864 2431 4991 548 748
2304 3072 2431 3199 435 635
0 0 127 127 633 833
896 2176 1023 2303 510 710
2816 5120 2943 5247 386 586
640 5376 767 5503 657 857
1024 1664 1151 1791 461 661
1152 0 1279 127 627 827
3840 4096 3967 4223 401 601
640 4352 767 4479 592 792
3328 512 3455 639 364 564
0 3584 127 3711 658 858
896 1664 1023 1791 351 551
384 2048 511 2175 405 605
512 512 639 639 424 624
1280 3712 1407 3839 690 890
1920 3072 2047 3199 449 649
2944 640 3071 767 458 658
0 2688 127 2815 417 617
1152 512 1279 639 463 663
1024 1536 1151 1663 451 651
3584 2048 3711 2175 685 885
1152 3072 1279 3199 481 681
1792 4224 1919 4351 489 689
3200 5376 3327 5503 707 907
1664 2560 1791 2687 688 888
3712 256 3839 383 349 549
1408 4608 1535 4735 607 807
3712 5248 3839 5375 476 676
1152 4736 1279 4863 616 816
2304 3456 2431 3583 649 849
1408 640 1535 767 651 851
2944 768 3071 895 677 877
0 3072 127 3199 531 731
2944 4352 3071 4479 410 610
2048 1408 2175 1535 350 550
1024 3328 1151 3455 474 674
256 1536 383 1663 535 735
2688 1024 2815 1151 603 803
1792 3456 1919 3583 538 738
384 1792 511 1919 376 576
2048 1920 2175 2047 630 830
1152 2816 1279 2943 446 646
1152 1536 1279 1663 390 590
3072 1152 3199 1279 698 898
2816 4480 2943 4607 533 733
0 1280 127 1407 706 906
3840 2432 3967 2559 396 596
2176 4096 2303 4223 655 855
3456 1664 3583 1791 372 572
128 1024 255 1151 486 686
640 384 767 511 355 555
1280 512 1407 639 683 883
3200 2816 3327 2943 630 830
3200 3072 3327 3199 470 670
2048 1664 2175 1791 676 876
896 4480 1023 4607 567 767
2560 2048 2687 2175 482 682
3200 2304 3327 2431 569 769
2304 4608 2431 4735 670 870
896 3200 1023 3327 348 548
1792 896 1919 1023 467 667
2176 4864 2303 4991 570 770
0 2944 127 3071 688 888
2176 768 2303 895 661 861
1152 3584 1279 3711 643 843
1920 0 2047 127 664 864
2944 4608 3071 4735 384 584
1920 5632 2047 5759 427 627
2816 2048 2943 2175 553 753
1408 1024 1535 1151 586 786
1792 512 1919 639 467 667
384 128 511 255 432 632
1792 2176 1919 2303 658 858
1664 4224 1791 4351 483 683
256 512 383 639 416 616
384 1920 511 2047 477 677
3200 3840 3327 3967 476 676
1664 4480 1791 4607 439 639
1664 4096 1791 4223 381 581
1536 2944 1663 3071 474 674
3072 2176 3199 2303 588 788
3840 3072 3967 3199 362 562
2304 2944 2431 3071 444 644
3840 3584 3967 3711 467 667
3840 0 3967 127 496 696
512 4992 639 5119 369 569
1664 2048 1791 2175 698 898
2304 1664 2431 1791 604 804
3584 1664 3711 1791 565 765
3200 4864 3327 4991 654 854
1792 640 1919 767 615 815
3584 4480 3711 4607 695 895
2560 256 2687 383 510 710
896 3456 1023 3583 553 753
2816 5248 2943 5375 606 806
1536 4480 1663 4607 402 602
3328 1408 3455 1535 503 703
384 5120 511 5247 653 853
3200 5504 3327 5631 493 693
3072 512 3199 639 683 883
256 1792 383 1919 488 688
2176 1536 2303 1663 586 786
3712 2048 3839 2175 364 564
1280 5504 1407 5631 432 632
2048 4224 2175 4351 695 895
2304 1152 2431 1279 407 607
1664 768 1791 895 536 736
0 768 127 895 457 657
2816 1792 2943 1919 509 709
768 2432 895 2559 580 780
2560 896 2687 1023 558 758
2816 3328 2943 3455 383 583
512 3968 639 4095 606 806
2048 5504 2175 5631 665 865
3712 4736 3839 4863 513 713
896 1408 1023 1535 351 551
2176 2816 2303 2943 660 860
2176 1152 2303 1279 497 697
128 1152 255 1279 618 818
128 4992 255 5119 511 711
1024 4992 1151 5119 400 600
768 1664 895 1791 483 683
1024 5632 1151 5759 456 656
2816 768 2943 895 536 736
384 1536 511 1663 699 899
1664 3328 1791 3455 348 548
2176 4480 2303 4607 602 802
1664 5376 1791 5503 451 651
2816 1280 2943 1407 627 827
2688 640 2815 767 344 544
1920 1920 2047 2047 383 583
1024 1024 1151 1151 402 602
0 3328 127 3455 556 756
2688 3840 2815 3967 411 611
2048 3328 2175 3455 460 660
640 4096 767 4223 537 737
1536 5632 1663 5759 481 681
2816 1024 2943 1151 659 859
2432 1536 2559 1663 621 821
128 5632 255 5759 653 853
2560 4096 2687 4223 526 726
2688 1536 2815 1663 465 665
640 5504 767 5631 699 899
3328 256 3455 383 381 581
1408 3200 1535 3327 379 579
2688 3072 2815 3199 461 661
3840 1024 3967 1151 395 595
512 384 639 511 702 902
256 2944 383 3071 622 822
256 1408 383 1535 639 839
0 1536 127 1663 500 700
2944 4224 3071 4351 648 848
1792 3072 1919 3199 408 608
1536 3712 1663 3839 582 782
3456 1920 3583 2047 471 671
1280 3840 1407 3967 356 556
3712 5376 3839 5503 556 756
0 5248 127 5375 699 899
3712 1920 3839 2047 471 671
1280 2176 1407 2303 469 669
1792 384 1919 511 706 906
384 5504 511 5631 480 680
640 4480 767 4607 497 697
2816 4864 2943 4991 511 711
384 384 511 511 554 754
1280 3968 1407 4095 621 821
2048 2048 2175 2175 711 911
384 2688 511 2815 661 861
256 256 383 383 566 766
3840 5504 3967 5631 618 818
2944 1152 3071 1279 600 800
3328 1152 3455 1279 341 541
1664 5248 1791 5375 709 909
1408 2432 1535 2559 548 748
128 4096 255 4223 348 548
1280 1024 1407 1151 374 574
0 1664 127 1791 673 873
1152 1024 1279 1151 369 569
2176 5632 2303 5759 363 563
1536 3072 1663 3199 544 744
3584 3968 3711 4095 672 872
2304 5248 2431 5375 489 689
3200 256 3327 383 441 641
2688 896 2815 1023 366 566
1536 2432 1663 2559 697 897
1920 4096 2047 4223 575 775
3840 5120 3967 5247 386 586
256 4864 383 4991 539 739
1536 2560 1663 2687 523 723
1664 1792 1791 1919 483 683
3200 896 3327 1023 634 834
1792 5248 1919 5375 478 678
768 5504 895 5631 626 826
2432 2176 2559 2303 418 618
2304 768 2431 895 652 852
2816 2560 2943 2687 467 667
2048 384 2175 511 665 865
128 128 255 255 613 813
2944 2304 3071 2431 377 577
1024 5376 1151 5503 480 680
3712 2560 3839 2687 517 717
896 5376 1023 5503 641 841
2688 5248 2815 5375 448 648
1408 4352 1535 4479 476 676
1152 1664 1279 1791 438 638
0 3840 127 3967 459 659
1408 1152 1535 1279 513 713
1792 1792 1919 1919 360 560
2816 2304 2943 2431 492 692
896 1536 1023 1663 502 702
2816 4736 2943 4863 530 730
768 3968 895 4095 450 650
2560 3712 2687 3839 617 817
1152 5120 1279 5247 635 835
3328 2816 3455 2943 442 642
1408 3712 1535 3839 563 763
3840 3328 3967 3455 459 659
2304 4096 2431 4223 454 654
2560 3968 2687 4095 388 588
2560 1408 2687 1535 646 846
1664 2176 1791 2303 600 800
2432 3840 2559 3967 649 849
2816 640 2943 767 373 573
3456 2176 3583 2303 476 676
3712 3200 3839 3327 353 553
3456 4480 3583 4607 689 889
3200 3712 3327 3839 569 769
2432 4864 2559 4991 644 844
1024 4096 1151 4223 588 788
1408 512 1535 639 609 809
512 3328 639 3455 410 610
2688 1792 2815 1919 354 554
2944 2048 3071 2175 536 736
512 1920 639 2047 484 684
2304 5632 2431 5759 493 693
1792 3968 1919 4095 601 801
1152 2432 1279 2559 607 807
128 3456 255 3583 633 833
1408 3584 1535 3711 587 787
2560 0 2687 127 348 548
2304 1024 2431 1151 384 584
768 384 895 511 404 604
896 4608 1023 4735 424 624
1536 2304 1663 2431 628 828
1408 1280 1535 1407 665 865
1152 2560 1279 2687 529 729
3328 128 3455 255 477 677
2688 1280 2815 1407 410 610
384 2304 511 2431 610 810
2816 3072 2943 3199 529 729
384 3072 511 3199 682 882
2688 3200 2815 3327 496 696
2048 4736 2175 4863 427 627
1536 0 1663 127 342 542
3328 5376 3455 5503 635 835
256 4992 383 5119 443 643
128 2560 255 2687 657 857
384 896 511 1023 490 690
3328 2432 3455 2559 713 913
256 4736 383 4863 531 731
2432 5248 2559 5375 386 586
1792 2816 1919 2943 372 572
2304 2176 2431 2303 511 711
2048 2816 2175 2943 548 748
0 4864 127 4991 520 720
2560 4480 2687 4607 631 831
256 2304 383 2431 398 598
1920 4608 2047 4735 413 613
2816 4352 2943 4479 550 750
1536 4992 1663 5119 649 849
3200 3584 3327 3711 387 587
2944 1024 3071 1151 560 760
896 4992 1023 5119 679 879
3840 3712 3967 3839 474 674
2560 5248 2687 5375 474 674
2432 2432 2559 2559 630 830
2560 2304 2687 2431 629 829
256 5504 383 5631 615 815
3712 4352 3839 4479 666 866
2048 2688 2175 2815 525 725
1664 640 1791 767 393 593
1152 5504 1279 5631 598 798
2688 2816 2815 2943 648 848
1536 4352 1663 4479 483 683
2688 4736 2815 4863 566 766
3584 256 3711 383 532 732
2944 5632 3071 5759 552 752
384 1152 511 1279 509 709
2432 3968 2559 4095 649 849
2048 2432 2175 2559 514 714
2176 1408 2303 1535 666 866
0 512 127 639 698 898
1664 256 1791 383 549 749
2048 768 2175 895 426 626
0 3456 127 3583 495 695
1536 3456 1663 3583 355 555
2688 5120 2815 5247 343 543
384 4352 511 4479 520 720
1920 1024 2047 1151 394 594
1408 256 1535 383 519 719
1920 5248 2047 5375 455 655
384 2560 511 2687 444 644
3456 3328 3583 3455 366 566
1408 4480 1535 4607 420 620
384 5248 511 5375 544 744
1664 4864 1791 4991 503 703
3584 2176 3711 2303 676 876
1792 3584 1919 3711 460 660
2432 1280 2559 1407 367 567
3072 3840 3199 3967 628 828
1664 1664 1791 1791 611 811
1792 2944 1919 3071 386 586
3200 640 3327 767 512 712
2560 3200 2687 3327 545 745
1024 384 1151 511 495 695
3456 3072 3583 3199 704 904
3712 3840 3839 3967 364 564
1024 5248 1151 5375 673 873
128 2304 255 2431 499 699
3584 2688 3711 2815 639 839
1536 3584 1663 3711 473 673
2560 768 2687 895 414 614
2560 4224 2687 4351 586 786
3840 5376 3967 5503 686 886
2560 3328 2687 3455 504 704
2560 5120 2687 5247 367 567
2816 3584 2943 3711 704 904
3840 2176 3967 2303 473 673
3456 4992 3583 5119 513 713
1280 4352 1407 4479 385 585
640 1408 767 1535 656 856
2816 1664 2943 1791 631 831
3200 1792 3327 1919 455 655
256 2560 383 2687 685 885
3584 2432 3711 2559 677 877
768 2816 895 2943 663 863
1920 5120 2047 5247 437 637
512 256 639 383 602 802
2944 4480 3071 4607 372 572
3456 1536 3583 1663 431 631
2816 512 2943 639 517 717
768 4992 895 5119 646 846
2176 3840 2303 3967 480 680
2688 1152 2815 1279 655 855
3840 1408 3967 1535 441 641
128 640 255 767 639 839
3584 1920 3711 2047 646 846
3072 4224 3199 4351 431 631
1280 1152 1407 1279 561 761
896 768 1023 895 394 594
512 3712 639 3839 356 556
1664 3584 1791 3711 698 898
3328 3712 3455 3839 435 635
640 2432 767 2559 605 805
1920 896 2047 1023 670 870
3328 2304 3455 2431 565 765
3456 5120 3583 5247 598 798
0 4352 127 4479 623 823
3072 1280 3199 1407 701 901
3072 4864 3199 4991 398 598
3840 1920 3967 2047 671 871
896 5632 1023 5759 643 843
0 5376 127 5503 655 855
640 896 767 1023 376 576
2048 4608 2175 4735 577 777
1664 2944 1791 3071 582 782
896 1024 1023 1151 702 902
3584 4736 3711 4863 678 878
3200 512 3327 639 470 670
3456 128 3583 255 360 560
2432 5632 2559 5759 395 595
2048 896 2175 1023 613 813
3584 4224 3711 4351 632 832
1920 3840 2047 3967 501 701
2560 512 2687 639 518 718
3072 0 3199 127 699 899
1408 3072 1535 3199 389 589
2176 3712 2303 3839 413 613
3712 3072 3839 3199 416 616
3328 896 3455 1023 614 814
128 3712 255 3839 433 633
3200 2944 3327 3071 435 635
0 1408 127 1535 598 798
640 2688 767 2815 531 731
512 4608 639 4735 666 866
3840 2816 3967 2943 517 717
896 2304 1023 2431 345 545
896 0 1023 127 551 751
3712 2816 3839 2943 426 626
3584 3456 3711 3583 710 910
640 3712 767 3839 575 775
3200 1152 3327 1279 384 584
3456 512 3583 639 602 802
1024 640 1151 767 516 716
256 4608 383 4735 423 623
2176 1792 2303 1919 466 666
2432 1152 2559 1279 347 547
2944 4096 3071 4223 374 574
3328 4736 3455 4863 393 593
2432 2944 2559 3071 481 681
3712 1408 3839 1535 360 560
1536 3968 1663 4095 451 651
3456 2816 3583 2943 343 543
2560 5376 2687 5503 618 818
1024 2432 1151 2559 578 778
2560 4608 2687 4735 524 724
2944 2176 3071 2303 604 804
256 3456 383 3583 631 831
3328 4608 3455 4735 600 800
128 512 255 639 683 883
768 2560 895 2687 494 694
2432 512 2559 639 697 897
2304 640 2431 767 368 568
512 128 639 255 378 578
2432 3712 2559 3839 477 677
896 4864 1023 4991 660 860
3456 5248 3583 5375 558 758
3584 2560 3711 2687 486 686
512 1792 639 1919 497 697
1152 1280 1279 1407 647 847
3584 3200 3711 3327 445 645
1792 4608 1919 4735 698 898
1536 5248 1663 5375 657 857
1024 2560 1151 2687 710 910
3584 640 3711 767 464 664
1024 3072 1151 3199 706 906
128 4480 255 4607 462 662
3456 3456 3583 3583 474 674
2560 2688 2687 2815 706 906
0 1920 127 2047 481 681
2560 384 2687 511 581 781
3200 2432 3327 2559 352 552
2048 128 2175 255 595 795
896 640 1023 767 588 788
1664 5632 1791 5759 597 797
3712 4992 3839 5119 423 623
768 2944 895 3071 398 598
2432 384 2559 511 487 687
1664 5504 1791 5631 680 880
128 5248 255 5375 625 825
384 3840 511 3967 456 656
1408 4992 1535 5119 460 660
1024 3200 1151 3327 571 771
768 2176 895 2303 450 650
2048 3584 2175 3711 464 664
1920 2816 2047 2943 711 911
512 4096 639 4223 397 597
2176 1280 2303 1407 685 885
1024 2304 1151 2431 483 683
896 896 1023 1023 520 720
3712 0 3839 127 581 781
1408 5376 1535 5503 554 754
2048 4352 2175 4479 505 705
1536 4224 1663 4351 488 688
3200 2048 3327 2175 551 751
2688 4224 2815 4351 632 832
896 2432 1023 2559 443 643
768 2304 895 2431 639 839
2688 512 2815 639 392 592
3200 2688 3327 2815 399 599
2304 2304 2431 2431 407 607
3456 3840 3583 3967 637 837
2688 256 2815 383 377 577
2432 128 2559 255 628 828
768 5376 895 5503 474 674
3456 1408 3583 1535 637 837
896 2560 1023 2687 337 537
1024 4352 1151 4479 535 735
768 640 895 767 410 610
1792 3200 1919 3327 680 880
2688 4480 2815 4607 409 609
2304 3840 2431 3967 493 693
2560 2816 2687 2943 389 589
2176 1024 2303 1151 643 843
1024 4736 1151 4863 606 806
1664 896 1791 1023 516 716
768 3584 895 3711 641 841
1536 512 1663 639 666 866
512 4352 639 4479 450 650
1664 4736 1791 4863 373 573
1920 2432 2047 2559 436 636
384 5376 511 5503 695 895
1280 2944 1407 3071 591 791
1920 768 2047 895 604 804
3328 1536 3455 1663 432 632
2560 4992 2687 5119 391 591
2560 3456 2687 3583 522 722
3328 1664 3455 1791 501 701
1280 4992 1407 5119 693 893
3840 1152 3967 1279 540 740
2176 3072 2303 3199 563 763
896 2944 1023 3071 386 586
1536 4608 1663 4735 426 626
3712 1024 3839 1151 604 804
2944 3840 3071 3967 641 841
2816 1152 2943 1279 563 763
640 2048 767 2175 527 727
2560 3840 2687 3967 604 804
3072 3712 3199 3839 348 548
3840 4352 3967 4479 601 801
2816 256 2943 383 571 771
2176 128 2303 255 420 620
640 2816 767 2943 343 543
3840 5248 3967 5375 623 823
3840 256 3967 383 350 550
2048 5376 2175 5503 612 812
3584 2816 3711 2943 389 589
1280 2688 1407 2815 617 817
128 3584 255 3711 528 728
2816 1408 2943 1535 502 702
1920 3584 2047 3711 616 816
1152 256 1279 383 627 827
1024 4608 1151 4735 446 646
2048 1152 2175 1279 456 656
1408 2176 1535 2303 517 717
3584 3584 3711 3711 541 741
1920 1280 2047 1407 510 710
0 1152 127 1279 665 865
2176 3200 2303 3327 706 906
2432 2816 2559 2943 453 653
2816 5376 2943 5503 454 654
3072 384 3199 511 518 718
0 2176 127 2303 465 665
2176 5504 2303 5631 544 744
