77
0 2048 511 2559 468 868
2048 3584 2559 4095 432 832
512 0 1023 511 445 845
3072 1536 3583 2047 498 898
1024 1024 1535 1535 401 801
1536 1024 2047 1535 475 875
512 3072 1023 3583 448 848
1536 1536 2047 2047 456 856
1024 2048 1535 2559 369 769
2048 3072 2559 3583 400 800
3072 512 3583 1023 448 848
1536 3072 2047 3583 342 742
512 4096 1023 4607 429 829
0 1024 511 1535 425 825
3072 4608 3583 5119 406 806
2560 512 3071 1023 337 737
2560 2048 3071 2559 501 901
512 3584 1023 4095 448 848
1024 5120 1535 5631 350 750
1536 3584 2047 4095 347 747
0 2560 511 3071 509 909
512 5120 1023 5631 469 869
2560 1024 3071 1535 454 854
512 512 1023 1023 420 820
512 1536 1023 2047 478 878
1536 4608 2047 5119 389 789
1024 2560 1535 3071 363 763
2560 3584 3071 4095 506 906
2560 4096 3071 4607 357 757
2560 1536 3071 2047 481 881
1024 4096 1535 4607 363 763
1536 2560 2047 3071 489 889
512 1024 1023 1535 403 803
3072 1024 3583 1535 475 875
0 1536 511 2047 473 873
2048 5120 2559 5631 471 871
3072 2560 3583 3071 437 837
2560 4608 3071 5119 411 811
0 4608 511 5119 417 817
1024 0 1535 511 473 873
3072 0 3583 511 475 875
1024 512 1535 1023 351 751
512 4608 1023 5119 482 882
1536 512 2047 1023 390 790
0 512 511 1023 443 843
3072 4096 3583 4607 379 779
3072 3584 3583 4095 394 794
0 0 511 511 431 831
2048 1024 2559 1535 490 890
1536 4096 2047 4607 408 808
2560 5120 3071 5631 445 845
1024 3072 1535 3583 489 889
2048 4096 2559 4607 367 767
1536 5120 2047 5631 389 789
512 2560 1023 3071 400 800
2560 2560 3071 3071 512 912
2048 2560 2559 3071 441 841
0 3584 511 4095 430 830
2048 0 2559 511 508 908
3072 3072 3583 3583 462 862
1024 3584 1535 4095 401 801
2560 3072 3071 3583 357 757
0 3072 511 3583 441 841
2048 512 2559 1023 468 868
2048 4608 2559 5119 500 900
3072 5120 3583 5631 400 800
0 4096 511 4607 429 829
1536 0 2047 511 423 823
1536 2048 2047 2559 478 878
512 2048 1023 2559 510 910
1024 1536 1535 2047 382 782
2560 0 3071 511 439 839
3072 2048 3583 2559 347 747
1024 4608 1535 5119 351 751
0 5120 511 5631 497 897
2048 1536 2559 2047 454 854
2048 2048 2559 2559 397 797
