100
229 3837 329 3937 734 754
3334 3289 3434 3389 734 754
5400 3229 5500 3329 734 754
3732 3096 3832 3196 734 754
705 950 805 1050 734 754
2532 2918 2632 3018 734 754
4015 2864 4115 2964 734 754
4836 1383 4936 1483 734 754
1235 660 1335 760 734 754
1410 508 1510 608 734 754
1919 3856 2019 3956 734 754
3630 916 3730 1016 734 754
2001 2595 2101 2695 734 754
2708 206 2808 306 734 754
3789 2018 3889 2118 734 754
3677 2096 3777 2196 734 754
4152 3314 4252 3414 734 754
5526 1866 5626 1966 734 754
3498 1450 3598 1550 734 754
2566 4 2666 104 734 754
3058 421 3158 521 734 754
3533 1492 3633 1592 734 754
3659 1066 3759 1166 734 754
1914 1621 2014 1721 734 754
632 212 732 312 734 754
3229 2088 3329 2188 734 754
4524 3074 4624 3174 734 754
2308 2966 2408 3066 734 754
110 3081 210 3181 734 754
0 2068 100 2168 734 754
112 1685 212 1785 734 754
2730 500 2830 600 734 754
865 343 965 443 734 754
3441 1087 3541 1187 734 754
846 775 946 875 734 754
3378 1540 3478 1640 734 754
729 2609 829 2709 734 754
601 1828 701 1928 734 754
4906 3254 5006 3354 734 754
4094 95 4194 195 734 754
652 2926 752 3026 734 754
2348 2230 2448 2330 734 754
3254 2535 3354 2635 734 754
1325 1215 1425 1315 734 754
5038 1815 5138 1915 734 754
2077 261 2177 361 734 754
367 2141 467 2241 734 754
5334 1945 5434 2045 734 754
2135 1722 2235 1822 734 754
407 1624 507 1724 734 754
4407 2719 4507 2819 734 754
2250 1041 2350 1141 734 754
5510 3543 5610 3643 734 754
4890 3697 4990 3797 734 754
179 3666 279 3766 734 754
4472 3711 4572 3811 734 754
5379 3322 5479 3422 734 754
1372 2138 1472 2238 734 754
1101 3335 1201 3435 734 754
1070 1019 1170 1119 734 754
4576 1330 4676 1430 734 754
1468 2097 1568 2197 734 754
2766 636 2866 736 734 754
1541 650 1641 750 734 754
4648 3017 4748 3117 734 754
2695 2203 2795 2303 734 754
1099 133 1199 233 734 754
3816 1857 3916 1957 734 754
2609 3462 2709 3562 734 754
355 1267 455 1367 734 754
1573 139 1673 239 734 754
5278 3266 5378 3366 734 754
1825 464 1925 564 734 754
5211 2765 5311 2865 734 754
4160 798 4260 898 734 754
4431 3645 4531 3745 734 754
4793 3659 4893 3759 734 754
3856 293 3956 393 734 754
1772 1826 1872 1926 734 754
1532 1348 1632 1448 734 754
2711 3061 2811 3161 734 754
5100 125 5200 225 734 754
3986 242 4086 342 734 754
5232 1564 5332 1664 734 754
1505 3479 1605 3579 734 754
5302 378 5402 478 734 754
39 2504 139 2604 734 754
209 527 309 627 734 754
8 3742 108 3842 734 754
5343 1463 5443 1563 734 754
772 1771 872 1871 734 754
2528 114 2628 214 734 754
4745 1643 4845 1743 734 754
2195 1767 2295 1867 734 754
1406 3847 1506 3947 734 754
2563 512 2663 612 734 754
2768 112 2868 212 734 754
2739 3548 2839 3648 734 754
463 1215 563 1315 734 754
3526 1406 3626 1506 734 754
