1000
620 1768 820 1968 511 911
2649 1073 2849 1273 458 858
48 3280 248 3480 472 872
1325 3501 1525 3701 465 865
423 1065 623 1265 498 898
1594 321 1794 521 487 887
1937 2622 2137 2822 355 755
2603 2521 2803 2721 433 833
2351 2278 2551 2478 366 766
601 1168 801 1368 448 848
1014 1808 1214 2008 359 759
2428 2509 2628 2709 429 829
1377 2467 1577 2667 364 764
3143 785 3343 985 440 840
5029 1722 5229 1922 488 888
2368 3101 2568 3301 340 740
1787 2268 1987 2468 350 750
1534 214 1734 414 489 889
1155 2891 1355 3091 392 792
1726 1793 1926 1993 468 868
4974 3526 5174 3726 456 856
2936 3115 3136 3315 417 817
2117 227 2317 427 480 880
840 3078 1040 3278 389 789
4508 645 4708 845 421 821
1661 3028 1861 3228 483 883
4567 708 4767 908 417 817
2939 3040 3139 3240 396 796
5555 226 5755 426 341 741
4388 37 4588 237 371 771
5529 3018 5729 3218 444 844
3957 1804 4157 2004 379 779
2170 532 2370 732 480 880
140 2480 340 2680 354 754
4984 2018 5184 2218 480 880
52 1742 252 1942 496 896
3709 1234 3909 1434 375 775
1122 3117 1322 3317 487 887
306 2309 506 2509 408 808
3766 2621 3966 2821 337 737
744 2951 944 3151 389 789
3536 2838 3736 3038 413 813
3137 989 3337 1189 505 905
1000 1404 1200 1604 339 739
116 2598 316 2798 372 772
5590 2491 5790 2691 404 804
2716 1916 2916 2116 444 844
4562 870 4762 1070 499 899
1381 3368 1581 3568 377 777
5458 2430 5658 2630 479 879
1748 1380 1948 1580 416 816
638 1475 838 1675 486 886
5140 497 5340 697 418 818
298 206 498 406 355 755
3798 1408 3998 1608 351 751
3377 2480 3577 2680 489 889
469 2648 669 2848 388 788
5358 351 5558 551 483 883
3983 2430 4183 2630 483 883
1825 1509 2025 1709 397 797
3348 1426 3548 1626 427 827
2646 659 2846 859 513 913
3677 1751 3877 1951 338 738
2970 2226 3170 2426 407 807
590 3033 790 3233 380 780
1445 120 1645 320 400 800
23 2830 223 3030 460 860
5521 2527 5721 2727 414 814
2140 58 2340 258 424 824
1467 1 1667 201 376 776
1551 439 1751 639 451 851
3213 522 3413 722 351 751
4196 79 4396 279 506 906
2073 2370 2273 2570 380 780
3332 1196 3532 1396 508 908
2678 2219 2878 2419 388 788
5397 327 5597 527 455 855
2999 3507 3199 3707 458 858
5611 2758 5811 2958 385 785
3256 2979 3456 3179 455 855
1316 1269 1516 1469 460 860
1615 2069 1815 2269 482 882
4639 3055 4839 3255 499 899
4323 3192 4523 3392 413 813
812 1208 1012 1408 429 829
3545 1522 3745 1722 372 772
4543 1333 4743 1533 405 805
4350 229 4550 429 399 799
2531 90 2731 290 508 908
3223 1078 3423 1278 345 745
2533 3169 2733 3369 511 911
3657 3251 3857 3451 382 782
3677 1981 3877 2181 496 896
477 1112 677 1312 503 903
2667 2870 2867 3070 474 874
5122 3479 5322 3679 452 852
3646 3058 3846 3258 505 905
3979 637 4179 837 402 802
133 274 333 474 404 804
40 2028 240 2228 413 813
5091 3630 5291 3830 477 877
5557 1719 5757 1919 356 756
4498 617 4698 817 425 825
470 405 670 605 495 895
1111 2714 1311 2914 438 838
4112 1137 4312 1337 423 823
871 1696 1071 1896 507 907
2273 2446 2473 2646 454 854
112 825 312 1025 389 789
5564 1861 5764 2061 365 765
5040 2463 5240 2663 495 895
5344 98 5544 298 373 773
2375 3699 2575 3899 505 905
848 1856 1048 2056 345 745
4859 2354 5059 2554 506 906
4014 3339 4214 3539 371 771
1629 1794 1829 1994 510 910
2401 1322 2601 1522 461 861
4809 1413 5009 1613 467 867
104 2158 304 2358 344 744
2867 1572 3067 1772 460 860
4196 3617 4396 3817 457 857
2108 141 2308 341 385 785
204 1466 404 1666 407 807
4603 1896 4803 2096 512 912
821 1238 1021 1438 487 887
5263 3763 5463 3963 451 851
4727 1127 4927 1327 401 801
3042 1569 3242 1769 404 804
265 1561 465 1761 352 752
2228 2394 2428 2594 497 897
2589 2366 2789 2566 453 853
1340 926 1540 1126 416 816
2827 2493 3027 2693 482 882
1803 1400 2003 1600 455 855
5172 1894 5372 2094 437 837
47 1310 247 1510 341 741
4071 605 4271 805 338 738
2594 696 2794 896 367 767
1368 1668 1568 1868 494 894
241 1582 441 1782 389 789
4177 1370 4377 1570 386 786
1521 391 1721 591 350 750
289 2344 489 2544 455 855
1329 3014 1529 3214 353 753
3709 954 3909 1154 402 802
235 1034 435 1234 454 854
3744 3519 3944 3719 510 910
5279 1389 5479 1589 348 748
3931 1390 4131 1590 445 845
5523 2618 5723 2818 458 858
1564 3636 1764 3836 510 910
1814 2729 2014 2929 371 771
2816 1569 3016 1769 447 847
4776 3153 4976 3353 454 854
786 245 986 445 394 794
3102 946 3302 1146 409 809
5553 3686 5753 3886 445 845
1584 2784 1784 2984 392 792
5445 2079 5645 2279 495 895
476 861 676 1061 415 815
113 3057 313 3257 489 889
1378 1900 1578 2100 483 883
5613 3649 5813 3849 480 880
4133 924 4333 1124 444 844
4460 2728 4660 2928 501 901
406 1083 606 1283 403 803
3378 3370 3578 3570 503 903
296 1853 496 2053 452 852
5188 1030 5388 1230 459 859
2423 2569 2623 2769 511 911
3448 1241 3648 1441 475 875
1158 2956 1358 3156 414 814
2715 2035 2915 2235 508 908
2691 3092 2891 3292 354 754
2416 799 2616 999 499 899
5598 3712 5798 3912 473 873
1039 3734 1239 3934 405 805
3841 2112 4041 2312 460 860
2209 3299 2409 3499 485 885
150 3351 350 3551 402 802
3112 1087 3312 1287 338 738
1376 3203 1576 3403 466 866
2321 3297 2521 3497 471 871
3200 666 3400 866 466 866
2994 735 3194 935 397 797
2491 3010 2691 3210 498 898
4791 3105 4991 3305 488 888
4091 167 4291 367 478 878
1974 3050 2174 3250 346 746
3809 1693 4009 1893 436 836
4357 3027 4557 3227 464 864
3729 238 3929 438 412 812
3305 558 3505 758 430 830
2905 1566 3105 1766 481 881
1096 2655 1296 2855 503 903
2188 3543 2388 3743 486 886
945 2251 1145 2451 494 894
594 1411 794 1611 345 745
1507 2876 1707 3076 506 906
3157 1606 3357 1806 399 799
2249 2439 2449 2639 370 770
2156 2076 2356 2276 385 785
3960 1944 4160 2144 348 748
4661 276 4861 476 430 830
1308 3226 1508 3426 473 873
1958 2461 2158 2661 465 865
852 954 1052 1154 366 766
4518 908 4718 1108 421 821
25 2166 225 2366 409 809
714 1955 914 2155 472 872
1018 565 1218 765 500 900
4201 3676 4401 3876 498 898
129 3088 329 3288 419 819
2558 3630 2758 3830 392 792
3329 636 3529 836 378 778
5285 174 5485 374 433 833
5428 2983 5628 3183 370 770
2756 767 2956 967 338 738
1361 1295 1561 1495 480 880
3293 3076 3493 3276 454 854
1002 2473 1202 2673 360 760
4336 241 4536 441 502 902
176 421 376 621 432 832
3034 1300 3234 1500 416 816
4381 2175 4581 2375 423 823
5389 1900 5589 2100 444 844
2530 1748 2730 1948 453 853
2390 169 2590 369 434 834
5486 2377 5686 2577 394 794
1968 1375 2168 1575 508 908
786 300 986 500 484 884
4037 1592 4237 1792 350 750
2595 2787 2795 2987 343 743
268 497 468 697 467 867
1718 330 1918 530 465 865
2536 973 2736 1173 481 881
4831 3355 5031 3555 462 862
3588 2361 3788 2561 437 837
3401 1961 3601 2161 499 899
4218 520 4418 720 369 769
1114 1524 1314 1724 352 752
672 206 872 406 446 846
1453 3304 1653 3504 456 856
3585 973 3785 1173 462 862
3911 3705 4111 3905 348 748
117 735 317 935 511 911
3055 2109 3255 2309 341 741
1152 3207 1352 3407 406 806
2807 258 3007 458 356 756
3740 628 3940 828 513 913
1527 1321 1727 1521 461 861
2812 2542 3012 2742 402 802
572 730 772 930 507 907
548 1638 748 1838 338 738
134 1235 334 1435 508 908
3711 957 3911 1157 395 795
5233 2703 5433 2903 462 862
1667 619 1867 819 474 874
1044 208 1244 408 355 755
2980 1575 3180 1775 341 741
3954 765 4154 965 433 833
4601 1139 4801 1339 420 820
3393 489 3593 689 493 893
2848 1602 3048 1802 489 889
3083 2707 3283 2907 362 762
251 1863 451 2063 412 812
2454 43 2654 243 439 839
3089 2874 3289 3074 391 791
104 574 304 774 373 773
2616 2707 2816 2907 369 769
3334 1452 3534 1652 411 811
3524 605 3724 805 346 746
3784 1902 3984 2102 456 856
5565 2577 5765 2777 510 910
1172 3603 1372 3803 461 861
157 344 357 544 496 896
2484 3409 2684 3609 440 840
5569 3502 5769 3702 474 874
4922 3093 5122 3293 499 899
3199 2440 3399 2640 353 753
4292 2171 4492 2371 397 797
3937 2869 4137 3069 402 802
4868 1743 5068 1943 428 828
2018 315 2218 515 477 877
1575 964 1775 1164 373 773
3598 384 3798 584 464 864
364 1802 564 2002 454 854
2899 3382 3099 3582 473 873
1438 411 1638 611 481 881
2588 2230 2788 2430 503 903
3690 2813 3890 3013 368 768
3056 2185 3256 2385 343 743
5212 1485 5412 1685 348 748
2345 3473 2545 3673 358 758
2716 1410 2916 1610 353 753
3919 1804 4119 2004 357 757
488 447 688 647 450 850
444 1184 644 1384 384 784
1158 2348 1358 2548 396 796
2734 712 2934 912 339 739
2148 515 2348 715 428 828
2658 1678 2858 1878 382 782
2146 1797 2346 1997 396 796
4322 3513 4522 3713 408 808
3468 323 3668 523 424 824
681 370 881 570 385 785
1759 1729 1959 1929 456 856
3469 1737 3669 1937 388 788
99 2366 299 2566 489 889
2136 2169 2336 2369 402 802
1496 1318 1696 1518 498 898
2396 452 2596 652 482 882
3056 170 3256 370 421 821
2703 1477 2903 1677 416 816
3356 3157 3556 3357 420 820
797 2373 997 2573 483 883
4264 2571 4464 2771 368 768
2839 222 3039 422 372 772
4988 1769 5188 1969 459 859
789 762 989 962 423 823
4114 2493 4314 2693 430 830
1654 2173 1854 2373 512 912
2029 1987 2229 2187 502 902
4810 1151 5010 1351 416 816
985 867 1185 1067 447 847
4552 1016 4752 1216 440 840
2506 1132 2706 1332 417 817
901 3194 1101 3394 493 893
181 3053 381 3253 368 768
1428 2318 1628 2518 451 851
1811 1703 2011 1903 396 796
3328 3253 3528 3453 465 865
3070 3315 3270 3515 359 759
3185 2947 3385 3147 493 893
2278 332 2478 532 405 805
3664 2655 3864 2855 367 767
2383 3424 2583 3624 430 830
271 1359 471 1559 361 761
569 2737 769 2937 387 787
3453 1583 3653 1783 492 892
5417 1597 5617 1797 383 783
2164 2567 2364 2767 407 807
1732 2675 1932 2875 351 751
1536 3621 1736 3821 484 884
4202 1552 4402 1752 355 755
1882 3426 2082 3626 396 796
786 3276 986 3476 412 812
5329 3672 5529 3872 426 826
1276 2568 1476 2768 477 877
4973 201 5173 401 341 741
286 2666 486 2866 454 854
2461 2584 2661 2784 390 790
1944 3661 2144 3861 499 899
690 1020 890 1220 418 818
3508 2675 3708 2875 403 803
26 1893 226 2093 393 793
437 3490 637 3690 493 893
1530 258 1730 458 431 831
4130 1462 4330 1662 363 763
2853 283 3053 483 504 904
4692 570 4892 770 442 842
176 226 376 426 405 805
3764 234 3964 434 356 756
1755 3169 1955 3369 495 895
2824 1315 3024 1515 447 847
3683 3398 3883 3598 466 866
2127 1409 2327 1609 400 800
693 3365 893 3565 351 751
5140 1492 5340 1692 339 739
4756 58 4956 258 418 818
2994 2177 3194 2377 389 789
5195 3375 5395 3575 479 879
2317 2420 2517 2620 410 810
1583 3516 1783 3716 372 772
4603 414 4803 614 340 740
4299 2268 4499 2468 509 909
2401 2633 2601 2833 419 819
5412 3253 5612 3453 487 887
1662 991 1862 1191 460 860
3709 685 3909 885 470 870
5168 2536 5368 2736 352 752
761 1608 961 1808 396 796
4002 3547 4202 3747 486 886
65 2882 265 3082 431 831
846 3695 1046 3895 493 893
4136 1797 4336 1997 383 783
4320 2145 4520 2345 513 913
1759 625 1959 825 342 742
3624 2829 3824 3029 488 888
2763 1084 2963 1284 450 850
1953 3277 2153 3477 407 807
245 105 445 305 456 856
3456 3198 3656 3398 496 896
4070 2918 4270 3118 365 765
3841 164 4041 364 408 808
5441 2322 5641 2522 384 784
1348 648 1548 848 414 814
4895 2622 5095 2822 397 797
5417 1737 5617 1937 339 739
2337 1016 2537 1216 430 830
411 517 611 717 389 789
2557 147 2757 347 450 850
2536 1750 2736 1950 409 809
2742 3207 2942 3407 512 912
4681 1171 4881 1371 436 836
1675 2181 1875 2381 373 773
3664 1641 3864 1841 487 887
1693 3717 1893 3917 337 737
1173 3319 1373 3519 431 831
3691 3710 3891 3910 357 757
1750 3303 1950 3503 429 829
368 2366 568 2566 481 881
304 2505 504 2705 407 807
5486 2729 5686 2929 353 753
4695 588 4895 788 416 816
4420 1308 4620 1508 404 804
3078 616 3278 816 362 762
4991 656 5191 856 474 874
634 2054 834 2254 384 784
4839 3099 5039 3299 432 832
3368 1074 3568 1274 368 768
3741 1527 3941 1727 447 847
560 23 760 223 431 831
2772 3560 2972 3760 487 887
3317 3653 3517 3853 465 865
242 3529 442 3729 442 842
4554 178 4754 378 467 867
754 3380 954 3580 438 838
4945 2084 5145 2284 419 819
5620 298 5820 498 412 812
5117 3631 5317 3831 341 741
3771 3466 3971 3666 432 832
4065 3012 4265 3212 451 851
2893 220 3093 420 468 868
3073 3628 3273 3828 485 885
3494 1474 3694 1674 429 829
266 2802 466 3002 508 908
2617 3182 2817 3382 351 751
884 1000 1084 1200 489 889
1803 1106 2003 1306 486 886
3426 1139 3626 1339 365 765
1861 602 2061 802 393 793
3117 1860 3317 2060 368 768
1707 2879 1907 3079 361 761
3115 2587 3315 2787 387 787
756 43 956 243 349 749
4539 1886 4739 2086 495 895
618 1130 818 1330 496 896
5268 3764 5468 3964 489 889
2275 439 2475 639 350 750
1891 1855 2091 2055 353 753
1997 3016 2197 3216 350 750
463 3179 663 3379 454 854
3568 2368 3768 2568 410 810
2726 2612 2926 2812 368 768
1178 3023 1378 3223 456 856
4883 3331 5083 3531 430 830
1396 3714 1596 3914 424 824
2678 3011 2878 3211 359 759
2543 3307 2743 3507 493 893
818 2630 1018 2830 380 780
2545 3081 2745 3281 382 782
213 2055 413 2255 413 813
3528 1824 3728 2024 423 823
4025 2610 4225 2810 361 761
4702 437 4902 637 385 785
3563 2113 3763 2313 406 806
648 2097 848 2297 429 829
4366 2042 4566 2242 462 862
4167 678 4367 878 492 892
1856 2913 2056 3113 491 891
857 2283 1057 2483 488 888
2957 923 3157 1123 365 765
5631 2222 5831 2422 513 913
4793 1459 4993 1659 421 821
3636 1220 3836 1420 496 896
2763 3079 2963 3279 396 796
1072 1321 1272 1521 461 861
4748 2408 4948 2608 496 896
2134 1764 2334 1964 471 871
1148 566 1348 766 409 809
3528 2200 3728 2400 506 906
5630 3612 5830 3812 413 813
2278 1910 2478 2110 437 837
2528 3264 2728 3464 474 874
3542 1152 3742 1352 373 773
705 3191 905 3391 435 835
4543 2048 4743 2248 403 803
5169 699 5369 899 366 766
5185 1416 5385 1616 348 748
1494 642 1694 842 507 907
479 1800 679 2000 363 763
4610 1108 4810 1308 485 885
2817 3684 3017 3884 429 829
4271 2219 4471 2419 460 860
1639 854 1839 1054 424 824
5264 27 5464 227 374 774
1635 1850 1835 2050 379 779
2757 80 2957 280 354 754
1638 2830 1838 3030 434 834
2447 2439 2647 2639 419 819
1397 2557 1597 2757 468 868
4988 2460 5188 2660 382 782
4743 1540 4943 1740 366 766
727 3549 927 3749 421 821
3299 76 3499 276 460 860
4661 2211 4861 2411 467 867
2087 1632 2287 1832 500 900
2138 2722 2338 2922 511 911
3922 2558 4122 2758 490 890
3932 633 4132 833 386 786
3240 1314 3440 1514 465 865
5374 732 5574 932 353 753
4607 228 4807 428 495 895
3140 182 3340 382 454 854
3501 3119 3701 3319 375 775
3592 2589 3792 2789 466 866
4042 3314 4242 3514 479 879
3677 2010 3877 2210 478 878
2025 2440 2225 2640 494 894
4196 2217 4396 2417 371 771
401 3516 601 3716 452 852
2327 2064 2527 2264 418 818
3302 2772 3502 2972 416 816
425 3253 625 3453 366 766
3610 1926 3810 2126 383 783
3214 1175 3414 1375 389 789
4426 2560 4626 2760 417 817
3163 327 3363 527 509 909
2182 629 2382 829 509 909
2971 3286 3171 3486 346 746
2486 1604 2686 1804 456 856
2126 3474 2326 3674 442 842
1010 3753 1210 3953 349 749
3957 180 4157 380 393 793
336 899 536 1099 475 875
4652 2922 4852 3122 370 770
4719 2391 4919 2591 389 789
2548 2469 2748 2669 340 740
202 3609 402 3809 397 797
1602 766 1802 966 364 764
5117 3706 5317 3906 467 867
2553 72 2753 272 489 889
5002 3528 5202 3728 441 841
71 2901 271 3101 490 890
2106 3703 2306 3903 395 795
3252 1453 3452 1653 376 776
1459 1800 1659 2000 389 789
770 2728 970 2928 398 798
4786 175 4986 375 373 773
4176 382 4376 582 466 866
3058 1028 3258 1228 366 766
1759 1826 1959 2026 365 765
2606 2572 2806 2772 372 772
3184 2237 3384 2437 466 866
3843 1805 4043 2005 506 906
2551 1670 2751 1870 357 757
2524 2269 2724 2469 434 834
2471 91 2671 291 459 859
5630 3 5830 203 430 830
2750 3427 2950 3627 351 751
2519 2246 2719 2446 400 800
1630 1864 1830 2064 351 751
2287 1217 2487 1417 490 890
5347 994 5547 1194 470 870
3486 638 3686 838 357 757
2529 2579 2729 2779 461 861
1565 2875 1765 3075 470 870
5160 3180 5360 3380 436 836
4581 3693 4781 3893 362 762
5595 2691 5795 2891 489 889
4087 201 4287 401 488 888
5176 3731 5376 3931 500 900
132 1210 332 1410 496 896
5163 3769 5363 3969 408 808
3494 1375 3694 1575 389 789
2720 2324 2920 2524 500 900
452 2738 652 2938 424 824
3866 616 4066 816 394 794
2374 1748 2574 1948 470 870
687 3247 887 3447 513 913
2904 2487 3104 2687 481 881
802 1234 1002 1434 401 801
1629 2846 1829 3046 485 885
2504 23 2704 223 415 815
817 336 1017 536 497 897
487 1787 687 1987 373 773
3991 2247 4191 2447 421 821
2418 3244 2618 3444 382 782
4032 1809 4232 2009 384 784
3030 2537 3230 2737 345 745
2238 1254 2438 1454 458 858
4022 2476 4222 2676 434 834
4372 1257 4572 1457 472 872
5575 2616 5775 2816 363 763
1544 2215 1744 2415 430 830
1482 2224 1682 2424 511 911
2049 2951 2249 3151 388 788
4963 1201 5163 1401 364 764
3874 2424 4074 2624 369 769
3514 1974 3714 2174 427 827
3609 2541 3809 2741 337 737
2683 3588 2883 3788 427 827
269 3514 469 3714 510 910
2066 1259 2266 1459 391 791
2030 2123 2230 2323 497 897
3504 1410 3704 1610 355 755
3491 1444 3691 1644 480 880
2521 2695 2721 2895 432 832
4383 1977 4583 2177 445 845
170 2570 370 2770 476 876
1623 1650 1823 1850 354 754
516 174 716 374 397 797
3064 2438 3264 2638 496 896
5407 3685 5607 3885 449 849
4257 2408 4457 2608 511 911
507 3536 707 3736 496 896
132 3524 332 3724 440 840
1560 2350 1760 2550 427 827
1490 988 1690 1188 507 907
3880 1986 4080 2186 369 769
554 2602 754 2802 387 787
4956 1028 5156 1228 502 902
4185 1271 4385 1471 464 864
2613 49 2813 249 406 806
98 3778 298 3978 362 762
3825 3272 4025 3472 425 825
3918 2286 4118 2486 419 819
2427 1500 2627 1700 396 796
4314 3646 4514 3846 386 786
2097 2017 2297 2217 427 827
4929 116 5129 316 434 834
5063 2017 5263 2217 409 809
5106 1434 5306 1634 444 844
5250 2622 5450 2822 364 764
1922 28 2122 228 395 795
2715 3379 2915 3579 351 751
5494 2680 5694 2880 429 829
2391 2439 2591 2639 417 817
1492 1550 1692 1750 415 815
1692 3520 1892 3720 350 750
3009 1047 3209 1247 366 766
1424 323 1624 523 484 884
2942 2313 3142 2513 401 801
5063 322 5263 522 465 865
1836 1098 2036 1298 427 827
3008 1717 3208 1917 465 865
3520 3444 3720 3644 391 791
3353 1463 3553 1663 489 889
4143 1925 4343 2125 493 893
1663 3550 1863 3750 403 803
5360 2991 5560 3191 429 829
4581 2112 4781 2312 444 844
4207 1941 4407 2141 441 841
2782 3751 2982 3951 366 766
2845 2257 3045 2457 474 874
4417 2031 4617 2231 435 835
118 3283 318 3483 347 747
4996 697 5196 897 465 865
4556 2636 4756 2836 498 898
3188 2083 3388 2283 496 896
2837 1846 3037 2046 371 771
2944 2781 3144 2981 402 802
2702 95 2902 295 484 884
1730 3563 1930 3763 370 770
5049 1396 5249 1596 446 846
3375 3494 3575 3694 416 816
4990 3364 5190 3564 474 874
4180 3687 4380 3887 356 756
3186 3100 3386 3300 498 898
3499 2416 3699 2616 453 853
1171 2883 1371 3083 410 810
4700 218 4900 418 403 803
4304 76 4504 276 398 798
2773 2499 2973 2699 463 863
5172 208 5372 408 376 776
2054 1164 2254 1364 402 802
1916 1753 2116 1953 498 898
2562 3149 2762 3349 366 766
1856 2274 2056 2474 507 907
3712 1054 3912 1254 377 777
4229 3039 4429 3239 393 793
2898 1348 3098 1548 482 882
4452 3425 4652 3625 388 788
1740 2870 1940 3070 398 798
3033 373 3233 573 368 768
47 1253 247 1453 439 839
2612 2210 2812 2410 360 760
5280 1986 5480 2186 490 890
1614 1280 1814 1480 436 836
1887 1197 2087 1397 359 759
3496 3081 3696 3281 414 814
3636 1176 3836 1376 462 862
5175 1325 5375 1525 391 791
5176 561 5376 761 352 752
5215 3240 5415 3440 379 779
4702 3155 4902 3355 411 811
1370 1532 1570 1732 348 748
133 1735 333 1935 507 907
5173 3650 5373 3850 376 776
2751 506 2951 706 472 872
1933 1581 2133 1781 386 786
3812 2896 4012 3096 370 770
1732 2399 1932 2599 488 888
5636 1698 5836 1898 449 849
1452 3292 1652 3492 381 781
5406 3587 5606 3787 502 902
2780 3009 2980 3209 350 750
980 1780 1180 1980 439 839
2568 2311 2768 2511 454 854
3684 805 3884 1005 378 778
2475 2855 2675 3055 438 838
2941 3159 3141 3359 513 913
2491 3066 2691 3266 398 798
5426 2200 5626 2400 495 895
2280 1160 2480 1360 510 910
1574 321 1774 521 488 888
3433 2467 3633 2667 350 750
4676 675 4876 875 473 873
4941 3795 5141 3995 488 888
125 964 325 1164 493 893
3399 1722 3599 1922 512 912
1410 70 1610 270 449 849
3285 1725 3485 1925 430 830
2916 1201 3116 1401 508 908
5403 3601 5603 3801 354 754
4605 3085 4805 3285 364 764
5298 3546 5498 3746 434 834
3061 3509 3261 3709 400 800
3667 3178 3867 3378 430 830
1083 2403 1283 2603 392 792
3627 950 3827 1150 421 821
1796 400 1996 600 392 792
5121 3650 5321 3850 340 740
3900 3227 4100 3427 419 819
3768 2361 3968 2561 387 787
538 542 738 742 471 871
5181 618 5381 818 481 881
3553 1798 3753 1998 434 834
2199 2061 2399 2261 434 834
3765 1449 3965 1649 423 823
576 2297 776 2497 448 848
596 3659 796 3859 433 833
1278 355 1478 555 382 782
4885 1521 5085 1721 351 751
73 1016 273 1216 504 904
251 1533 451 1733 490 890
1353 1861 1553 2061 457 857
1095 3729 1295 3929 418 818
4078 2480 4278 2680 346 746
3961 3441 4161 3641 382 782
868 1505 1068 1705 338 738
3765 3727 3965 3927 385 785
2703 1043 2903 1243 467 867
891 512 1091 712 495 895
1246 3334 1446 3534 472 872
3454 969 3654 1169 415 815
762 2573 962 2773 352 752
4034 1820 4234 2020 384 784
5048 2221 5248 2421 397 797
1830 882 2030 1082 481 881
1030 1737 1230 1937 344 744
556 1936 756 2136 426 826
2282 3410 2482 3610 427 827
5536 2208 5736 2408 354 754
2936 3087 3136 3287 467 867
3892 2339 4092 2539 466 866
3300 2774 3500 2974 485 885
702 2003 902 2203 491 891
5062 2563 5262 2763 401 801
1886 1976 2086 2176 496 896
428 159 628 359 509 909
1187 201 1387 401 374 774
4684 431 4884 631 370 770
991 2733 1191 2933 363 763
484 1028 684 1228 373 773
3234 3194 3434 3394 386 786
3853 3162 4053 3362 389 789
3464 524 3664 724 490 890
3316 2810 3516 3010 430 830
1694 2627 1894 2827 393 793
2483 3418 2683 3618 422 822
1063 2887 1263 3087 345 745
970 1752 1170 1952 388 788
4983 265 5183 465 507 907
2485 3530 2685 3730 337 737
590 1947 790 2147 360 760
2449 3349 2649 3549 489 889
3411 2707 3611 2907 386 786
1642 3371 1842 3571 451 851
2190 3763 2390 3963 400 800
1319 2493 1519 2693 373 773
5550 1300 5750 1500 380 780
4080 3651 4280 3851 512 912
4833 1554 5033 1754 503 903
1987 1017 2187 1217 376 776
4045 2858 4245 3058 438 838
3691 3345 3891 3545 473 873
4151 2190 4351 2390 451 851
410 2190 610 2390 347 747
3170 575 3370 775 410 810
3037 852 3237 1052 444 844
439 3181 639 3381 448 848
1975 161 2175 361 453 853
1123 2887 1323 3087 502 902
4441 3429 4641 3629 446 846
1205 2075 1405 2275 498 898
64 3550 264 3750 357 757
4947 1885 5147 2085 429 829
2394 2196 2594 2396 341 741
1212 1961 1412 2161 366 766
3095 1539 3295 1739 384 784
4886 546 5086 746 480 880
1930 3401 2130 3601 491 891
914 2723 1114 2923 470 870
954 1840 1154 2040 412 812
4685 481 4885 681 493 893
1189 592 1389 792 391 791
4347 3254 4547 3454 431 831
421 1302 621 1502 490 890
2411 1907 2611 2107 509 909
1149 3502 1349 3702 371 771
3596 238 3796 438 477 877
3867 3288 4067 3488 513 913
401 360 601 560 489 889
3749 611 3949 811 386 786
4464 518 4664 718 434 834
1026 2938 1226 3138 379 779
2616 1344 2816 1544 353 753
2102 1729 2302 1929 480 880
5537 210 5737 410 415 815
4732 426 4932 626 408 808
2801 1697 3001 1897 398 798
31 3404 231 3604 492 892
4038 1168 4238 1368 456 856
4587 1679 4787 1879 460 860
555 3032 755 3232 439 839
4277 2764 4477 2964 375 775
4536 623 4736 823 473 873
637 25 837 225 468 868
616 1636 816 1836 371 771
5609 2877 5809 3077 380 780
1638 3017 1838 3217 378 778
5021 1071 5221 1271 500 900
615 3502 815 3702 377 777
615 100 815 300 497 897
334 3368 534 3568 403 803
4307 2386 4507 2586 436 836
2515 1546 2715 1746 474 874
4796 1094 4996 1294 434 834
365 3071 565 3271 478 878
2840 1043 3040 1243 423 823
2011 2314 2211 2514 482 882
1552 1051 1752 1251 439 839
5176 2811 5376 3011 480 880
2004 1884 2204 2084 397 797
1350 2682 1550 2882 426 826
2114 1184 2314 1384 483 883
5169 1067 5369 1267 436 836
1775 665 1975 865 483 883
5315 178 5515 378 413 813
4403 1346 4603 1546 481 881
3620 794 3820 994 412 812
202 1751 402 1951 438 838
5461 2289 5661 2489 367 767
719 566 919 766 496 896
1923 533 2123 733 425 825
3834 2951 4034 3151 425 825
5165 2243 5365 2443 371 771
4659 1303 4859 1503 398 798
2953 1687 3153 1887 464 864
587 2762 787 2962 427 827
3170 3603 3370 3803 507 907
983 1158 1183 1358 400 800
4688 1830 4888 2030 441 841
3618 1520 3818 1720 495 895
4029 327 4229 527 372 772
539 1620 739 1820 495 895
3095 183 3295 383 425 825
2931 624 3131 824 484 884
4615 975 4815 1175 421 821
2949 1298 3149 1498 375 775
619 3375 819 3575 434 834
5355 2712 5555 2912 397 797
1634 1097 1834 1297 361 761
424 2874 624 3074 483 883
3503 2323 3703 2523 464 864
1015 3659 1215 3859 398 798
639 1995 839 2195 431 831
1904 668 2104 868 489 889
943 1875 1143 2075 360 760
2995 1253 3195 1453 478 878
1107 2418 1307 2618 456 856
4615 1626 4815 1826 373 773
2363 2897 2563 3097 508 908
5378 2449 5578 2649 364 764
3173 850 3373 1050 461 861
3084 2432 3284 2632 352 752
3380 2546 3580 2746 485 885
3585 2695 3785 2895 365 765
2565 1121 2765 1321 413 813
3349 303 3549 503 401 801
731 3004 931 3204 424 824
3599 3694 3799 3894 479 879
1501 523 1701 723 449 849
4920 1391 5120 1591 446 846
323 1749 523 1949 448 848
3174 1922 3374 2122 497 897
2653 2001 2853 2201 397 797
1855 3698 2055 3898 418 818
3636 3099 3836 3299 353 753
1253 1916 1453 2116 463 863
3296 2241 3496 2441 441 841
4744 585 4944 785 379 779
5158 452 5358 652 343 743
609 3680 809 3880 360 760
2726 3269 2926 3469 399 799
3579 3075 3779 3275 415 815
4259 686 4459 886 469 869
5255 3430 5455 3630 481 881
2752 1310 2952 1510 430 830
3412 796 3612 996 340 740
4512 77 4712 277 356 756
1366 834 1566 1034 419 819
4231 3162 4431 3362 393 793
4112 1616 4312 1816 449 849
823 3186 1023 3386 446 846
3025 1912 3225 2112 500 900
2446 965 2646 1165 452 852
2618 2892 2818 3092 456 856
1258 3578 1458 3778 358 758
1082 1081 1282 1281 415 815
5213 1037 5413 1237 338 738
3176 1910 3376 2110 395 795
4135 3595 4335 3795 377 777
4027 2812 4227 3012 402 802
1902 2485 2102 2685 398 798
3726 3624 3926 3824 480 880
1543 2818 1743 3018 454 854
3418 3601 3618 3801 385 785
77 2068 277 2268 353 753
645 2849 845 3049 376 776
736 260 936 460 407 807
3569 1872 3769 2072 377 777
2682 2201 2882 2401 506 906
3083 1698 3283 1898 453 853
5379 242 5579 442 418 818
940 2635 1140 2835 469 869
4549 1287 4749 1487 506 906
3620 3009 3820 3209 484 884
3256 2837 3456 3037 371 771
491 2873 691 3073 441 841
4532 852 4732 1052 352 752
2814 3714 3014 3914 468 868
2270 891 2470 1091 352 752
1490 1615 1690 1815 415 815
4587 2962 4787 3162 419 819
1101 517 1301 717 474 874
5112 3794 5312 3994 388 788
2295 2354 2495 2554 454 854
835 2153 1035 2353 445 845
1912 1437 2112 1637 382 782
969 2817 1169 3017 339 739
3143 1998 3343 2198 500 900
329 1684 529 1884 390 790
2378 2406 2578 2606 405 805
1809 907 2009 1107 437 837
599 1203 799 1403 367 767
2399 3117 2599 3317 345 745
3035 3397 3235 3597 482 882
284 3373 484 3573 480 880
5505 3582 5705 3782 354 754
2268 2335 2468 2535 495 895
2668 2160 2868 2360 454 854
4481 1922 4681 2122 441 841
4899 2291 5099 2491 451 851
1138 2694 1338 2894 427 827
4293 1104 4493 1304 460 860
3946 156 4146 356 503 903
4572 398 4772 598 369 769
4225 1777 4425 1977 389 789
292 2590 492 2790 417 817
4700 378 4900 578 384 784
4980 2858 5180 3058 491 891
3872 2340 4072 2540 511 911
3646 1246 3846 1446 462 862
76 2723 276 2923 428 828
3389 600 3589 800 491 891
3404 727 3604 927 438 838
5234 2357 5434 2557 493 893
5381 2513 5581 2713 423 823
4832 1078 5032 1278 340 740
5348 1021 5548 1221 470 870
2256 1358 2456 1558 466 866
4190 3347 4390 3547 490 890
349 1811 549 2011 419 819
4164 3748 4364 3948 498 898
599 933 799 1133 487 887
1533 1432 1733 1632 406 806
