100
229 3837 329 3937 491 591
3334 3289 3434 3389 491 591
5400 3229 5500 3329 491 591
3732 3096 3832 3196 491 591
705 950 805 1050 491 591
2532 2918 2632 3018 491 591
4015 2864 4115 2964 491 591
4836 1383 4936 1483 491 591
1235 660 1335 760 491 591
1410 508 1510 608 491 591
1919 3856 2019 3956 491 591
3630 916 3730 1016 491 591
2001 2595 2101 2695 491 591
2708 206 2808 306 491 591
3789 2018 3889 2118 491 591
3677 2096 3777 2196 491 591
4152 3314 4252 3414 491 591
5526 1866 5626 1966 491 591
3498 1450 3598 1550 491 591
2566 4 2666 104 491 591
3058 421 3158 521 491 591
3533 1492 3633 1592 491 591
3659 1066 3759 1166 491 591
1914 1621 2014 1721 491 591
632 212 732 312 491 591
3229 2088 3329 2188 491 591
4524 3074 4624 3174 491 591
2308 2966 2408 3066 491 591
110 3081 210 3181 491 591
0 2068 100 2168 491 591
112 1685 212 1785 491 591
2730 500 2830 600 491 591
865 343 965 443 491 591
3441 1087 3541 1187 491 591
846 775 946 875 491 591
3378 1540 3478 1640 491 591
729 2609 829 2709 491 591
601 1828 701 1928 491 591
4906 3254 5006 3354 491 591
4094 95 4194 195 491 591
652 2926 752 3026 491 591
2348 2230 2448 2330 491 591
3254 2535 3354 2635 491 591
1325 1215 1425 1315 491 591
5038 1815 5138 1915 491 591
2077 261 2177 361 491 591
367 2141 467 2241 491 591
5334 1945 5434 2045 491 591
2135 1722 2235 1822 491 591
407 1624 507 1724 491 591
4407 2719 4507 2819 491 591
2250 1041 2350 1141 491 591
5510 3543 5610 3643 491 591
4890 3697 4990 3797 491 591
179 3666 279 3766 491 591
4472 3711 4572 3811 491 591
5379 3322 5479 3422 491 591
1372 2138 1472 2238 491 591
1101 3335 1201 3435 491 591
1070 1019 1170 1119 491 591
4576 1330 4676 1430 491 591
1468 2097 1568 2197 491 591
2766 636 2866 736 491 591
1541 650 1641 750 491 591
4648 3017 4748 3117 491 591
2695 2203 2795 2303 491 591
1099 133 1199 233 491 591
3816 1857 3916 1957 491 591
2609 3462 2709 3562 491 591
355 1267 455 1367 491 591
1573 139 1673 239 491 591
5278 3266 5378 3366 491 591
1825 464 1925 564 491 591
5211 2765 5311 2865 491 591
4160 798 4260 898 491 591
4431 3645 4531 3745 491 591
4793 3659 4893 3759 491 591
3856 293 3956 393 491 591
1772 1826 1872 1926 491 591
1532 1348 1632 1448 491 591
2711 3061 2811 3161 491 591
5100 125 5200 225 491 591
3986 242 4086 342 491 591
5232 1564 5332 1664 491 591
1505 3479 1605 3579 491 591
5302 378 5402 478 491 591
39 2504 139 2604 491 591
209 527 309 627 491 591
8 3742 108 3842 491 591
5343 1463 5443 1563 491 591
772 1771 872 1871 491 591
2528 114 2628 214 491 591
4745 1643 4845 1743 491 591
2195 1767 2295 1867 491 591
1406 3847 1506 3947 491 591
2563 512 2663 612 491 591
2768 112 2868 212 491 591
2739 3548 2839 3648 491 591
463 1215 563 1315 491 591
3526 1406 3626 1506 491 591
