1000
3174 506 3224 556 633 833
632 1018 682 1068 625 825
1680 3391 1730 3441 399 599
5481 3514 5531 3564 572 772
5578 3422 5628 3472 582 782
4227 121 4277 171 696 896
5515 3436 5565 3486 567 767
3914 2874 3964 2924 523 723
5394 2363 5444 2413 635 835
742 2657 792 2707 413 613
3971 1814 4021 1864 354 554
1070 4 1120 54 477 677
2457 2667 2507 2717 645 845
477 2542 527 2592 634 834
4846 1157 4896 1207 616 816
2322 152 2372 202 386 586
321 570 371 620 513 713
3304 920 3354 970 646 846
4969 978 5019 1028 360 560
4645 25 4695 75 515 715
5059 3832 5109 3882 642 842
1166 3280 1216 3330 416 616
5468 933 5518 983 407 607
338 2068 388 2118 394 594
2183 461 2233 511 596 796
5057 3496 5107 3546 600 800
4969 2788 5019 2838 440 640
1336 2979 1386 3029 517 717
2905 907 2955 957 598 798
1614 1994 1664 2044 649 849
4687 2596 4737 2646 391 591
3717 3220 3767 3270 498 698
663 363 713 413 467 667
1669 1367 1719 1417 701 901
634 708 684 758 341 541
482 2376 532 2426 688 888
5440 1403 5490 1453 632 832
3651 1795 3701 1845 705 905
4820 1906 4870 1956 414 614
104 3529 154 3579 700 900
1828 1989 1878 2039 547 747
1054 1913 1104 1963 687 887
179 3305 229 3355 545 745
3472 361 3522 411 695 895
3808 712 3858 762 378 578
2052 3239 2102 3289 515 715
1854 761 1904 811 476 676
2208 1183 2258 1233 703 903
5091 904 5141 954 450 650
3891 903 3941 953 382 582
4579 1774 4629 1824 338 538
3769 2260 3819 2310 549 749
1302 1690 1352 1740 340 540
2644 998 2694 1048 572 772
1017 1683 1067 1733 474 674
4395 3638 4445 3688 682 882
4926 2456 4976 2506 668 868
1789 1496 1839 1546 535 735
783 2028 833 2078 427 627
350 1579 400 1629 605 805
5241 1574 5291 1624 590 790
4097 3472 4147 3522 436 636
5099 2590 5149 2640 681 881
3119 3242 3169 3292 665 865
5617 2846 5667 2896 374 574
318 970 368 1020 531 731
3750 3943 3800 3993 355 555
5307 1314 5357 1364 444 644
1524 2212 1574 2262 413 613
1683 1210 1733 1260 339 539
99 130 149 180 547 747
4389 2099 4439 2149 458 658
1373 3372 1423 3422 458 658
4138 3303 4188 3353 682 882
3247 2822 3297 2872 697 897
5646 934 5696 984 619 819
4459 1447 4509 1497 515 715
3351 33 3401 83 523 723
4529 2396 4579 2446 633 833
2831 3782 2881 3832 581 781
5285 2280 5335 2330 412 612
423 2477 473 2527 430 630
943 2683 993 2733 470 670
2356 3450 2406 3500 535 735
188 1826 238 1876 483 683
5713 2875 5763 2925 377 577
161 2335 211 2385 562 762
1851 1523 1901 1573 541 741
2317 2504 2367 2554 549 749
1015 2788 1065 2838 641 841
2759 571 2809 621 707 907
1208 810 1258 860 587 787
4923 2457 4973 2507 343 543
1630 200 1680 250 661 861
4703 1232 4753 1282 396 596
5523 3311 5573 3361 681 881
5735 74 5785 124 579 779
3298 2797 3348 2847 447 647
865 3754 915 3804 393 593
1288 2344 1338 2394 419 619
3596 2021 3646 2071 565 765
4751 102 4801 152 627 827
5162 1499 5212 1549 689 889
1737 1113 1787 1163 495 695
1751 2816 1801 2866 353 553
3989 959 4039 1009 661 861
5651 3240 5701 3290 421 621
942 391 992 441 641 841
2141 2592 2191 2642 337 537
3522 954 3572 1004 524 724
5264 3212 5314 3262 690 890
3722 3742 3772 3792 535 735
1131 3885 1181 3935 453 653
1086 3511 1136 3561 616 816
4618 982 4668 1032 355 555
332 2074 382 2124 646 846
5523 2330 5573 2380 699 899
1653 2947 1703 2997 364 564
828 2066 878 2116 560 760
900 1053 950 1103 370 570
4694 3266 4744 3316 438 638
251 805 301 855 379 579
3498 2381 3548 2431 406 606
1984 1980 2034 2030 527 727
3130 2616 3180 2666 650 850
3195 2139 3245 2189 459 659
3238 2723 3288 2773 638 838
1875 1628 1925 1678 712 912
1077 515 1127 565 340 540
1711 3138 1761 3188 672 872
2410 3940 2460 3990 697 897
2307 421 2357 471 605 805
362 1156 412 1206 651 851
4875 1986 4925 2036 396 596
1537 643 1587 693 413 613
1026 3893 1076 3943 340 540
2869 275 2919 325 429 629
5597 931 5647 981 423 623
4363 1164 4413 1214 626 826
1306 183 1356 233 589 789
4414 2894 4464 2944 497 697
251 87 301 137 365 565
4120 2837 4170 2887 657 857
5572 3747 5622 3797 431 631
4365 1238 4415 1288 685 885
3790 3625 3840 3675 645 845
5507 1699 5557 1749 583 783
2130 34 2180 84 523 723
5568 2714 5618 2764 490 690
5066 3334 5116 3384 709 909
1524 2380 1574 2430 422 622
4102 3686 4152 3736 447 647
1468 2968 1518 3018 486 686
1584 3746 1634 3796 498 698
5108 2342 5158 2392 709 909
3588 1373 3638 1423 642 842
220 3546 270 3596 419 619
2705 2546 2755 2596 683 883
9 0 59 50 677 877
1656 3757 1706 3807 368 568
910 1151 960 1201 468 668
3320 74 3370 124 510 710
2263 3760 2313 3810 459 659
2567 1513 2617 1563 519 719
1989 3220 2039 3270 371 571
739 486 789 536 470 670
4308 2292 4358 2342 441 641
5309 3256 5359 3306 339 539
895 358 945 408 628 828
3874 2096 3924 2146 429 629
1316 1320 1366 1370 371 571
3428 354 3478 404 541 741
3341 2667 3391 2717 626 826
5177 2627 5227 2677 571 771
1599 597 1649 647 395 595
2762 61 2812 111 520 720
4012 692 4062 742 390 590
5065 808 5115 858 628 828
935 2687 985 2737 666 866
1652 2848 1702 2898 658 858
702 2918 752 2968 561 761
4072 1896 4122 1946 499 699
2955 3468 3005 3518 508 708
3284 1561 3334 1611 398 598
852 492 902 542 632 832
5232 1465 5282 1515 451 651
2638 2471 2688 2521 538 738
3547 1399 3597 1449 598 798
4871 794 4921 844 563 763
3967 656 4017 706 396 596
2491 223 2541 273 468 668
2679 646 2729 696 534 734
5199 1431 5249 1481 352 552
731 1248 781 1298 386 586
3425 2750 3475 2800 441 641
2361 116 2411 166 513 713
4071 1734 4121 1784 700 900
4416 1426 4466 1476 690 890
4243 1879 4293 1929 450 650
1791 2881 1841 2931 648 848
2263 2579 2313 2629 586 786
4320 1724 4370 1774 600 800
5599 669 5649 719 593 793
3652 2082 3702 2132 402 602
1001 3501 1051 3551 638 838
1899 2141 1949 2191 569 769
5128 877 5178 927 415 615
3118 970 3168 1020 533 733
933 2658 983 2708 385 585
2647 3539 2697 3589 339 539
5447 3649 5497 3699 605 805
4244 817 4294 867 349 549
1784 891 1834 941 415 615
2349 2818 2399 2868 597 797
779 827 829 877 542 742
5043 2743 5093 2793 545 745
3002 2700 3052 2750 647 847
1757 1461 1807 1511 708 908
4855 994 4905 1044 577 777
5587 2094 5637 2144 443 643
801 897 851 947 366 566
3243 1009 3293 1059 439 639
5339 3644 5389 3694 484 684
2514 1195 2564 1245 478 678
1292 3380 1342 3430 471 671
632 527 682 577 493 693
4707 86 4757 136 380 580
2869 3791 2919 3841 422 622
2670 647 2720 697 595 795
2564 1003 2614 1053 599 799
5668 2652 5718 2702 707 907
4473 840 4523 890 416 616
163 674 213 724 365 565
2801 2823 2851 2873 396 596
3130 1466 3180 1516 538 738
3478 3486 3528 3536 678 878
3091 3124 3141 3174 709 909
2632 1256 2682 1306 708 908
2567 1665 2617 1715 385 585
3828 3628 3878 3678 578 778
1944 2213 1994 2263 462 662
3690 1070 3740 1120 342 542
401 3828 451 3878 570 770
4117 96 4167 146 398 598
5604 2836 5654 2886 499 699
4316 1593 4366 1643 665 865
831 3060 881 3110 690 890
1288 897 1338 947 508 708
327 517 377 567 453 653
4130 3483 4180 3533 389 589
4048 2281 4098 2331 347 547
5346 2896 5396 2946 395 595
2340 1250 2390 1300 597 797
2178 986 2228 1036 686 886
1584 3299 1634 3349 427 627
523 3668 573 3718 708 908
954 2051 1004 2101 516 716
468 1348 518 1398 612 812
5069 1967 5119 2017 364 564
2710 37 2760 87 675 875
4883 510 4933 560 711 911
4346 2089 4396 2139 430 630
2436 1093 2486 1143 665 865
1126 2148 1176 2198 615 815
3219 175 3269 225 377 577
262 591 312 641 455 655
198 2931 248 2981 438 638
327 1849 377 1899 659 859
627 2552 677 2602 360 560
3666 2184 3716 2234 683 883
4827 424 4877 474 700 900
2916 3436 2966 3486 536 736
298 437 348 487 537 737
511 2020 561 2070 596 796
554 378 604 428 360 560
1568 2868 1618 2918 368 568
5214 2612 5264 2662 571 771
2068 2101 2118 2151 532 732
2348 2232 2398 2282 458 658
3243 3524 3293 3574 393 593
4903 988 4953 1038 426 626
5585 856 5635 906 529 729
4846 1506 4896 1556 385 585
3697 235 3747 285 592 792
1664 1982 1714 2032 710 910
1656 1574 1706 1624 452 652
1544 3249 1594 3299 529 729
3608 587 3658 637 669 869
5662 2270 5712 2320 393 593
2522 2363 2572 2413 446 646
1361 903 1411 953 448 648
4408 2921 4458 2971 700 900
1291 1465 1341 1515 578 778
2047 2148 2097 2198 411 611
3337 3168 3387 3218 403 603
1264 180 1314 230 667 867
552 1676 602 1726 457 657
1401 3255 1451 3305 702 902
2809 1108 2859 1158 519 719
5405 2877 5455 2927 687 887
4410 1706 4460 1756 419 619
4651 1971 4701 2021 346 546
4581 343 4631 393 703 903
1843 2887 1893 2937 560 760
2741 908 2791 958 479 679
711 1547 761 1597 522 722
3112 3721 3162 3771 682 882
2249 2141 2299 2191 440 640
1518 1152 1568 1202 708 908
1939 3554 1989 3604 476 676
5428 1020 5478 1070 519 719
3980 731 4030 781 547 747
4507 732 4557 782 377 577
3410 1391 3460 1441 397 597
3060 2373 3110 2423 484 684
656 2280 706 2330 599 799
992 1546 1042 1596 517 717
5612 40 5662 90 357 557
5215 1161 5265 1211 413 613
4136 3798 4186 3848 366 566
434 705 484 755 665 865
3071 1258 3121 1308 629 829
1735 3287 1785 3337 621 821
5320 357 5370 407 507 707
1154 2517 1204 2567 663 863
174 514 224 564 438 638
509 1292 559 1342 466 666
56 3714 106 3764 527 727
4680 1426 4730 1476 534 734
5610 56 5660 106 707 907
5596 1345 5646 1395 605 805
4585 3047 4635 3097 650 850
110 2613 160 2663 475 675
1217 3770 1267 3820 446 646
5285 2071 5335 2121 674 874
820 1806 870 1856 622 822
1441 572 1491 622 438 638
1817 1521 1867 1571 393 593
5524 3413 5574 3463 701 901
5635 2310 5685 2360 491 691
5416 1767 5466 1817 693 893
524 3373 574 3423 359 559
3383 2770 3433 2820 379 579
4266 1261 4316 1311 417 617
792 3048 842 3098 532 732
485 3173 535 3223 421 621
5328 2778 5378 2828 420 620
3404 26 3454 76 674 874
4789 1723 4839 1773 410 610
3116 1695 3166 1745 460 660
1195 2604 1245 2654 476 676
3923 634 3973 684 409 609
2791 1563 2841 1613 514 714
3997 3022 4047 3072 359 559
1280 1984 1330 2034 416 616
258 968 308 1018 671 871
1105 3868 1155 3918 399 599
3004 125 3054 175 519 719
220 784 270 834 393 593
1896 2753 1946 2803 633 833
2062 2705 2112 2755 404 604
3658 278 3708 328 350 550
1016 3040 1066 3090 408 608
4500 44 4550 94 339 539
2419 149 2469 199 519 719
4522 906 4572 956 605 805
48 3553 98 3603 430 630
2020 1328 2070 1378 509 709
674 2518 724 2568 448 648
4670 3203 4720 3253 648 848
2272 603 2322 653 397 597
4687 1005 4737 1055 503 703
5321 3263 5371 3313 574 774
440 2245 490 2295 580 780
100 2025 150 2075 599 799
2441 1701 2491 1751 414 614
3484 494 3534 544 484 684
2767 46 2817 96 480 680
1039 1520 1089 1570 702 902
5745 981 5795 1031 468 668
1301 695 1351 745 583 783
4948 2126 4998 2176 469 669
3237 3097 3287 3147 539 739
2095 81 2145 131 592 792
2382 3433 2432 3483 615 815
4052 3855 4102 3905 685 885
245 1744 295 1794 347 547
3647 401 3697 451 454 654
5682 3902 5732 3952 699 899
3916 608 3966 658 385 585
1571 1176 1621 1226 525 725
5175 3789 5225 3839 433 633
5476 256 5526 306 499 699
353 1519 403 1569 379 579
1908 3672 1958 3722 490 690
978 2343 1028 2393 563 763
2084 2391 2134 2441 453 653
3949 36 3999 86 704 904
4129 3369 4179 3419 622 822
5108 3057 5158 3107 394 594
5766 2303 5816 2353 597 797
3910 2278 3960 2328 610 810
1575 2281 1625 2331 525 725
5409 2762 5459 2812 581 781
4270 1448 4320 1498 679 879
1396 2607 1446 2657 632 832
554 1176 604 1226 517 717
3903 464 3953 514 480 680
2628 515 2678 565 592 792
2231 2282 2281 2332 464 664
3995 2794 4045 2844 566 766
2103 1608 2153 1658 429 629
1504 1421 1554 1471 525 725
5434 808 5484 858 679 879
4406 3234 4456 3284 356 556
3941 278 3991 328 550 750
3626 3697 3676 3747 479 679
1052 3384 1102 3434 530 730
5659 2552 5709 2602 370 570
5755 1721 5805 1771 398 598
2602 363 2652 413 550 750
2237 221 2287 271 712 912
5369 3948 5419 3998 492 692
4567 3898 4617 3948 504 704
4647 1022 4697 1072 339 539
400 2942 450 2992 563 763
3059 2962 3109 3012 538 738
5780 91 5830 141 454 654
2742 1130 2792 1180 605 805
5191 977 5241 1027 559 759
5327 2690 5377 2740 677 877
1798 669 1848 719 501 701
4305 5 4355 55 607 807
2843 167 2893 217 468 668
166 2779 216 2829 629 829
1872 1387 1922 1437 680 880
2239 2549 2289 2599 539 739
494 2922 544 2972 386 586
5006 2969 5056 3019 668 868
5492 2637 5542 2687 508 708
5512 257 5562 307 375 575
1943 2005 1993 2055 534 734
26 1018 76 1068 627 827
5245 3238 5295 3288 502 702
1680 1002 1730 1052 466 666
5321 926 5371 976 573 773
4061 2719 4111 2769 624 824
4665 2746 4715 2796 345 545
2393 3821 2443 3871 345 545
2904 594 2954 644 620 820
372 1552 422 1602 403 603
536 3674 586 3724 358 558
1169 2663 1219 2713 372 572
4987 1898 5037 1948 601 801
510 1327 560 1377 494 694
1313 833 1363 883 395 595
2006 2789 2056 2839 454 654
5648 2825 5698 2875 497 697
3782 3276 3832 3326 677 877
479 1891 529 1941 472 672
928 3028 978 3078 444 644
3340 339 3390 389 594 794
3720 2962 3770 3012 672 872
584 3002 634 3052 570 770
1239 3439 1289 3489 384 584
4523 3671 4573 3721 368 568
726 564 776 614 489 689
3670 620 3720 670 535 735
5404 2241 5454 2291 557 757
5143 3875 5193 3925 470 670
2589 1395 2639 1445 410 610
599 1823 649 1873 378 578
1118 2075 1168 2125 570 770
5499 355 5549 405 448 648
3423 2716 3473 2766 630 830
2362 2827 2412 2877 378 578
1846 3859 1896 3909 381 581
145 1766 195 1816 475 675
598 1540 648 1590 630 830
5598 236 5648 286 479 679
5139 1263 5189 1313 645 845
922 2791 972 2841 404 604
2411 22 2461 72 530 730
3658 3523 3708 3573 646 846
5185 3339 5235 3389 639 839
384 797 434 847 591 791
2152 3494 2202 3544 599 799
5376 1798 5426 1848 365 565
4122 3053 4172 3103 389 589
3501 1497 3551 1547 635 835
1336 3541 1386 3591 447 647
5675 3172 5725 3222 648 848
1158 731 1208 781 706 906
3086 3130 3136 3180 616 816
4927 950 4977 1000 499 699
802 1581 852 1631 441 641
2351 224 2401 274 434 634
3183 1963 3233 2013 558 758
5641 1761 5691 1811 670 870
2222 2996 2272 3046 576 776
5186 503 5236 553 448 648
4213 3012 4263 3062 698 898
5695 1061 5745 1111 576 776
3631 3489 3681 3539 656 856
3520 2751 3570 2801 635 835
341 1562 391 1612 466 666
3574 1612 3624 1662 494 694
3482 3947 3532 3997 422 622
3348 724 3398 774 693 893
5097 1386 5147 1436 468 668
1419 2787 1469 2837 607 807
1917 1671 1967 1721 664 864
3050 828 3100 878 670 870
3247 3094 3297 3144 515 715
377 708 427 758 398 598
2277 962 2327 1012 620 820
5352 132 5402 182 682 882
1499 1144 1549 1194 469 669
1884 2414 1934 2464 349 549
2185 1906 2235 1956 411 611
112 2257 162 2307 504 704
2792 1917 2842 1967 699 899
4320 109 4370 159 592 792
4525 1515 4575 1565 478 678
704 1362 754 1412 636 836
5385 31 5435 81 401 601
4651 3056 4701 3106 704 904
3990 2189 4040 2239 438 638
2121 2776 2171 2826 541 741
3359 2627 3409 2677 555 755
1480 218 1530 268 379 579
2997 3 3047 53 465 665
5007 475 5057 525 420 620
1621 2126 1671 2176 445 645
2263 3924 2313 3974 484 684
3334 720 3384 770 384 584
5176 838 5226 888 652 852
4245 2510 4295 2560 350 550
4023 641 4073 691 584 784
2067 1046 2117 1096 579 779
820 3404 870 3454 429 629
3030 3170 3080 3220 404 604
3495 1445 3545 1495 417 617
2611 3008 2661 3058 389 589
4954 2483 5004 2533 534 734
5108 9 5158 59 425 625
2698 1068 2748 1118 383 583
3076 1841 3126 1891 376 576
1950 2903 2000 2953 461 661
1204 2148 1254 2198 687 887
369 2052 419 2102 339 539
4021 3733 4071 3783 676 876
234 1207 284 1257 554 754
2255 1916 2305 1966 605 805
3028 2856 3078 2906 520 720
3257 869 3307 919 597 797
1211 3887 1261 3937 525 725
213 2546 263 2596 632 832
4254 2984 4304 3034 644 844
3873 2890 3923 2940 689 889
2430 938 2480 988 610 810
3215 1299 3265 1349 485 685
4760 3406 4810 3456 709 909
4956 3784 5006 3834 685 885
4096 608 4146 658 447 647
4443 615 4493 665 558 758
2214 575 2264 625 576 776
3912 757 3962 807 513 713
5336 3102 5386 3152 649 849
4718 919 4768 969 551 751
4126 2017 4176 2067 349 549
4380 1900 4430 1950 586 786
65 3169 115 3219 539 739
4931 2748 4981 2798 591 791
5544 3646 5594 3696 491 691
5530 3826 5580 3876 362 562
4207 3299 4257 3349 670 870
1619 2563 1669 2613 366 566
844 78 894 128 511 711
2504 1560 2554 1610 510 710
2013 688 2063 738 641 841
4204 650 4254 700 566 766
191 3474 241 3524 549 749
1788 2463 1838 2513 469 669
4134 104 4184 154 594 794
3137 1497 3187 1547 656 856
729 178 779 228 613 813
2585 35 2635 85 578 778
1799 2475 1849 2525 470 670
2625 3150 2675 3200 596 796
3147 430 3197 480 554 754
3140 2586 3190 2636 507 707
1355 3585 1405 3635 337 537
1227 2313 1277 2363 681 881
592 2553 642 2603 379 579
3548 3775 3598 3825 711 911
301 2645 351 2695 351 551
4648 3119 4698 3169 634 834
3128 1435 3178 1485 567 767
5541 1264 5591 1314 500 700
5023 2388 5073 2438 610 810
5702 3442 5752 3492 495 695
4839 1807 4889 1857 441 641
1173 82 1223 132 615 815
5426 446 5476 496 479 679
4443 2026 4493 2076 602 802
2427 1315 2477 1365 632 832
4911 3856 4961 3906 452 652
5070 1497 5120 1547 468 668
2421 1080 2471 1130 477 677
2122 3597 2172 3647 616 816
2205 1264 2255 1314 397 597
3737 3203 3787 3253 428 628
5583 3848 5633 3898 506 706
2413 1711 2463 1761 424 624
2825 3662 2875 3712 402 602
1029 3864 1079 3914 384 584
4027 2496 4077 2546 570 770
4151 2406 4201 2456 449 649
1871 2687 1921 2737 529 729
4278 1969 4328 2019 657 857
4264 682 4314 732 672 872
2314 843 2364 893 368 568
5575 2657 5625 2707 462 662
5019 3915 5069 3965 470 670
5702 2652 5752 2702 471 671
4055 2642 4105 2692 463 663
1706 872 1756 922 423 623
648 1600 698 1650 611 811
872 1741 922 1791 503 703
3939 1420 3989 1470 639 839
153 783 203 833 538 738
5471 1565 5521 1615 661 861
241 2191 291 2241 396 596
4336 2174 4386 2224 360 560
4483 823 4533 873 658 858
5124 732 5174 782 499 699
1570 2649 1620 2699 481 681
4521 1959 4571 2009 343 543
1676 160 1726 210 592 792
5709 2282 5759 2332 579 779
44 2884 94 2934 583 783
5584 415 5634 465 626 826
250 324 300 374 387 587
1207 3644 1257 3694 447 647
3751 2479 3801 2529 444 644
4915 1060 4965 1110 479 679
4403 3250 4453 3300 562 762
450 2505 500 2555 514 714
1671 663 1721 713 445 645
4148 980 4198 1030 512 712
576 335 626 385 658 858
1010 2792 1060 2842 463 663
5111 1294 5161 1344 675 875
1081 3016 1131 3066 666 866
1056 2835 1106 2885 532 732
2294 590 2344 640 443 643
4386 1166 4436 1216 490 690
3248 2054 3298 2104 345 545
2665 903 2715 953 660 860
4835 1699 4885 1749 469 669
5254 3049 5304 3099 416 616
938 1217 988 1267 702 902
496 580 546 630 521 721
2841 3900 2891 3950 574 774
2056 360 2106 410 581 781
5761 3205 5811 3255 377 577
1706 746 1756 796 574 774
1718 2964 1768 3014 563 763
62 3918 112 3968 690 890
1551 2630 1601 2680 419 619
1641 1381 1691 1431 711 911
4838 3057 4888 3107 339 539
3819 2983 3869 3033 688 888
4625 2052 4675 2102 603 803
1346 2772 1396 2822 644 844
3523 288 3573 338 432 632
3163 2993 3213 3043 558 758
3342 1716 3392 1766 421 621
4510 2344 4560 2394 538 738
1220 2159 1270 2209 602 802
3412 1002 3462 1052 450 650
80 3159 130 3209 706 906
2488 2953 2538 3003 438 638
4167 2245 4217 2295 628 828
4871 2346 4921 2396 511 711
5655 3278 5705 3328 660 860
1695 3924 1745 3974 390 590
4497 2068 4547 2118 535 735
4399 3146 4449 3196 348 548
4066 3542 4116 3592 531 731
5681 1003 5731 1053 387 587
4242 2531 4292 2581 373 573
5152 303 5202 353 514 714
3116 3938 3166 3988 544 744
4112 3778 4162 3828 700 900
1270 752 1320 802 471 671
3486 2017 3536 2067 616 816
886 3798 936 3848 653 853
2306 1158 2356 1208 396 596
5153 1397 5203 1447 499 699
724 3195 774 3245 669 869
4052 600 4102 650 563 763
5256 2864 5306 2914 485 685
4176 1686 4226 1736 411 611
972 2501 1022 2551 570 770
127 178 177 228 477 677
701 1769 751 1819 643 843
3203 2936 3253 2986 460 660
719 874 769 924 427 627
3550 741 3600 791 634 834
9 1883 59 1933 592 792
5089 3026 5139 3076 416 616
1497 1134 1547 1184 436 636
4632 1405 4682 1455 378 578
3097 2702 3147 2752 457 657
3090 2852 3140 2902 546 746
1822 1750 1872 1800 517 717
2315 1615 2365 1665 424 624
1948 1702 1998 1752 390 590
5120 69 5170 119 501 701
4316 257 4366 307 463 663
2562 3270 2612 3320 703 903
4100 2599 4150 2649 503 703
2501 2499 2551 2549 380 580
5345 2388 5395 2438 506 706
3834 2663 3884 2713 525 725
567 2937 617 2987 462 662
2166 709 2216 759 707 907
5054 344 5104 394 673 873
4419 1864 4469 1914 495 695
5414 2145 5464 2195 600 800
1645 432 1695 482 641 841
2955 1276 3005 1326 393 593
1691 3023 1741 3073 381 581
2030 3407 2080 3457 681 881
2290 3791 2340 3841 659 859
2597 1541 2647 1591 568 768
2327 670 2377 720 603 803
4683 732 4733 782 546 746
3265 2601 3315 2651 413 613
297 1929 347 1979 539 739
2906 1168 2956 1218 691 891
618 2775 668 2825 608 808
3375 3365 3425 3415 353 553
1574 391 1624 441 646 846
4103 3321 4153 3371 514 714
1142 341 1192 391 506 706
306 3346 356 3396 390 590
5237 3238 5287 3288 628 828
2321 12 2371 62 447 647
5122 2208 5172 2258 460 660
5049 1612 5099 1662 647 847
2008 1494 2058 1544 692 892
1428 3316 1478 3366 689 889
19 1674 69 1724 606 806
472 3478 522 3528 649 849
3485 1782 3535 1832 594 794
1179 91 1229 141 528 728
184 2498 234 2548 444 644
5555 1444 5605 1494 643 843
3011 1606 3061 1656 490 690
3756 2317 3806 2367 664 864
3644 2871 3694 2921 639 839
4304 23 4354 73 436 636
1636 1887 1686 1937 512 712
4789 2259 4839 2309 346 546
1816 981 1866 1031 713 913
2433 163 2483 213 675 875
522 2720 572 2770 424 624
767 2619 817 2669 547 747
642 1325 692 1375 366 566
4907 198 4957 248 424 624
4886 1545 4936 1595 697 897
1198 2482 1248 2532 630 830
355 2994 405 3044 616 816
3932 2333 3982 2383 549 749
3122 439 3172 489 606 806
3532 466 3582 516 581 781
1004 1809 1054 1859 488 688
3914 3757 3964 3807 583 783
2999 1232 3049 1282 673 873
3383 963 3433 1013 392 592
2997 3424 3047 3474 466 666
3848 2778 3898 2828 458 658
1575 2339 1625 2389 683 883
1988 2645 2038 2695 657 857
2906 3223 2956 3273 692 892
4676 1335 4726 1385 631 831
4496 1024 4546 1074 628 828
3879 267 3929 317 340 540
1261 3890 1311 3940 486 686
5444 2217 5494 2267 466 666
2812 3759 2862 3809 533 733
1473 3485 1523 3535 612 812
5732 1989 5782 2039 389 589
4315 587 4365 637 379 579
2013 3784 2063 3834 590 790
5104 1846 5154 1896 646 846
4441 2270 4491 2320 506 706
5009 2686 5059 2736 562 762
458 2332 508 2382 344 544
3012 826 3062 876 599 799
3342 3457 3392 3507 659 859
1870 2728 1920 2778 508 708
5587 1123 5637 1173 365 565
5075 498 5125 548 510 710
4266 3754 4316 3804 364 564
492 3428 542 3478 535 735
422 3369 472 3419 552 752
5059 866 5109 916 491 691
5410 245 5460 295 636 836
1819 1600 1869 1650 495 695
4788 1943 4838 1993 500 700
4405 3561 4455 3611 367 567
1864 2467 1914 2517 520 720
69 432 119 482 587 787
5471 2345 5521 2395 513 713
3603 716 3653 766 616 816
2279 3074 2329 3124 400 600
1531 3110 1581 3160 532 732
3911 1092 3961 1142 640 840
2235 910 2285 960 494 694
3275 261 3325 311 528 728
5378 2335 5428 2385 596 796
247 2716 297 2766 561 761
2059 10 2109 60 438 638
2219 1000 2269 1050 609 809
88 2137 138 2187 574 774
2096 1318 2146 1368 604 804
5566 242 5616 292 492 692
3926 1028 3976 1078 426 626
2098 2055 2148 2105 378 578
3093 3582 3143 3632 682 882
1808 1164 1858 1214 494 694
2769 1479 2819 1529 700 900
3116 563 3166 613 539 739
5272 52 5322 102 524 724
4574 1992 4624 2042 645 845
4652 3048 4702 3098 384 584
4601 931 4651 981 635 835
3689 1029 3739 1079 495 695
209 3017 259 3067 530 730
1771 594 1821 644 558 758
253 3036 303 3086 704 904
1387 2052 1437 2102 586 786
3058 3491 3108 3541 424 624
5333 3833 5383 3883 393 593
2103 904 2153 954 671 871
107 3322 157 3372 406 606
2952 2308 3002 2358 378 578
5051 403 5101 453 406 606
3199 2083 3249 2133 452 652
957 924 1007 974 600 800
273 1139 323 1189 627 827
5200 543 5250 593 489 689
4402 1853 4452 1903 338 538
5729 1128 5779 1178 651 851
4284 2180 4334 2230 570 770
153 3196 203 3246 709 909
1225 1543 1275 1593 544 744
4620 845 4670 895 570 770
1356 2131 1406 2181 499 699
5113 2936 5163 2986 373 573
284 1754 334 1804 500 700
4723 3699 4773 3749 623 823
5154 1780 5204 1830 389 589
2039 511 2089 561 679 879
5114 3896 5164 3946 514 714
4234 1505 4284 1555 616 816
70 3718 120 3768 581 781
4341 3565 4391 3615 670 870
710 2075 760 2125 702 902
3621 1696 3671 1746 455 655
5075 2453 5125 2503 492 692
859 49 909 99 425 625
1290 3302 1340 3352 541 741
4962 3848 5012 3898 439 639
2971 1002 3021 1052 589 789
1886 2999 1936 3049 536 736
1812 1310 1862 1360 651 851
4376 2192 4426 2242 599 799
1719 1530 1769 1580 486 686
2831 838 2881 888 353 553
1552 1608 1602 1658 463 663
2619 3841 2669 3891 352 552
4114 749 4164 799 475 675
4648 2086 4698 2136 494 694
1506 3891 1556 3941 686 886
1625 1012 1675 1062 492 692
1178 27 1228 77 698 898
2717 1909 2767 1959 684 884
2417 740 2467 790 683 883
2961 2033 3011 2083 479 679
2344 3637 2394 3687 413 613
850 3353 900 3403 345 545
548 362 598 412 451 651
3457 393 3507 443 479 679
3170 8 3220 58 698 898
3475 2534 3525 2584 531 731
1488 1574 1538 1624 673 873
4399 3659 4449 3709 502 702
985 1070 1035 1120 389 589
4865 2646 4915 2696 662 862
962 2750 1012 2800 345 545
4604 2697 4654 2747 348 548
5070 2537 5120 2587 685 885
3650 1051 3700 1101 465 665
2652 3226 2702 3276 470 670
584 455 634 505 651 851
3795 3639 3845 3689 377 577
2516 2805 2566 2855 681 881
1123 145 1173 195 352 552
1335 3 1385 53 598 798
3329 3785 3379 3835 679 879
5522 1246 5572 1296 420 620
5224 3562 5274 3612 477 677
2086 3009 2136 3059 650 850
5220 1106 5270 1156 342 542
4551 1743 4601 1793 619 819
377 1982 427 2032 505 705
2803 143 2853 193 362 562
4291 3224 4341 3274 499 699
141 2925 191 2975 473 673
4896 1279 4946 1329 425 625
2199 1355 2249 1405 395 595
4482 1986 4532 2036 354 554
5177 152 5227 202 491 691
1948 3580 1998 3630 460 660
1104 3806 1154 3856 621 821
1654 3935 1704 3985 452 652
3761 1021 3811 1071 629 829
4706 2106 4756 2156 452 652
2819 3739 2869 3789 387 587
5620 666 5670 716 345 545
4299 2970 4349 3020 711 911
4787 927 4837 977 367 567
5038 1024 5088 1074 339 539
1583 361 1633 411 343 543
2866 1596 2916 1646 548 748
2353 664 2403 714 514 714
2512 1203 2562 1253 623 823
68 1500 118 1550 426 626
5072 1700 5122 1750 694 894
2813 1237 2863 1287 557 757
1084 514 1134 564 659 859
4081 3591 4131 3641 708 908
982 2176 1032 2226 429 629
1473 3230 1523 3280 550 750
1847 2770 1897 2820 662 862
5328 3108 5378 3158 672 872
3849 2275 3899 2325 370 570
1540 3227 1590 3277 498 698
37 1286 87 1336 503 703
3464 2190 3514 2240 482 682
1154 3836 1204 3886 488 688
2423 2492 2473 2542 540 740
172 143 222 193 657 857
2715 893 2765 943 616 816
1745 3233 1795 3283 466 666
1504 254 1554 304 528 728
4973 2088 5023 2138 503 703
4332 2422 4382 2472 646 846
2959 2793 3009 2843 695 895
2346 2422 2396 2472 700 900
2323 1405 2373 1455 669 869
71 2713 121 2763 563 763
376 2184 426 2234 448 648
5624 1411 5674 1461 593 793
1350 186 1400 236 701 901
677 107 727 157 532 732
3302 2405 3352 2455 640 840
157 3765 207 3815 521 721
2890 1167 2940 1217 678 878
3666 263 3716 313 641 841
3969 2858 4019 2908 666 866
421 3810 471 3860 625 825
1567 3897 1617 3947 475 675
2598 205 2648 255 685 885
3660 3297 3710 3347 337 537
809 1278 859 1328 473 673
5165 3451 5215 3501 675 875
549 806 599 856 562 762
4549 3334 4599 3384 634 834
1155 469 1205 519 342 542
2760 1734 2810 1784 510 710
4727 3631 4777 3681 498 698
3688 3565 3738 3615 511 711
2952 1108 3002 1158 454 654
3907 1675 3957 1725 607 807
3834 26 3884 76 345 545
2912 3750 2962 3800 578 778
4786 3082 4836 3132 680 880
3533 443 3583 493 584 784
786 1440 836 1490 648 848
2028 1162 2078 1212 409 609
3792 445 3842 495 612 812
357 1433 407 1483 692 892
3682 2359 3732 2409 421 621
691 114 741 164 698 898
