1000
1460 1116 1470 1126 395 795
1205 3017 1215 3027 374 774
1493 1834 1503 1844 350 750
1773 3474 1783 3484 509 909
410 1156 420 1166 480 880
3496 1102 3506 1112 494 894
5658 150 5668 160 500 900
3827 2837 3837 2847 423 823
4408 3395 4418 3405 447 847
1646 95 1656 105 503 903
2548 872 2558 882 432 832
2607 1148 2617 1158 460 860
4396 3584 4406 3594 416 816
3046 1857 3056 1867 338 738
210 1798 220 1808 370 770
4304 923 4314 933 500 900
995 1665 1005 1675 366 766
5432 810 5442 820 464 864
5021 1623 5031 1633 462 862
4481 2831 4491 2841 366 766
1693 2233 1703 2243 421 821
3657 420 3667 430 346 746
39 3378 49 3388 455 855
5451 119 5461 129 342 742
472 2473 482 2483 364 764
3903 2883 3913 2893 367 767
3829 2212 3839 2222 445 845
5472 1146 5482 1156 475 875
5786 2230 5796 2240 369 769
1331 1755 1341 1765 342 742
4232 823 4242 833 406 806
2135 551 2145 561 448 848
2078 1579 2088 1589 509 909
1250 1749 1260 1759 420 820
3577 544 3587 554 363 763
5166 736 5176 746 481 881
3682 1049 3692 1059 403 803
4785 3247 4795 3257 471 871
4318 573 4328 583 417 817
860 2025 870 2035 351 751
5568 1332 5578 1342 443 843
3496 1743 3506 1753 431 831
2462 3642 2472 3652 445 845
3182 2631 3192 2641 389 789
719 568 729 578 441 841
4796 3242 4806 3252 462 862
2224 455 2234 465 441 841
5037 2616 5047 2626 400 800
5478 1790 5488 1800 478 878
584 3593 594 3603 439 839
4349 496 4359 506 497 897
4652 1100 4662 1110 381 781
5150 3450 5160 3460 456 856
53 564 63 574 486 886
2170 543 2180 553 489 889
2464 1108 2474 1118 483 883
4216 1913 4226 1923 504 904
3895 2030 3905 2040 494 894
4823 229 4833 239 403 803
1123 3494 1133 3504 452 852
1488 2457 1498 2467 470 870
639 1933 649 1943 353 753
4390 2473 4400 2483 394 794
1008 3280 1018 3290 410 810
3404 1349 3414 1359 493 893
1342 363 1352 373 492 892
3669 1911 3679 1921 379 779
2405 3049 2415 3059 401 801
184 658 194 668 339 739
3476 1679 3486 1689 449 849
3007 1768 3017 1778 397 797
2818 1496 2828 1506 466 866
5782 2606 5792 2616 396 796
4851 757 4861 767 477 877
3207 1809 3217 1819 410 810
3098 725 3108 735 478 878
5642 749 5652 759 456 856
5079 1571 5089 1581 447 847
617 1818 627 1828 341 741
5716 3279 5726 3289 458 858
2844 3179 2854 3189 372 772
4334 3629 4344 3639 424 824
4703 124 4713 134 479 879
1743 1719 1753 1729 482 882
716 2610 726 2620 410 810
2262 964 2272 974 411 811
2394 265 2404 275 458 858
3799 3277 3809 3287 369 769
240 2436 250 2446 478 878
841 3575 851 3585 496 896
273 2206 283 2216 370 770
2175 24 2185 34 402 802
2885 1339 2895 1349 441 841
3113 2255 3123 2265 369 769
3245 2063 3255 2073 434 834
5156 2112 5166 2122 448 848
3736 3615 3746 3625 387 787
2653 1266 2663 1276 478 878
4314 2955 4324 2965 432 832
4601 1359 4611 1369 435 835
1159 534 1169 544 419 819
676 1485 686 1495 448 848
138 105 148 115 484 884
5327 612 5337 622 400 800
1451 1388 1461 1398 344 744
3379 2626 3389 2636 391 791
4075 1062 4085 1072 508 908
3352 2287 3362 2297 460 860
457 2266 467 2276 362 762
1839 2819 1849 2829 395 795
5232 2469 5242 2479 503 903
5498 406 5508 416 375 775
1141 2636 1151 2646 453 853
544 539 554 549 347 747
1771 2201 1781 2211 383 783
1235 1489 1245 1499 458 858
3350 1744 3360 1754 473 873
377 2467 387 2477 375 775
1948 2945 1958 2955 375 775
4621 3237 4631 3247 441 841
4937 3690 4947 3700 381 781
3167 3370 3177 3380 405 805
1488 3066 1498 3076 403 803
634 975 644 985 485 885
5248 2494 5258 2504 504 904
5383 2555 5393 2565 384 784
1895 1656 1905 1666 416 816
2200 3413 2210 3423 479 879
968 346 978 356 360 760
2515 1015 2525 1025 512 912
5611 1175 5621 1185 502 902
4963 2211 4973 2221 416 816
5548 2379 5558 2389 366 766
1051 2637 1061 2647 502 902
1103 3596 1113 3606 356 756
2852 2653 2862 2663 472 872
3846 59 3856 69 371 771
2331 866 2341 876 407 807
5337 993 5347 1003 352 752
1661 1094 1671 1104 409 809
2651 1609 2661 1619 459 859
4030 255 4040 265 501 901
3313 1429 3323 1439 395 795
3171 3777 3181 3787 438 838
2619 1469 2629 1479 460 860
2807 3075 2817 3085 338 738
3441 3716 3451 3726 367 767
1417 2760 1427 2770 505 905
5095 2674 5105 2684 445 845
2610 34 2620 44 398 798
2263 2068 2273 2078 473 873
5312 2108 5322 2118 364 764
1111 1147 1121 1157 492 892
660 2251 670 2261 394 794
2441 28 2451 38 402 802
2193 962 2203 972 507 907
3147 1242 3157 1252 398 798
5048 910 5058 920 343 743
4265 2616 4275 2626 482 882
3295 1101 3305 1111 491 891
3126 609 3136 619 361 761
2915 3928 2925 3938 438 838
265 2061 275 2071 453 853
2254 2228 2264 2238 429 829
422 1461 432 1471 364 764
3232 2594 3242 2604 453 853
1874 2675 1884 2685 477 877
2346 2614 2356 2624 472 872
2676 49 2686 59 337 737
2371 3193 2381 3203 439 839
941 1166 951 1176 498 898
4717 3560 4727 3570 457 857
2388 271 2398 281 488 888
4627 2326 4637 2336 471 871
2942 3141 2952 3151 504 904
5784 196 5794 206 364 764
2147 2169 2157 2179 404 804
4984 805 4994 815 479 879
370 2855 380 2865 405 805
759 2248 769 2258 469 869
5081 1395 5091 1405 380 780
1788 3979 1798 3989 455 855
2022 2511 2032 2521 363 763
4744 2982 4754 2992 445 845
4783 2038 4793 2048 403 803
4580 2935 4590 2945 483 883
2027 2645 2037 2655 502 902
271 2409 281 2419 344 744
679 2376 689 2386 372 772
1063 3548 1073 3558 383 783
1040 2273 1050 2283 352 752
3734 3150 3744 3160 478 878
400 512 410 522 338 738
4493 3639 4503 3649 402 802
5077 2786 5087 2796 410 810
1952 1028 1962 1038 395 795
503 3338 513 3348 475 875
452 3645 462 3655 431 831
5674 573 5684 583 406 806
3504 3767 3514 3777 398 798
3673 457 3683 467 338 738
4970 1405 4980 1415 389 789
451 3802 461 3812 494 894
4166 3929 4176 3939 458 858
4779 3349 4789 3359 415 815
5232 2826 5242 2836 359 759
5477 943 5487 953 495 895
3360 3097 3370 3107 366 766
185 2112 195 2122 469 869
3683 3219 3693 3229 345 745
5102 1537 5112 1547 480 880
3069 2452 3079 2462 392 792
3676 347 3686 357 379 779
2490 962 2500 972 464 864
2728 1673 2738 1683 409 809
1189 1380 1199 1390 457 857
304 3781 314 3791 400 800
4251 2776 4261 2786 409 809
3168 2389 3178 2399 489 889
5716 3381 5726 3391 500 900
2826 2934 2836 2944 492 892
3519 181 3529 191 479 879
5699 1411 5709 1421 427 827
5464 1619 5474 1629 343 743
1476 1217 1486 1227 467 867
2492 2228 2502 2238 349 749
4633 925 4643 935 400 800
2572 1411 2582 1421 410 810
4121 1812 4131 1822 471 871
1140 3466 1150 3476 477 877
5117 1394 5127 1404 493 893
3761 1659 3771 1669 346 746
2041 2438 2051 2448 444 844
4088 402 4098 412 417 817
257 1857 267 1867 387 787
3308 3021 3318 3031 435 835
2509 3492 2519 3502 404 804
5489 3452 5499 3462 456 856
1795 2006 1805 2016 442 842
1122 1266 1132 1276 502 902
3475 2076 3485 2086 468 868
2294 3595 2304 3605 483 883
2176 1908 2186 1918 429 829
968 1353 978 1363 352 752
1159 2893 1169 2903 379 779
5477 3447 5487 3457 413 813
1300 2782 1310 2792 397 797
593 3915 603 3925 399 799
5457 1642 5467 1652 494 894
1567 2343 1577 2353 481 881
472 3030 482 3040 350 750
694 271 704 281 426 826
4225 2229 4235 2239 505 905
4478 2332 4488 2342 500 900
5390 3814 5400 3824 414 814
4133 3901 4143 3911 384 784
1050 68 1060 78 424 824
2924 1985 2934 1995 419 819
666 2318 676 2328 442 842
3606 503 3616 513 456 856
3373 768 3383 778 427 827
2935 2981 2945 2991 511 911
2371 1583 2381 1593 365 765
5253 626 5263 636 457 857
1855 511 1865 521 341 741
4096 2332 4106 2342 421 821
3623 1129 3633 1139 437 837
794 2771 804 2781 466 866
4779 2728 4789 2738 448 848
2030 2243 2040 2253 490 890
1030 3346 1040 3356 406 806
5254 3358 5264 3368 509 909
3184 3497 3194 3507 414 814
2827 1681 2837 1691 396 796
3000 877 3010 887 469 869
1182 3979 1192 3989 503 903
2851 1697 2861 1707 397 797
5004 806 5014 816 390 790
4554 1229 4564 1239 369 769
2657 2232 2667 2242 497 897
5182 2167 5192 2177 385 785
2468 1687 2478 1697 406 806
1041 2679 1051 2689 472 872
823 1765 833 1775 398 798
4764 516 4774 526 350 750
139 367 149 377 411 811
4894 1993 4904 2003 454 854
436 2322 446 2332 389 789
1351 1726 1361 1736 472 872
322 145 332 155 462 862
4635 2075 4645 2085 474 874
2323 3528 2333 3538 429 829
5830 268 5840 278 494 894
36 1097 46 1107 350 750
3385 2650 3395 2660 475 875
238 1447 248 1457 343 743
4203 1435 4213 1445 392 792
1410 1365 1420 1375 371 771
2166 782 2176 792 415 815
1115 3265 1125 3275 453 853
2440 1462 2450 1472 469 869
5018 1946 5028 1956 352 752
3972 2470 3982 2480 451 851
2486 1779 2496 1789 488 888
3388 1553 3398 1563 355 755
5375 1056 5385 1066 359 759
120 3504 130 3514 487 887
2136 2612 2146 2622 452 852
4142 801 4152 811 480 880
3333 3291 3343 3301 432 832
1744 1954 1754 1964 466 866
3030 571 3040 581 455 855
1676 3208 1686 3218 468 868
2403 2183 2413 2193 468 868
204 877 214 887 511 911
5674 1420 5684 1430 442 842
5138 2564 5148 2574 339 739
5642 1550 5652 1560 496 896
3320 700 3330 710 430 830
5355 3354 5365 3364 467 867
407 1676 417 1686 373 773
2621 3345 2631 3355 467 867
509 3908 519 3918 487 887
2051 2870 2061 2880 422 822
5133 3707 5143 3717 462 862
3007 2700 3017 2710 390 790
1742 2911 1752 2921 403 803
1861 3398 1871 3408 371 771
4774 1535 4784 1545 339 739
364 2097 374 2107 379 779
5710 3594 5720 3604 436 836
3608 3497 3618 3507 471 871
2757 3753 2767 3763 491 891
3448 464 3458 474 441 841
187 1014 197 1024 473 873
42 2965 52 2975 435 835
2556 3382 2566 3392 342 742
5700 3392 5710 3402 356 756
5779 3231 5789 3241 415 815
4783 3699 4793 3709 489 889
2365 3335 2375 3345 493 893
5480 100 5490 110 391 791
285 2549 295 2559 471 871
5329 1154 5339 1164 513 913
1841 474 1851 484 477 877
1688 625 1698 635 354 754
4713 650 4723 660 440 840
90 1498 100 1508 373 773
1443 2344 1453 2354 495 895
5639 3125 5649 3135 375 775
1164 3968 1174 3978 489 889
3143 180 3153 190 355 755
1008 711 1018 721 449 849
2628 1488 2638 1498 397 797
542 3004 552 3014 459 859
1412 984 1422 994 410 810
2415 3733 2425 3743 479 879
3142 2189 3152 2199 380 780
1773 2978 1783 2988 505 905
932 3645 942 3655 505 905
4663 3909 4673 3919 424 824
1185 996 1195 1006 364 764
1465 3159 1475 3169 464 864
4580 3028 4590 3038 343 743
3847 1831 3857 1841 465 865
1603 1433 1613 1443 441 841
1570 3187 1580 3197 363 763
4155 2492 4165 2502 423 823
1866 1978 1876 1988 461 861
5691 1648 5701 1658 380 780
5072 447 5082 457 511 911
223 1711 233 1721 483 883
2455 786 2465 796 351 751
1921 985 1931 995 425 825
2420 321 2430 331 359 759
5171 32 5181 42 470 870
4503 1594 4513 1604 425 825
2978 53 2988 63 501 901
4365 2512 4375 2522 388 788
5805 957 5815 967 421 821
5579 889 5589 899 465 865
547 1524 557 1534 492 892
5516 1426 5526 1436 350 750
1850 1308 1860 1318 507 907
159 281 169 291 495 895
363 1350 373 1360 437 837
195 3121 205 3131 410 810
3598 2961 3608 2971 379 779
2054 3059 2064 3069 385 785
3165 26 3175 36 429 829
2034 3111 2044 3121 500 900
1172 3487 1182 3497 339 739
3915 2915 3925 2925 503 903
1596 3789 1606 3799 419 819
946 1157 956 1167 441 841
1510 839 1520 849 353 753
4891 1893 4901 1903 434 834
998 2752 1008 2762 356 756
3496 302 3506 312 393 793
2589 2126 2599 2136 486 886
1819 1891 1829 1901 504 904
4106 1658 4116 1668 449 849
1692 762 1702 772 463 863
2863 2365 2873 2375 388 788
1559 2700 1569 2710 485 885
200 2086 210 2096 433 833
5485 557 5495 567 357 757
5048 2934 5058 2944 355 755
4925 3666 4935 3676 413 813
2120 511 2130 521 414 814
3968 3172 3978 3182 438 838
4386 1416 4396 1426 446 846
241 3135 251 3145 414 814
2260 1011 2270 1021 361 761
4932 2719 4942 2729 457 857
435 3788 445 3798 505 905
794 1577 804 1587 436 836
1903 820 1913 830 505 905
3680 489 3690 499 400 800
2348 1266 2358 1276 342 742
4753 1563 4763 1573 432 832
3417 3728 3427 3738 478 878
1041 3267 1051 3277 480 880
1542 717 1552 727 433 833
2835 2245 2845 2255 417 817
3716 2640 3726 2650 367 767
1393 364 1403 374 471 871
759 1303 769 1313 482 882
2810 1839 2820 1849 419 819
3062 2276 3072 2286 510 910
4103 3976 4113 3986 387 787
1921 3226 1931 3236 388 788
2152 3298 2162 3308 454 854
2808 201 2818 211 356 756
4600 291 4610 301 512 912
1107 3891 1117 3901 354 754
2040 1115 2050 1125 513 913
3372 501 3382 511 486 886
20 2606 30 2616 461 861
2740 2352 2750 2362 349 749
1989 1013 1999 1023 399 799
3264 3376 3274 3386 363 763
3592 2111 3602 2121 354 754
4743 1118 4753 1128 453 853
3146 3022 3156 3032 509 909
3733 1796 3743 1806 459 859
4788 3607 4798 3617 485 885
1275 1287 1285 1297 504 904
4607 3637 4617 3647 512 912
3124 789 3134 799 399 799
703 1991 713 2001 349 749
568 2439 578 2449 463 863
5514 3483 5524 3493 345 745
1241 2024 1251 2034 508 908
4632 2768 4642 2778 504 904
1029 1594 1039 1604 423 823
3660 3517 3670 3527 468 868
4407 158 4417 168 426 826
5558 3179 5568 3189 444 844
413 1682 423 1692 423 823
5224 1936 5234 1946 366 766
2921 1547 2931 1557 502 902
4938 3743 4948 3753 350 750
1764 2225 1774 2235 381 781
2038 2037 2048 2047 446 846
229 3470 239 3480 358 758
1745 2435 1755 2445 495 895
2173 45 2183 55 506 906
1207 2408 1217 2418 365 765
2546 1770 2556 1780 368 768
4628 2861 4638 2871 362 762
5763 1940 5773 1950 406 806
4913 770 4923 780 353 753
1991 3076 2001 3086 396 796
1739 3609 1749 3619 479 879
1474 1399 1484 1409 416 816
627 3848 637 3858 337 737
3987 2590 3997 2600 391 791
1166 2141 1176 2151 391 791
452 533 462 543 342 742
4969 2547 4979 2557 480 880
5289 3805 5299 3815 471 871
4130 2757 4140 2767 437 837
2705 1271 2715 1281 396 796
4406 2985 4416 2995 509 909
52 310 62 320 426 826
3863 2820 3873 2830 406 806
4159 2061 4169 2071 407 807
5346 3796 5356 3806 342 742
1321 845 1331 855 494 894
5688 496 5698 506 424 824
2498 2307 2508 2317 341 741
2032 3835 2042 3845 406 806
5549 841 5559 851 464 864
1000 1155 1010 1165 386 786
5764 446 5774 456 451 851
4730 2184 4740 2194 337 737
1170 3200 1180 3210 375 775
3090 1162 3100 1172 386 786
3715 92 3725 102 400 800
1910 146 1920 156 446 846
3833 3422 3843 3432 383 783
1434 2265 1444 2275 454 854
5459 3049 5469 3059 502 902
404 107 414 117 409 809
3352 3416 3362 3426 498 898
4115 24 4125 34 494 894
4850 998 4860 1008 401 801
2183 948 2193 958 448 848
4640 2014 4650 2024 345 745
1012 2353 1022 2363 449 849
2099 521 2109 531 374 774
5208 323 5218 333 441 841
4336 3754 4346 3764 387 787
4339 2489 4349 2499 456 856
3792 3503 3802 3513 472 872
2125 2354 2135 2364 342 742
5353 247 5363 257 498 898
3821 3235 3831 3245 475 875
2875 2378 2885 2388 464 864
157 2514 167 2524 437 837
2884 2523 2894 2533 493 893
1891 3951 1901 3961 451 851
2891 2649 2901 2659 389 789
5602 1837 5612 1847 433 833
5194 291 5204 301 461 861
1600 3301 1610 3311 414 814
1079 3454 1089 3464 464 864
1122 1574 1132 1584 481 881
2667 2814 2677 2824 510 910
1449 3277 1459 3287 437 837
5207 2345 5217 2355 380 780
3963 1827 3973 1837 385 785
2830 3988 2840 3998 391 791
5116 755 5126 765 386 786
1716 982 1726 992 447 847
1190 3329 1200 3339 385 785
3974 3831 3984 3841 360 760
3256 1108 3266 1118 433 833
4899 1713 4909 1723 369 769
5561 2056 5571 2066 357 757
2576 2113 2586 2123 506 906
3251 2404 3261 2414 503 903
1133 876 1143 886 456 856
2709 2897 2719 2907 419 819
2187 2975 2197 2985 339 739
3358 2236 3368 2246 346 746
2517 1420 2527 1430 445 845
2866 2388 2876 2398 452 852
3924 2007 3934 2017 505 905
2735 279 2745 289 378 778
1609 3708 1619 3718 351 751
1277 468 1287 478 405 805
5161 2492 5171 2502 481 881
4488 2070 4498 2080 450 850
2711 3417 2721 3427 413 813
1344 2070 1354 2080 493 893
3517 2944 3527 2954 427 827
797 3888 807 3898 509 909
1668 2485 1678 2495 362 762
1436 787 1446 797 507 907
3079 3684 3089 3694 342 742
2295 3925 2305 3935 441 841
3045 3338 3055 3348 510 910
179 2771 189 2781 422 822
4643 1364 4653 1374 404 804
4340 3329 4350 3339 396 796
4141 2398 4151 2408 448 848
660 1639 670 1649 404 804
2361 2161 2371 2171 366 766
952 3300 962 3310 368 768
5676 1508 5686 1518 432 832
5294 2125 5304 2135 373 773
908 1950 918 1960 362 762
1631 1860 1641 1870 344 744
2192 1612 2202 1622 407 807
2627 191 2637 201 372 772
4142 1446 4152 1456 432 832
1894 1194 1904 1204 346 746
3959 3437 3969 3447 402 802
4750 3815 4760 3825 420 820
2699 1843 2709 1853 443 843
3719 3606 3729 3616 491 891
2633 828 2643 838 455 855
922 1606 932 1616 484 884
4605 790 4615 800 513 913
4730 2650 4740 2660 443 843
2642 1274 2652 1284 433 833
1858 1221 1868 1231 396 796
1024 773 1034 783 510 910
5489 1654 5499 1664 448 848
5027 660 5037 670 374 774
2716 3088 2726 3098 482 882
2382 3268 2392 3278 342 742
1238 3775 1248 3785 484 884
3143 3390 3153 3400 464 864
1079 1100 1089 1110 349 749
4595 2611 4605 2621 382 782
2491 1576 2501 1586 495 895
4937 2012 4947 2022 404 804
2632 2088 2642 2098 492 892
210 2729 220 2739 438 838
3345 3066 3355 3076 344 744
3520 3609 3530 3619 420 820
1643 3932 1653 3942 345 745
5175 3518 5185 3528 480 880
2497 1604 2507 1614 362 762
5747 3984 5757 3994 386 786
3724 2510 3734 2520 476 876
3532 3981 3542 3991 458 858
1770 3853 1780 3863 407 807
4718 1186 4728 1196 398 798
5564 2577 5574 2587 371 771
3725 2889 3735 2899 478 878
1834 2186 1844 2196 491 891
814 2837 824 2847 376 776
3118 2494 3128 2504 499 899
3343 2192 3353 2202 434 834
452 2443 462 2453 454 854
3663 477 3673 487 451 851
2337 2672 2347 2682 419 819
5645 325 5655 335 467 867
1121 3690 1131 3700 471 871
5293 2270 5303 2280 388 788
4581 2559 4591 2569 407 807
221 1966 231 1976 495 895
1189 653 1199 663 429 829
2733 572 2743 582 399 799
5147 1105 5157 1115 458 858
1410 690 1420 700 406 806
139 3716 149 3726 495 895
3968 1911 3978 1921 342 742
1443 1997 1453 2007 413 813
5422 3049 5432 3059 361 761
4083 3921 4093 3931 447 847
2749 2940 2759 2950 506 906
4445 486 4455 496 503 903
3685 2915 3695 2925 469 869
2538 3091 2548 3101 452 852
2575 1910 2585 1920 418 818
5179 3354 5189 3364 490 890
457 153 467 163 391 791
4790 3852 4800 3862 355 755
418 1066 428 1076 426 826
4259 287 4269 297 386 786
4955 1326 4965 1336 390 790
1169 1414 1179 1424 485 885
5531 2282 5541 2292 484 884
3891 2132 3901 2142 476 876
382 1030 392 1040 416 816
2346 3443 2356 3453 412 812
4139 71 4149 81 372 772
5575 72 5585 82 427 827
1945 1531 1955 1541 365 765
2222 351 2232 361 407 807
3005 705 3015 715 454 854
4516 569 4526 579 482 882
2112 3823 2122 3833 407 807
2208 3822 2218 3832 476 876
4120 2521 4130 2531 454 854
4955 611 4965 621 409 809
1173 1808 1183 1818 504 904
422 1655 432 1665 394 794
5674 3765 5684 3775 513 913
4860 3203 4870 3213 350 750
4213 1515 4223 1525 375 775
4332 3254 4342 3264 401 801
1680 924 1690 934 423 823
2093 1433 2103 1443 392 792
3808 3117 3818 3127 426 826
2040 3896 2050 3906 426 826
1346 1519 1356 1529 376 776
2183 3358 2193 3368 511 911
3510 1292 3520 1302 491 891
3595 379 3605 389 418 818
4545 143 4555 153 510 910
3955 2673 3965 2683 473 873
4525 2252 4535 2262 460 860
3803 1926 3813 1936 441 841
2001 2300 2011 2310 383 783
3181 3555 3191 3565 365 765
5387 2001 5397 2011 462 862
3247 1702 3257 1712 355 755
185 1114 195 1124 496 896
3979 1007 3989 1017 375 775
886 118 896 128 419 819
1894 767 1904 777 397 797
5066 3522 5076 3532 452 852
3003 234 3013 244 479 879
3124 330 3134 340 443 843
3716 3954 3726 3964 461 861
225 2121 235 2131 433 833
1182 3858 1192 3868 349 749
1180 1224 1190 1234 454 854
3741 1213 3751 1223 381 781
5743 1423 5753 1433 511 911
1889 992 1899 1002 345 745
1720 1560 1730 1570 480 880
5386 1675 5396 1685 475 875
2697 392 2707 402 385 785
5443 828 5453 838 480 880
4004 2889 4014 2899 491 891
1254 3340 1264 3350 461 861
5208 2310 5218 2320 395 795
5563 329 5573 339 444 844
3764 153 3774 163 511 911
676 3541 686 3551 425 825
1782 1192 1792 1202 497 897
2098 964 2108 974 494 894
1123 792 1133 802 354 754
860 599 870 609 474 874
808 1564 818 1574 359 759
2054 83 2064 93 482 882
2012 1086 2022 1096 345 745
4549 1697 4559 1707 450 850
5662 2922 5672 2932 489 889
405 2504 415 2514 367 767
2334 2824 2344 2834 503 903
4854 3412 4864 3422 485 885
4515 511 4525 521 451 851
761 2434 771 2444 338 738
3140 2776 3150 2786 448 848
3894 2043 3904 2053 345 745
4206 3330 4216 3340 405 805
5256 2258 5266 2268 389 789
652 890 662 900 343 743
4119 3027 4129 3037 445 845
55 3293 65 3303 352 752
1218 873 1228 883 386 786
5636 1431 5646 1441 508 908
40 607 50 617 425 825
1537 3982 1547 3992 448 848
318 1710 328 1720 391 791
3467 1122 3477 1132 370 770
4530 2151 4540 2161 452 852
1090 3512 1100 3522 389 789
590 2981 600 2991 360 760
26 109 36 119 449 849
4862 79 4872 89 470 870
3381 1477 3391 1487 400 800
2539 3481 2549 3491 441 841
1045 3552 1055 3562 379 779
5537 3253 5547 3263 406 806
4258 2668 4268 2678 502 902
5050 2120 5060 2130 490 890
4481 79 4491 89 495 895
2382 2695 2392 2705 484 884
4989 2114 4999 2124 499 899
4503 1159 4513 1169 354 754
2100 3242 2110 3252 369 769
143 131 153 141 490 890
5225 627 5235 637 364 764
2993 2752 3003 2762 457 857
1021 568 1031 578 427 827
3515 3773 3525 3783 338 738
4069 1889 4079 1899 428 828
1184 1411 1194 1421 348 748
4810 3752 4820 3762 385 785
3341 1847 3351 1857 380 780
1675 2173 1685 2183 379 779
5448 3785 5458 3795 380 780
3039 3299 3049 3309 476 876
1193 2320 1203 2330 428 828
2381 2558 2391 2568 468 868
2086 1144 2096 1154 451 851
4840 3457 4850 3467 502 902
71 3413 81 3423 494 894
1559 3230 1569 3240 452 852
5651 642 5661 652 494 894
3396 2094 3406 2104 393 793
1855 2697 1865 2707 401 801
3569 3554 3579 3564 445 845
3750 1849 3760 1859 390 790
1484 3213 1494 3223 482 882
3180 3183 3190 3193 359 759
74 650 84 660 355 755
4629 2914 4639 2924 447 847
3264 697 3274 707 436 836
968 3332 978 3342 481 881
92 768 102 778 433 833
4889 1090 4899 1100 493 893
5367 1200 5377 1210 473 873
5224 962 5234 972 400 800
3149 3130 3159 3140 395 795
165 1903 175 1913 374 774
5616 2669 5626 2679 340 740
1778 949 1788 959 392 792
3646 533 3656 543 359 759
2219 418 2229 428 476 876
838 2451 848 2461 430 830
4859 3201 4869 3211 438 838
4387 936 4397 946 369 769
3992 3708 4002 3718 367 767
2715 2715 2725 2725 350 750
5088 1279 5098 1289 450 850
3066 3772 3076 3782 435 835
3639 63 3649 73 470 870
2576 784 2586 794 359 759
1437 3562 1447 3572 401 801
42 292 52 302 400 800
5466 3429 5476 3439 412 812
2072 1320 2082 1330 507 907
5091 746 5101 756 438 838
2309 1943 2319 1953 440 840
5345 3370 5355 3380 481 881
5093 2606 5103 2616 412 812
100 3529 110 3539 435 835
2354 3449 2364 3459 480 880
5609 3913 5619 3923 469 869
4380 1036 4390 1046 378 778
3061 428 3071 438 476 876
2240 3942 2250 3952 391 791
5133 42 5143 52 442 842
1622 50 1632 60 338 738
4368 727 4378 737 491 891
5553 1599 5563 1609 408 808
2812 3722 2822 3732 449 849
74 914 84 924 498 898
2514 76 2524 86 403 803
2842 3240 2852 3250 480 880
3424 2499 3434 2509 470 870
5439 3430 5449 3440 480 880
5294 3831 5304 3841 355 755
1148 189 1158 199 489 889
5229 2440 5239 2450 362 762
5131 3881 5141 3891 445 845
1769 1916 1779 1926 483 883
4614 2976 4624 2986 435 835
4580 715 4590 725 502 902
4634 3448 4644 3458 400 800
1137 346 1147 356 363 763
3235 3583 3245 3593 473 873
1339 3358 1349 3368 369 769
5749 1180 5759 1190 507 907
3431 3833 3441 3843 463 863
5563 1101 5573 1111 380 780
1273 3572 1283 3582 339 739
4474 2041 4484 2051 436 836
1557 718 1567 728 462 862
3962 2755 3972 2765 383 783
2255 1206 2265 1216 406 806
1649 491 1659 501 509 909
3762 2174 3772 2184 388 788
4218 3922 4228 3932 508 908
4638 1794 4648 1804 338 738
2937 3735 2947 3745 395 795
989 1749 999 1759 388 788
5286 2786 5296 2796 437 837
2088 3771 2098 3781 350 750
5572 788 5582 798 374 774
4767 1069 4777 1079 474 874
946 745 956 755 435 835
1699 869 1709 879 395 795
4339 3659 4349 3669 384 784
2032 559 2042 569 379 779
7 1992 17 2002 400 800
4924 1479 4934 1489 387 787
3211 2552 3221 2562 490 890
1010 205 1020 215 449 849
5054 3135 5064 3145 438 838
333 440 343 450 347 747
3325 448 3335 458 371 771
4075 375 4085 385 481 881
1771 3578 1781 3588 352 752
1541 880 1551 890 338 738
1607 1717 1617 1727 386 786
1079 1587 1089 1597 365 765
1230 3298 1240 3308 458 858
2855 3286 2865 3296 412 812
1057 1508 1067 1518 350 750
5631 718 5641 728 501 901
5017 3737 5027 3747 409 809
4546 697 4556 707 417 817
2148 3368 2158 3378 402 802
2041 3701 2051 3711 362 762
882 1111 892 1121 472 872
5288 3326 5298 3336 448 848
907 120 917 130 509 909
384 3877 394 3887 410 810
3656 2404 3666 2414 345 745
4634 479 4644 489 352 752
103 785 113 795 387 787
2670 77 2680 87 375 775
222 2452 232 2462 382 782
5080 360 5090 370 452 852
1785 1578 1795 1588 457 857
3534 2495 3544 2505 456 856
3590 3826 3600 3836 512 912
5164 2519 5174 2529 416 816
1284 3621 1294 3631 468 868
2837 3050 2847 3060 413 813
2172 482 2182 492 442 842
465 1120 475 1130 417 817
1789 585 1799 595 485 885
4237 2455 4247 2465 486 886
2897 1243 2907 1253 424 824
1528 2657 1538 2667 344 744
4888 1916 4898 1926 456 856
396 704 406 714 358 758
2569 3159 2579 3169 467 867
4481 3569 4491 3579 459 859
1632 275 1642 285 493 893
4869 243 4879 253 465 865
1245 2556 1255 2566 459 859
2420 222 2430 232 359 759
302 935 312 945 375 775
76 3428 86 3438 467 867
2727 3045 2737 3055 390 790
3333 1522 3343 1532 499 899
125 358 135 368 511 911
2592 2720 2602 2730 440 840
1555 1957 1565 1967 478 878
797 3608 807 3618 503 903
5139 1383 5149 1393 375 775
990 3338 1000 3348 499 899
1413 1853 1423 1863 467 867
1739 119 1749 129 390 790
5502 3008 5512 3018 396 796
4631 3988 4641 3998 487 887
2139 824 2149 834 389 789
5140 3504 5150 3514 410 810
4811 3107 4821 3117 454 854
4852 3341 4862 3351 448 848
4199 2951 4209 2961 478 878
341 906 351 916 341 741
3345 2891 3355 2901 363 763
4447 2167 4457 2177 455 855
3024 629 3034 639 447 847
3964 1806 3974 1816 467 867
3985 799 3995 809 354 754
3503 4 3513 14 421 821
2699 3752 2709 3762 440 840
1676 1197 1686 1207 389 789
1000 564 1010 574 396 796
1917 2796 1927 2806 407 807
4696 3361 4706 3371 448 848
130 1580 140 1590 383 783
1484 881 1494 891 348 748
1976 1170 1986 1180 395 795
2788 740 2798 750 509 909
4044 3177 4054 3187 512 912
4036 3221 4046 3231 337 737
639 451 649 461 472 872
4162 2467 4172 2477 379 779
99 293 109 303 450 850
5406 1258 5416 1268 503 903
3381 848 3391 858 485 885
3744 796 3754 806 459 859
4016 1732 4026 1742 478 878
2997 2041 3007 2051 344 744
676 1784 686 1794 463 863
2193 2850 2203 2860 382 782
4377 3594 4387 3604 398 798
418 3365 428 3375 446 846
4027 1123 4037 1133 490 890
202 1767 212 1777 369 769
5479 1819 5489 1829 455 855
982 3447 992 3457 345 745
5077 2526 5087 2536 502 902
4234 1625 4244 1635 348 748
289 2396 299 2406 433 833
2575 1613 2585 1623 494 894
2130 3881 2140 3891 449 849
2159 2413 2169 2423 363 763
1511 1766 1521 1776 464 864
2103 2359 2113 2369 473 873
649 2800 659 2810 504 904
5262 1440 5272 1450 427 827
3613 13 3623 23 426 826
1359 452 1369 462 394 794
5589 2733 5599 2743 491 891
82 2052 92 2062 378 778
4838 3244 4848 3254 401 801
854 2769 864 2779 340 740
1801 717 1811 727 418 818
5629 1372 5639 1382 396 796
2402 2001 2412 2011 442 842
5012 1077 5022 1087 352 752
5541 2622 5551 2632 429 829
2174 2765 2184 2775 455 855
1589 1170 1599 1180 439 839
4461 3612 4471 3622 338 738
2852 206 2862 216 374 774
5441 3290 5451 3300 435 835
363 1879 373 1889 453 853
5457 326 5467 336 404 804
3432 1159 3442 1169 501 901
1298 1445 1308 1455 513 913
2187 2252 2197 2262 443 843
1043 3731 1053 3741 456 856
4253 1901 4263 1911 396 796
442 2386 452 2396 357 757
5378 2810 5388 2820 498 898
16 684 26 694 403 803
3388 800 3398 810 453 853
3812 170 3822 180 425 825
2771 3531 2781 3541 456 856
3064 1709 3074 1719 359 759
1972 3364 1982 3374 404 804
957 2904 967 2914 503 903
