330
1280 0 1535 255 591 691
3328 1024 3583 1279 518 618
0 2816 255 3071 524 624
768 768 1023 1023 627 727
2304 2816 2559 3071 507 607
1536 2560 1791 2815 753 853
0 4352 255 4607 514 614
3328 1792 3583 2047 519 619
1792 2560 2047 2815 741 841
1024 3328 1279 3583 565 665
1280 1280 1535 1535 548 648
3584 3584 3839 3839 715 815
1024 5120 1279 5375 407 507
0 512 255 767 656 756
768 2304 1023 2559 747 847
3072 4352 3327 4607 399 499
512 3840 767 4095 479 579
1792 3072 2047 3327 604 704
1536 5376 1791 5631 609 709
1280 1536 1535 1791 794 894
1536 2816 1791 3071 805 905
3584 5376 3839 5631 696 796
512 3328 767 3583 516 616
1536 256 1791 511 476 576
1792 3840 2047 4095 355 455
2048 4096 2303 4351 357 457
256 1280 511 1535 740 840
3072 2816 3327 3071 632 732
1024 4096 1279 4351 411 511
2304 3840 2559 4095 744 844
256 2048 511 2303 702 802
1024 2048 1279 2303 591 691
3072 2304 3327 2559 375 475
3328 512 3583 767 412 512
2816 2560 3071 2815 807 907
1280 1024 1535 1279 471 571
768 1280 1023 1535 754 854
3584 4608 3839 4863 508 608
2304 768 2559 1023 653 753
3072 4096 3327 4351 682 782
768 0 1023 255 662 762
2560 1792 2815 2047 387 487
2560 1536 2815 1791 509 609
768 3328 1023 3583 732 832
2816 4352 3071 4607 633 733
2048 0 2303 255 442 542
1024 4608 1279 4863 795 895
0 0 255 255 775 875
3584 5120 3839 5375 635 735
3072 1536 3327 1791 590 690
2048 1536 2303 1791 755 855
1792 2816 2047 3071 552 652
1792 2304 2047 2559 398 498
256 5376 511 5631 458 558
0 4096 255 4351 692 792
2304 1024 2559 1279 342 442
512 1280 767 1535 404 504
1024 4352 1279 4607 618 718
1536 4352 1791 4607 563 663
3584 2560 3839 2815 404 504
1792 4352 2047 4607 474 574
2816 1792 3071 2047 451 551
1536 2304 1791 2559 658 758
2560 4352 2815 4607 512 612
512 2304 767 2559 452 552
3072 4608 3327 4863 578 678
0 2048 255 2303 573 673
256 2816 511 3071 393 493
1792 3584 2047 3839 749 849
3584 512 3839 767 412 512
256 768 511 1023 664 764
3584 768 3839 1023 523 623
2048 5120 2303 5375 389 489
256 2304 511 2559 359 459
768 4096 1023 4351 442 542
2304 3584 2559 3839 685 785
2816 1280 3071 1535 391 491
2560 2816 2815 3071 349 449
2816 3328 3071 3583 646 746
3328 256 3583 511 689 789
256 256 511 511 528 628
1280 3072 1535 3327 514 614
768 2816 1023 3071 428 528
0 4864 255 5119 590 690
1280 4096 1535 4351 561 661
512 0 767 255 709 809
1280 2560 1535 2815 595 695
1280 5376 1535 5631 554 654
2048 4608 2303 4863 439 539
0 256 255 511 345 445
2560 4608 2815 4863 622 722
3072 0 3327 255 576 676
0 1024 255 1279 385 485
2304 5120 2559 5375 466 566
1792 768 2047 1023 678 778
0 1280 255 1535 501 601
2560 1280 2815 1535 707 807
2048 4352 2303 4607 437 537
1792 256 2047 511 557 657
2048 768 2303 1023 568 668
3072 256 3327 511 438 538
2560 3072 2815 3327 810 910
2048 1024 2303 1279 755 855
2816 1536 3071 1791 490 590
1536 2048 1791 2303 355 455
2816 2304 3071 2559 786 886
2048 3072 2303 3327 764 864
0 2560 255 2815 812 912
2560 768 2815 1023 798 898
1280 768 1535 1023 523 623
1024 1024 1279 1279 688 788
512 1024 767 1279 512 612
512 4352 767 4607 700 800
1280 4352 1535 4607 705 805
2048 3584 2303 3839 691 791
768 256 1023 511 373 473
2816 5376 3071 5631 600 700
1280 3584 1535 3839 399 499
512 4864 767 5119 590 690
2816 256 3071 511 702 802
1792 1024 2047 1279 810 910
1792 1280 2047 1535 398 498
768 2048 1023 2303 390 490
3584 4352 3839 4607 381 481
1536 4864 1791 5119 454 554
2048 3840 2303 4095 731 831
2304 512 2559 767 545 645
2304 1280 2559 1535 750 850
3328 2816 3583 3071 354 454
3584 256 3839 511 691 791
3328 3840 3583 4095 505 605
1280 3840 1535 4095 456 556
3328 4864 3583 5119 687 787
2304 1536 2559 1791 372 472
2048 2816 2303 3071 535 635
512 1536 767 1791 632 732
3328 3584 3583 3839 747 847
3072 4864 3327 5119 486 586
2816 512 3071 767 630 730
1792 4096 2047 4351 731 831
1280 2048 1535 2303 672 772
2304 1792 2559 2047 430 530
2048 1280 2303 1535 355 455
1792 0 2047 255 484 584
512 512 767 767 798 898
0 3072 255 3327 710 810
1024 2816 1279 3071 520 620
2560 4096 2815 4351 510 610
2560 5120 2815 5375 698 798
1536 3840 1791 4095 699 799
2560 3328 2815 3583 398 498
1792 4608 2047 4863 694 794
3072 512 3327 767 761 861
256 2560 511 2815 452 552
2304 3072 2559 3327 738 838
1792 1792 2047 2047 804 904
1792 512 2047 767 772 872
2048 512 2303 767 396 496
2560 256 2815 511 740 840
768 3072 1023 3327 790 890
768 4864 1023 5119 750 850
1536 768 1791 1023 357 457
1536 3328 1791 3583 358 458
512 2048 767 2303 550 650
2304 3328 2559 3583 392 492
256 1536 511 1791 556 656
3072 3072 3327 3327 771 871
256 4864 511 5119 802 902
256 3840 511 4095 631 731
0 3584 255 3839 513 613
256 0 511 255 645 745
256 1792 511 2047 489 589
256 3072 511 3327 607 707
2048 2304 2303 2559 664 764
2816 2048 3071 2303 562 662
256 3584 511 3839 517 617
3584 3072 3839 3327 486 586
3072 1024 3327 1279 745 845
2048 4864 2303 5119 691 791
1536 3072 1791 3327 370 470
512 5120 767 5375 631 731
2560 3840 2815 4095 678 778
3328 2304 3583 2559 727 827
2816 0 3071 255 504 604
2304 4864 2559 5119 793 893
2560 0 2815 255 577 677
1280 2816 1535 3071 494 594
1024 1536 1279 1791 752 852
3072 3584 3327 3839 636 736
3072 2048 3327 2303 420 520
2304 2304 2559 2559 654 754
1280 3328 1535 3583 499 599
1536 4608 1791 4863 441 541
3328 2048 3583 2303 675 775
1024 2304 1279 2559 638 738
2304 2560 2559 2815 422 522
768 1024 1023 1279 343 443
768 4608 1023 4863 595 695
2048 2560 2303 2815 337 437
0 1536 255 1791 638 738
2560 1024 2815 1279 771 871
0 2304 255 2559 571 671
512 4096 767 4351 716 816
1792 5376 2047 5631 490 590
1792 2048 2047 2303 347 447
1280 4608 1535 4863 465 565
1280 4864 1535 5119 671 771
768 5376 1023 5631 496 596
1536 1280 1791 1535 799 899
3328 768 3583 1023 474 574
2816 4864 3071 5119 455 555
256 1024 511 1279 542 642
2560 5376 2815 5631 338 438
3072 3840 3327 4095 771 871
2816 768 3071 1023 635 735
1536 1536 1791 1791 721 821
768 1536 1023 1791 461 561
512 256 767 511 792 892
3328 4096 3583 4351 585 685
3584 4864 3839 5119 760 860
3072 3328 3327 3583 802 902
1024 1280 1279 1535 351 451
3328 4608 3583 4863 371 471
768 4352 1023 4607 355 455
1792 1536 2047 1791 615 715
2304 0 2559 255 672 772
1024 3840 1279 4095 366 466
768 3584 1023 3839 621 721
768 2560 1023 2815 379 479
768 1792 1023 2047 769 869
1792 3328 2047 3583 371 471
3328 1280 3583 1535 740 840
2304 4352 2559 4607 527 627
2304 5376 2559 5631 677 777
1280 2304 1535 2559 416 516
2816 3584 3071 3839 537 637
2048 5376 2303 5631 805 905
2048 2048 2303 2303 676 776
2560 512 2815 767 623 723
1792 5120 2047 5375 716 816
2816 3072 3071 3327 813 913
2304 4096 2559 4351 667 767
1280 512 1535 767 371 471
2304 2048 2559 2303 741 841
2816 5120 3071 5375 625 725
512 768 767 1023 669 769
2304 4608 2559 4863 574 674
1280 256 1535 511 749 849
1536 4096 1791 4351 648 748
3584 0 3839 255 345 445
2560 2304 2815 2559 621 721
1024 3072 1279 3327 562 662
1280 5120 1535 5375 359 459
3584 3840 3839 4095 656 756
3584 1024 3839 1279 580 680
3328 1536 3583 1791 637 737
256 3328 511 3583 440 540
3328 5120 3583 5375 535 635
512 3584 767 3839 370 470
3328 2560 3583 2815 409 509
256 5120 511 5375 491 591
1024 768 1279 1023 405 505
3584 2816 3839 3071 812 912
256 4608 511 4863 681 781
3072 1792 3327 2047 745 845
0 1792 255 2047 340 440
1536 512 1791 767 807 907
3584 1792 3839 2047 662 762
2816 2816 3071 3071 680 780
256 4096 511 4351 616 716
2560 2560 2815 2815 490 590
1024 1792 1279 2047 605 705
3584 4096 3839 4351 470 570
0 3328 255 3583 524 624
2048 1792 2303 2047 458 558
1536 1024 1791 1279 684 784
3584 1280 3839 1535 380 480
3328 5376 3583 5631 695 795
2560 4864 2815 5119 545 645
2816 4096 3071 4351 617 717
3584 3328 3839 3583 629 729
512 3072 767 3327 352 452
2560 2048 2815 2303 365 465
1536 3584 1791 3839 577 677
3584 2304 3839 2559 597 697
2816 3840 3071 4095 534 634
1024 3584 1279 3839 803 903
1280 1792 1535 2047 627 727
768 512 1023 767 658 758
2560 3584 2815 3839 360 460
512 1792 767 2047 699 799
1024 4864 1279 5119 812 912
1024 512 1279 767 354 454
3328 3072 3583 3327 623 723
3584 2048 3839 2303 605 705
1024 0 1279 255 688 788
1024 256 1279 511 626 726
2304 256 2559 511 525 625
1024 5376 1279 5631 462 562
2048 3328 2303 3583 418 518
512 4608 767 4863 804 904
0 768 255 1023 615 715
0 5376 255 5631 687 787
3072 768 3327 1023 386 486
3072 1280 3327 1535 803 903
2816 1024 3071 1279 734 834
1536 5120 1791 5375 659 759
1792 4864 2047 5119 772 872
3072 2560 3327 2815 616 716
256 512 511 767 390 490
0 3840 255 4095 575 675
2048 256 2303 511 357 457
3072 5120 3327 5375 809 909
0 4608 255 4863 529 629
3328 0 3583 255 598 698
768 3840 1023 4095 592 692
512 5376 767 5631 652 752
3328 3328 3583 3583 587 687
1536 0 1791 255 808 908
1024 2560 1279 2815 496 596
3328 4352 3583 4607 536 636
1536 1792 1791 2047 693 793
256 4352 511 4607 421 521
512 2816 767 3071 553 653
0 5120 255 5375 502 602
512 2560 767 2815 615 715
3584 1536 3839 1791 353 453
2816 4608 3071 4863 718 818
3072 5376 3327 5631 803 903
768 5120 1023 5375 478 578
