100
2456 3688 2506 3738 491 591
95 3545 145 3595 491 591
5720 1535 5770 1585 491 591
1786 2185 1836 2235 491 591
186 2694 236 2744 491 591
2926 2229 2976 2279 491 591
856 1460 906 1510 491 591
1332 3575 1382 3625 491 591
4123 2562 4173 2612 491 591
5441 3077 5491 3127 491 591
639 2800 689 2850 491 591
4766 3934 4816 3984 491 591
2807 1712 2857 1762 491 591
5602 3890 5652 3940 491 591
1774 1605 1824 1655 491 591
1808 2526 1858 2576 491 591
4987 2527 5037 2577 491 591
1889 2169 1939 2219 491 591
3219 56 3269 106 491 591
2017 3482 2067 3532 491 591
265 653 315 703 491 591
526 706 576 756 491 591
2241 3262 2291 3312 491 591
4399 899 4449 949 491 591
3038 501 3088 551 491 591
5105 2344 5155 2394 491 591
4497 3112 4547 3162 491 591
4226 2748 4276 2798 491 591
2875 3445 2925 3495 491 591
4700 3129 4750 3179 491 591
626 1463 676 1513 491 591
434 735 484 785 491 591
5758 2687 5808 2737 491 591
2086 3534 2136 3584 491 591
4673 2169 4723 2219 491 591
5264 404 5314 454 491 591
1928 3687 1978 3737 491 591
4733 416 4783 466 491 591
531 303 581 353 491 591
3416 351 3466 401 491 591
273 772 323 822 491 591
4592 2968 4642 3018 491 591
4157 502 4207 552 491 591
493 3620 543 3670 491 591
5738 3315 5788 3365 491 591
4563 3340 4613 3390 491 591
4584 3365 4634 3415 491 591
3533 299 3583 349 491 591
204 2459 254 2509 491 591
619 3706 669 3756 491 591
1277 1809 1327 1859 491 591
4024 2931 4074 2981 491 591
4555 132 4605 182 491 591
4722 3406 4772 3456 491 591
4982 3524 5032 3574 491 591
1538 670 1588 720 491 591
3751 795 3801 845 491 591
4235 3092 4285 3142 491 591
713 885 763 935 491 591
2032 156 2082 206 491 591
1476 3853 1526 3903 491 591
4371 508 4421 558 491 591
3149 2483 3199 2533 491 591
2166 279 2216 329 491 591
5079 3502 5129 3552 491 591
2439 1100 2489 1150 491 591
1550 3575 1600 3625 491 591
5581 1199 5631 1249 491 591
985 2289 1035 2339 491 591
2748 3573 2798 3623 491 591
5533 2704 5583 2754 491 591
4105 1070 4155 1120 491 591
1972 3363 2022 3413 491 591
4284 277 4334 327 491 591
4623 1835 4673 1885 491 591
2019 3928 2069 3978 491 591
4 2792 54 2842 491 591
2388 484 2438 534 491 591
1386 155 1436 205 491 591
5179 1748 5229 1798 491 591
222 228 272 278 491 591
3049 3311 3099 3361 491 591
5636 1791 5686 1841 491 591
5224 2991 5274 3041 491 591
234 644 284 694 491 591
4144 854 4194 904 491 591
3814 2337 3864 2387 491 591
3470 2328 3520 2378 491 591
2353 1567 2403 1617 491 591
2681 908 2731 958 491 591
1162 2470 1212 2520 491 591
4631 50 4681 100 491 591
3973 803 4023 853 491 591
1665 1498 1715 1548 491 591
4455 159 4505 209 491 591
3379 3478 3429 3528 491 591
1553 1006 1603 1056 491 591
3796 3053 3846 3103 491 591
2151 2829 2201 2879 491 591
903 1788 953 1838 491 591
