100
3181 2932 3381 3132 464 474
2177 938 2377 1138 464 474
5570 3112 5770 3312 464 474
3992 2536 4192 2736 464 474
798 603 998 803 464 474
4870 846 5070 1046 464 474
4285 1541 4485 1741 464 474
2760 206 2960 406 464 474
4237 251 4437 451 464 474
404 1936 604 2136 464 474
389 3493 589 3693 464 474
2272 3000 2472 3200 464 474
4056 653 4256 853 464 474
3763 1128 3963 1328 464 474
1508 905 1708 1105 464 474
5412 1234 5612 1434 464 474
2267 3139 2467 3339 464 474
5580 2880 5780 3080 464 474
1081 1970 1281 2170 464 474
1497 2777 1697 2977 464 474
3080 1992 3280 2192 464 474
5158 1611 5358 1811 464 474
4083 3793 4283 3993 464 474
95 2346 295 2546 464 474
2597 446 2797 646 464 474
859 345 1059 545 464 474
4559 1814 4759 2014 464 474
976 3213 1176 3413 464 474
4033 1152 4233 1352 464 474
3939 1562 4139 1762 464 474
1043 644 1243 844 464 474
4362 1356 4562 1556 464 474
5507 429 5707 629 464 474
5354 164 5554 364 464 474
2516 3581 2716 3781 464 474
2674 433 2874 633 464 474
1708 494 1908 694 464 474
1604 2296 1804 2496 464 474
4469 3123 4669 3323 464 474
2677 3792 2877 3992 464 474
2123 584 2323 784 464 474
4336 2969 4536 3169 464 474
951 2943 1151 3143 464 474
3864 2596 4064 2796 464 474
4335 2922 4535 3122 464 474
4733 83 4933 283 464 474
156 884 356 1084 464 474
2895 2810 3095 3010 464 474
2116 3405 2316 3605 464 474
893 1442 1093 1642 464 474
3666 1376 3866 1576 464 474
4512 417 4712 617 464 474
42 3182 242 3382 464 474
5372 1618 5572 1818 464 474
2098 2815 2298 3015 464 474
144 1534 344 1734 464 474
228 1947 428 2147 464 474
5187 1259 5387 1459 464 474
4075 814 4275 1014 464 474
370 2915 570 3115 464 474
5421 412 5621 612 464 474
2354 2763 2554 2963 464 474
2918 3698 3118 3898 464 474
5524 339 5724 539 464 474
2140 1738 2340 1938 464 474
3873 1947 4073 2147 464 474
4193 2918 4393 3118 464 474
5463 444 5663 644 464 474
3143 537 3343 737 464 474
3030 264 3230 464 464 474
1962 3673 2162 3873 464 474
3746 682 3946 882 464 474
1937 1762 2137 1962 464 474
3293 2169 3493 2369 464 474
910 3526 1110 3726 464 474
2989 242 3189 442 464 474
3050 3543 3250 3743 464 474
551 2964 751 3164 464 474
4876 1769 5076 1969 464 474
5133 2203 5333 2403 464 474
1060 545 1260 745 464 474
1465 550 1665 750 464 474
393 444 593 644 464 474
3847 2754 4047 2954 464 474
765 787 965 987 464 474
2986 3596 3186 3796 464 474
4334 276 4534 476 464 474
4841 208 5041 408 464 474
4308 148 4508 348 464 474
850 2346 1050 2546 464 474
363 1392 563 1592 464 474
115 1542 315 1742 464 474
3389 1054 3589 1254 464 474
3589 35 3789 235 464 474
1026 1739 1226 1939 464 474
3848 259 4048 459 464 474
731 2589 931 2789 464 474
1546 2738 1746 2938 464 474
883 3334 1083 3534 464 474
4509 1006 4709 1206 464 474
