100
1460 1116 1470 1126 734 754
2210 2653 2220 2663 734 754
3930 779 3940 789 734 754
1493 1834 1503 1844 734 754
801 2264 811 2274 734 754
1272 3237 1282 3247 734 754
410 1156 420 1166 734 754
413 3116 423 3126 734 754
2325 2909 2335 2919 734 754
5658 150 5668 160 734 754
756 3136 766 3146 734 754
821 536 831 546 734 754
4408 3395 4418 3405 734 754
5291 3585 5301 3595 734 754
1524 1920 1534 1930 734 754
2548 872 2558 882 734 754
4114 564 4124 574 734 754
2039 3676 2049 3686 734 754
4396 3584 4406 3594 734 754
1731 3108 1741 3118 734 754
3154 2616 3164 2626 734 754
210 1798 220 1808 734 754
5582 2787 5592 2797 734 754
4909 121 4919 131 734 754
995 1665 1005 1675 734 754
1643 2925 1653 2935 734 754
582 3109 592 3119 734 754
5021 1623 5031 1633 734 754
1376 3516 1386 3526 734 754
2334 231 2344 241 734 754
1693 2233 1703 2243 734 754
54 3719 64 3729 734 754
5339 3865 5349 3875 734 754
39 3378 49 3388 734 754
1323 2547 1333 2557 734 754
2649 2938 2659 2948 734 754
472 2473 482 2483 734 754
3740 191 3750 201 734 754
5012 3283 5022 3293 734 754
3829 2212 3839 2222 734 754
1102 584 1112 594 734 754
3458 3381 3468 3391 734 754
5786 2230 5796 2240 734 754
4524 1452 4534 1462 734 754
4978 3845 4988 3855 734 754
4232 823 4242 833 734 754
3759 410 3769 420 734 754
2346 1745 2356 1755 734 754
2078 1579 2088 1589 734 754
2870 1366 2880 1376 734 754
3535 1251 3545 1261 734 754
3577 544 3587 554 734 754
397 2674 407 2684 734 754
5760 1854 5770 1864 734 754
3682 1049 3692 1059 734 754
4964 2161 4974 2171 734 754
1248 458 1258 468 734 754
4318 573 4328 583 734 754
937 1802 947 1812 734 754
2535 2066 2545 2076 734 754
5568 1332 5578 1342 734 754
2454 2981 2464 2991 734 754
921 1064 931 1074 734 754
2462 3642 2472 3652 734 754
733 1105 743 1115 734 754
5778 2015 5788 2025 734 754
719 568 729 578 734 754
294 2941 304 2951 734 754
708 919 718 929 734 754
2224 455 2234 465 734 754
1830 117 1840 127 734 754
1194 2838 1204 2848 734 754
5478 1790 5488 1800 734 754
2131 3264 2141 3274 734 754
542 3060 552 3070 734 754
4349 496 4359 506 734 754
4981 1853 4991 1863 734 754
5304 1381 5314 1391 734 754
5150 3450 5160 3460 734 754
4599 807 4609 817 734 754
5118 1287 5128 1297 734 754
2170 543 2180 553 734 754
3769 3005 3779 3015 734 754
2652 1107 2662 1117 734 754
4216 1913 4226 1923 734 754
4567 1138 4577 1148 734 754
4082 1801 4092 1811 734 754
4823 229 4833 239 734 754
3291 3397 3301 3407 734 754
2163 2430 2173 2440 734 754
1488 2457 1498 2467 734 754
5641 2105 5651 2115 734 754
1031 36 1041 46 734 754
4390 2473 4400 2483 734 754
1220 2142 1230 2152 734 754
403 1673 413 1683 734 754
3404 1349 3414 1359 734 754
2042 1293 2052 1303 734 754
2887 947 2897 957 734 754
3669 1911 3679 1921 734 754
