77
0 2048 511 2559 500 550
2048 3584 2559 4095 538 588
512 0 1023 511 579 629
3072 1536 3583 2047 647 697
1024 1024 1535 1535 437 487
1536 1024 2047 1535 708 758
512 3072 1023 3583 556 606
1536 1536 2047 2047 616 666
1024 2048 1535 2559 542 592
2048 3072 2559 3583 802 852
3072 512 3583 1023 511 561
1536 3072 2047 3583 594 644
512 4096 1023 4607 461 511
0 1024 511 1535 861 911
3072 4608 3583 5119 378 428
2560 512 3071 1023 523 573
2560 2048 3071 2559 539 589
512 3584 1023 4095 679 729
1024 5120 1535 5631 432 482
1536 3584 2047 4095 541 591
0 2560 511 3071 417 467
512 5120 1023 5631 426 476
2560 1024 3071 1535 759 809
512 512 1023 1023 623 673
512 1536 1023 2047 635 685
1536 4608 2047 5119 744 794
1024 2560 1535 3071 790 840
2560 3584 3071 4095 565 615
2560 4096 3071 4607 850 900
2560 1536 3071 2047 445 495
1024 4096 1535 4607 403 453
1536 2560 2047 3071 487 537
512 1024 1023 1535 365 415
3072 1024 3583 1535 364 414
0 1536 511 2047 797 847
2048 5120 2559 5631 711 761
3072 2560 3583 3071 736 786
2560 4608 3071 5119 735 785
0 4608 511 5119 709 759
1024 0 1535 511 660 710
3072 0 3583 511 674 724
1024 512 1535 1023 356 406
512 4608 1023 5119 636 686
1536 512 2047 1023 798 848
0 512 511 1023 599 649
3072 4096 3583 4607 397 447
3072 3584 3583 4095 703 753
0 0 511 511 802 852
2048 1024 2559 1535 739 789
1536 4096 2047 4607 799 849
2560 5120 3071 5631 725 775
1024 3072 1535 3583 538 588
2048 4096 2559 4607 607 657
1536 5120 2047 5631 339 389
512 2560 1023 3071 544 594
2560 2560 3071 3071 624 674
2048 2560 2559 3071 746 796
0 3584 511 4095 716 766
2048 0 2559 511 571 621
3072 3072 3583 3583 733 783
1024 3584 1535 4095 543 593
2560 3072 3071 3583 637 687
0 3072 511 3583 602 652
2048 512 2559 1023 572 622
2048 4608 2559 5119 384 434
3072 5120 3583 5631 535 585
0 4096 511 4607 665 715
1536 0 2047 511 783 833
1536 2048 2047 2559 652 702
512 2048 1023 2559 511 561
1024 1536 1535 2047 579 629
2560 0 3071 511 462 512
3072 2048 3583 2559 530 580
1024 4608 1535 5119 352 402
0 5120 511 5631 643 693
2048 1536 2559 2047 793 843
2048 2048 2559 2559 658 708
