1000
1460 1116 1470 1126 347 397
1205 3017 1215 3027 592 642
1493 1834 1503 1844 561 611
1773 3474 1783 3484 390 440
410 1156 420 1166 391 441
3496 1102 3506 1112 342 392
5658 150 5668 160 496 546
3827 2837 3837 2847 617 667
4408 3395 4418 3405 861 911
1646 95 1656 105 511 561
2548 872 2558 882 473 523
2607 1148 2617 1158 660 710
4396 3584 4406 3594 833 883
3046 1857 3056 1867 385 435
210 1798 220 1808 458 508
4304 923 4314 933 394 444
995 1665 1005 1675 483 533
5432 810 5442 820 773 823
5021 1623 5031 1633 337 387
4481 2831 4491 2841 523 573
1693 2233 1703 2243 398 448
3657 420 3667 430 527 577
39 3378 49 3388 857 907
5451 119 5461 129 827 877
472 2473 482 2483 793 843
3903 2883 3913 2893 456 506
3829 2212 3839 2222 579 629
5472 1146 5482 1156 708 758
5786 2230 5796 2240 542 592
1331 1755 1341 1765 594 644
4232 823 4242 833 378 428
2135 551 2145 561 679 729
2078 1579 2088 1589 417 467
1250 1749 1260 1759 623 673
3577 544 3587 554 790 840
5166 736 5176 746 445 495
3682 1049 3692 1059 365 415
4785 3247 4795 3257 711 761
4318 573 4328 583 709 759
860 2025 870 2035 356 406
5568 1332 5578 1342 599 649
3496 1743 3506 1753 802 852
2462 3642 2472 3652 725 775
3182 2631 3192 2641 339 389
719 568 729 578 746 796
4796 3242 4806 3252 733 783
2224 455 2234 465 602 652
5037 2616 5047 2626 535 585
5478 1790 5488 1800 652 702
584 3593 594 3603 462 512
4349 496 4359 506 643 693
4652 1100 4662 1110 728 778
5150 3450 5160 3460 382 432
53 564 63 574 652 702
2170 543 2180 553 659 709
2464 1108 2474 1118 366 416
4216 1913 4226 1923 667 717
3895 2030 3905 2040 433 483
4823 229 4833 239 352 402
1123 3494 1133 3504 840 890
1488 2457 1498 2467 574 624
639 1933 649 1943 368 418
4390 2473 4400 2483 811 861
1008 3280 1018 3290 401 451
3404 1349 3414 1359 444 494
1342 363 1352 373 339 389
3669 1911 3679 1921 441 491
2405 3049 2415 3059 497 547
184 658 194 668 355 405
3476 1679 3486 1689 386 436
3007 1768 3017 1778 857 907
2818 1496 2828 1506 449 499
5782 2606 5792 2616 681 731
4851 757 4861 767 607 657
3207 1809 3217 1819 474 524
3098 725 3108 735 693 743
5642 749 5652 759 852 902
5079 1571 5089 1581 688 738
617 1818 627 1828 645 695
5716 3279 5726 3289 513 563
2844 3179 2854 3189 662 712
4334 3629 4344 3639 590 640
4703 124 4713 134 444 494
1743 1719 1753 1729 514 564
716 2610 726 2620 835 885
2262 964 2272 974 429 479
2394 265 2404 275 625 675
3799 3277 3809 3287 419 469
240 2436 250 2446 434 484
841 3575 851 3585 684 734
273 2206 283 2216 584 634
2175 24 2185 34 406 456
2885 1339 2895 1349 675 725
3113 2255 3123 2265 528 578
3245 2063 3255 2073 839 889
5156 2112 5166 2122 343 393
3736 3615 3746 3625 379 429
2653 1266 2663 1276 489 539
4314 2955 4324 2965 834 884
4601 1359 4611 1369 342 392
1159 534 1169 544 398 448
676 1485 686 1495 714 764
138 105 148 115 842 892
5327 612 5337 622 633 683
1451 1388 1461 1398 849 899
3379 2626 3389 2636 575 625
4075 1062 4085 1072 412 462
3352 2287 3362 2297 348 398
457 2266 467 2276 454 504
1839 2819 1849 2829 511 561
5232 2469 5242 2479 695 745
5498 406 5508 416 769 819
1141 2636 1151 2646 460 510
544 539 554 549 401 451
1771 2201 1781 2211 488 538
1235 1489 1245 1499 693 743
3350 1744 3360 1754 827 877
377 2467 387 2477 369 419
1948 2945 1958 2955 457 507
4621 3237 4631 3247 380 430
4937 3690 4947 3700 730 780
3167 3370 3177 3380 700 750
1488 3066 1498 3076 361 411
634 975 644 985 541 591
5248 2494 5258 2504 660 710
5383 2555 5393 2565 412 462
1895 1656 1905 1666 575 625
2200 3413 2210 3423 385 435
968 346 978 356 521 571
2515 1015 2525 1025 672 722
5611 1175 5621 1185 843 893
4963 2211 4973 2221 814 864
5548 2379 5558 2389 436 486
1051 2637 1061 2647 459 509
1103 3596 1113 3606 652 702
2852 2653 2862 2663 721 771
3846 59 3856 69 375 425
2331 866 2341 876 464 514
5337 993 5347 1003 717 767
1661 1094 1671 1104 725 775
2651 1609 2661 1619 662 712
4030 255 4040 265 853 903
3313 1429 3323 1439 675 725
3171 3777 3181 3787 497 547
2619 1469 2629 1479 665 715
2807 3075 2817 3085 768 818
3441 3716 3451 3726 390 440
1417 2760 1427 2770 547 597
5095 2674 5105 2684 710 760
2610 34 2620 44 753 803
2263 2068 2273 2078 439 489
5312 2108 5322 2118 407 457
1111 1147 1121 1157 492 542
660 2251 670 2261 720 770
2441 28 2451 38 732 782
2193 962 2203 972 852 902
3147 1242 3157 1252 382 432
5048 910 5058 920 825 875
4265 2616 4275 2626 404 454
3295 1101 3305 1111 848 898
3126 609 3136 619 420 470
2915 3928 2925 3938 399 449
265 2061 275 2071 456 506
2254 2228 2264 2238 442 492
422 1461 432 1471 446 496
3232 2594 3242 2604 782 832
1874 2675 1884 2685 780 830
2346 2614 2356 2624 480 530
2676 49 2686 59 499 549
2371 3193 2381 3203 446 496
941 1166 951 1176 426 476
4717 3560 4727 3570 520 570
2388 271 2398 281 682 732
4627 2326 4637 2336 722 772
2942 3141 2952 3151 555 605
5784 196 5794 206 474 524
2147 2169 2157 2179 666 716
4984 805 4994 815 374 424
370 2855 380 2865 337 387
759 2248 769 2258 645 695
5081 1395 5091 1405 662 712
1788 3979 1798 3989 736 786
2022 2511 2032 2521 691 741
4744 2982 4754 2992 648 698
4783 2038 4793 2048 462 512
4580 2935 4590 2945 774 824
2027 2645 2037 2655 519 569
271 2409 281 2419 796 846
679 2376 689 2386 757 807
1063 3548 1073 3558 717 767
1040 2273 1050 2283 658 708
3734 3150 3744 3160 419 469
400 512 410 522 553 603
4493 3639 4503 3649 652 702
5077 2786 5087 2796 823 873
1952 1028 1962 1038 611 661
503 3338 513 3348 463 513
452 3645 462 3655 575 625
5674 573 5684 583 528 578
3504 3767 3514 3777 767 817
3673 457 3683 467 837 887
4970 1405 4980 1415 829 879
451 3802 461 3812 399 449
4166 3929 4176 3939 384 434
4779 3349 4789 3359 642 692
5232 2826 5242 2836 583 633
5477 943 5487 953 345 395
3360 3097 3370 3107 748 798
185 2112 195 2122 776 826
3683 3219 3693 3229 675 725
5102 1537 5112 1547 753 803
3069 2452 3079 2462 529 579
3676 347 3686 357 647 697
2490 962 2500 972 689 739
2728 1673 2738 1683 404 454
1189 1380 1199 1390 444 494
304 3781 314 3791 719 769
4251 2776 4261 2786 605 655
3168 2389 3178 2399 559 609
5716 3381 5726 3391 476 526
2826 2934 2836 2944 455 505
3519 181 3529 191 816 866
5699 1411 5709 1421 589 639
5464 1619 5474 1629 480 530
1476 1217 1486 1227 560 610
2492 2228 2502 2238 753 803
4633 925 4643 935 805 855
2572 1411 2582 1421 563 613
4121 1812 4131 1822 790 840
1140 3466 1150 3476 625 675
5117 1394 5127 1404 744 794
3761 1659 3771 1669 838 888
2041 2438 2051 2448 347 397
4088 402 4098 412 633 683
257 1857 267 1867 690 740
3308 3021 3318 3031 541 591
2509 3492 2519 3502 715 765
5489 3452 5499 3462 412 462
1795 2006 1805 2016 569 619
1122 1266 1132 1276 536 586
3475 2076 3485 2086 652 702
2294 3595 2304 3605 806 856
2176 1908 2186 1918 382 432
968 1353 978 1363 463 513
1159 2893 1169 2903 347 397
5477 3447 5487 3457 593 643
1300 2782 1310 2792 781 831
593 3915 603 3925 486 536
5457 1642 5467 1652 748 798
1567 2343 1577 2353 736 786
472 3030 482 3040 835 885
694 271 704 281 672 722
4225 2229 4235 2239 691 741
4478 2332 4488 2342 617 667
5390 3814 5400 3824 348 398
4133 3901 4143 3911 598 648
1050 68 1060 78 731 781
2924 1985 2934 1995 687 737
666 2318 676 2328 692 742
3606 503 3616 513 393 443
3373 768 3383 778 850 900
2935 2981 2945 2991 362 412
2371 1583 2381 1593 486 536
5253 626 5263 636 669 719
1855 511 1865 521 400 450
4096 2332 4106 2342 559 609
3623 1129 3633 1139 577 627
794 2771 804 2781 799 849
4779 2728 4789 2738 771 821
2030 2243 2040 2253 727 777
1030 3346 1040 3356 584 634
5254 3358 5264 3368 377 427
3184 3497 3194 3507 575 625
2827 1681 2837 1691 417 467
3000 877 3010 887 555 605
1182 3979 1192 3989 719 769
2851 1697 2861 1707 638 688
5004 806 5014 816 758 808
4554 1229 4564 1239 418 468
2657 2232 2667 2242 804 854
5182 2167 5192 2177 732 782
2468 1687 2478 1697 421 471
1041 2679 1051 2689 733 783
823 1765 833 1775 442 492
4764 516 4774 526 600 650
139 367 149 377 412 462
4894 1993 4904 2003 384 434
436 2322 446 2332 383 433
1351 1726 1361 1736 514 564
322 145 332 155 570 620
4635 2075 4645 2085 361 411
2323 3528 2333 3538 365 415
5830 268 5840 278 643 693
36 1097 46 1107 781 831
3385 2650 3395 2660 830 880
238 1447 248 1457 854 904
4203 1435 4213 1445 548 598
1410 1365 1420 1375 397 447
2166 782 2176 792 584 634
1115 3265 1125 3275 769 819
2440 1462 2450 1472 780 830
5018 1946 5028 1956 619 669
3972 2470 3982 2480 853 903
2486 1779 2496 1789 665 715
3388 1553 3398 1563 629 679
5375 1056 5385 1066 434 484
120 3504 130 3514 745 795
2136 2612 2146 2622 773 823
4142 801 4152 811 693 743
3333 3291 3343 3301 834 884
1744 1954 1754 1964 607 657
3030 571 3040 581 409 459
1676 3208 1686 3218 851 901
2403 2183 2413 2193 468 518
204 877 214 887 699 749
5674 1420 5684 1430 719 769
5138 2564 5148 2574 849 899
5642 1550 5652 1560 609 659
3320 700 3330 710 853 903
5355 3354 5365 3364 390 440
407 1676 417 1686 787 837
2621 3345 2631 3355 734 784
509 3908 519 3918 786 836
2051 2870 2061 2880 688 738
5133 3707 5143 3717 357 407
3007 2700 3017 2710 812 862
1742 2911 1752 2921 675 725
1861 3398 1871 3408 719 769
4774 1535 4784 1545 687 737
364 2097 374 2107 863 913
5710 3594 5720 3604 588 638
3608 3497 3618 3507 553 603
2757 3753 2767 3763 548 598
3448 464 3458 474 527 577
187 1014 197 1024 819 869
42 2965 52 2975 626 676
2556 3382 2566 3392 608 658
5700 3392 5710 3402 857 907
5779 3231 5789 3241 755 805
4783 3699 4793 3709 377 427
2365 3335 2375 3345 502 552
5480 100 5490 110 557 607
285 2549 295 2559 650 700
5329 1154 5339 1164 486 536
1841 474 1851 484 444 494
1688 625 1698 635 638 688
4713 650 4723 660 609 659
90 1498 100 1508 375 425
1443 2344 1453 2354 456 506
5639 3125 5649 3135 805 855
1164 3968 1174 3978 456 506
3143 180 3153 190 598 648
1008 711 1018 721 609 659
2628 1488 2638 1498 375 425
542 3004 552 3014 530 580
1412 984 1422 994 813 863
2415 3733 2425 3743 644 694
3142 2189 3152 2199 363 413
1773 2978 1783 2988 598 648
932 3645 942 3655 363 413
4663 3909 4673 3919 713 763
1185 996 1195 1006 563 613
1465 3159 1475 3169 376 426
4580 3028 4590 3038 644 694
3847 1831 3857 1841 751 801
1603 1433 1613 1443 615 665
1570 3187 1580 3197 562 612
4155 2492 4165 2502 545 595
1866 1978 1876 1988 840 890
5691 1648 5701 1658 528 578
5072 447 5082 457 705 755
223 1711 233 1721 728 778
2455 786 2465 796 818 868
1921 985 1931 995 760 810
2420 321 2430 331 669 719
5171 32 5181 42 652 702
4503 1594 4513 1604 729 779
2978 53 2988 63 400 450
4365 2512 4375 2522 722 772
5805 957 5815 967 760 810
5579 889 5589 899 701 751
547 1524 557 1534 419 469
5516 1426 5526 1436 666 716
1850 1308 1860 1318 662 712
159 281 169 291 690 740
363 1350 373 1360 417 467
195 3121 205 3131 565 615
3598 2961 3608 2971 387 437
2054 3059 2064 3069 719 769
3165 26 3175 36 450 500
2034 3111 2044 3121 416 466
1172 3487 1182 3497 431 481
3915 2915 3925 2925 720 770
1596 3789 1606 3799 760 810
946 1157 956 1167 368 418
1510 839 1520 849 694 744
4891 1893 4901 1903 718 768
998 2752 1008 2762 665 715
3496 302 3506 312 426 476
2589 2126 2599 2136 541 591
1819 1891 1829 1901 392 442
4106 1658 4116 1668 594 644
1692 762 1702 772 765 815
2863 2365 2873 2375 579 629
1559 2700 1569 2710 740 790
200 2086 210 2096 736 786
5485 557 5495 567 390 440
5048 2934 5058 2944 588 638
4925 3666 4935 3676 338 388
2120 511 2130 521 518 568
3968 3172 3978 3182 778 828
4386 1416 4396 1426 395 445
241 3135 251 3145 503 553
2260 1011 2270 1021 625 675
4932 2719 4942 2729 559 609
435 3788 445 3798 657 707
794 1577 804 1587 437 487
1903 820 1913 830 374 424
3680 489 3690 499 518 568
2348 1266 2358 1276 478 528
4753 1563 4763 1573 860 910
3417 3728 3427 3738 688 738
1041 3267 1051 3277 339 389
1542 717 1552 727 686 736
2835 2245 2845 2255 854 904
3716 2640 3726 2650 839 889
1393 364 1403 374 751 801
759 1303 769 1313 411 461
2810 1839 2820 1849 674 724
3062 2276 3072 2286 855 905
4103 3976 4113 3986 844 894
1921 3226 1931 3236 448 498
2152 3298 2162 3308 699 749
2808 201 2818 211 443 493
4600 291 4610 301 661 711
1107 3891 1117 3901 737 787
2040 1115 2050 1125 789 839
3372 501 3382 511 835 885
20 2606 30 2616 635 685
2740 2352 2750 2362 401 451
1989 1013 1999 1023 594 644
3264 3376 3274 3386 848 898
3592 2111 3602 2121 413 463
4743 1118 4753 1128 755 805
3146 3022 3156 3032 583 633
3733 1796 3743 1806 398 448
4788 3607 4798 3617 733 783
1275 1287 1285 1297 387 437
4607 3637 4617 3647 698 748
3124 789 3134 799 512 562
703 1991 713 2001 499 549
568 2439 578 2449 618 668
5514 3483 5524 3493 730 780
1241 2024 1251 2034 767 817
4632 2768 4642 2778 339 389
1029 1594 1039 1604 457 507
3660 3517 3670 3527 850 900
4407 158 4417 168 842 892
5558 3179 5568 3189 509 559
413 1682 423 1692 469 519
5224 1936 5234 1946 677 727
2921 1547 2931 1557 588 638
4938 3743 4948 3753 839 889
1764 2225 1774 2235 738 788
2038 2037 2048 2047 357 407
229 3470 239 3480 582 632
1745 2435 1755 2445 723 773
2173 45 2183 55 424 474
1207 2408 1217 2418 712 762
2546 1770 2556 1780 584 634
4628 2861 4638 2871 842 892
5763 1940 5773 1950 444 494
4913 770 4923 780 674 724
1991 3076 2001 3086 553 603
1739 3609 1749 3619 746 796
1474 1399 1484 1409 726 776
627 3848 637 3858 519 569
3987 2590 3997 2600 522 572
1166 2141 1176 2151 785 835
452 533 462 543 579 629
4969 2547 4979 2557 361 411
5289 3805 5299 3815 785 835
4130 2757 4140 2767 832 882
2705 1271 2715 1281 862 912
4406 2985 4416 2995 811 861
52 310 62 320 367 417
3863 2820 3873 2830 458 508
4159 2061 4169 2071 789 839
5346 3796 5356 3806 812 862
1321 845 1331 855 698 748
5688 496 5698 506 827 877
2498 2307 2508 2317 730 780
2032 3835 2042 3845 412 462
5549 841 5559 851 341 391
1000 1155 1010 1165 637 687
5764 446 5774 456 829 879
4730 2184 4740 2194 845 895
1170 3200 1180 3210 825 875
3090 1162 3100 1172 577 627
3715 92 3725 102 720 770
1910 146 1920 156 730 780
3833 3422 3843 3432 795 845
1434 2265 1444 2275 777 827
5459 3049 5469 3059 732 782
404 107 414 117 349 399
3352 3416 3362 3426 810 860
4115 24 4125 34 396 446
4850 998 4860 1008 589 639
2183 948 2193 958 803 853
4640 2014 4650 2024 641 691
1012 2353 1022 2363 628 678
2099 521 2109 531 505 555
5208 323 5218 333 687 737
4336 3754 4346 3764 649 699
4339 2489 4349 2499 354 404
3792 3503 3802 3513 524 574
2125 2354 2135 2364 415 465
5353 247 5363 257 641 691
3821 3235 3831 3245 354 404
2875 2378 2885 2388 522 572
157 2514 167 2524 487 537
2884 2523 2894 2533 423 473
1891 3951 1901 3961 758 808
2891 2649 2901 2659 479 529
5602 1837 5612 1847 643 693
5194 291 5204 301 744 794
1600 3301 1610 3311 466 516
1079 3454 1089 3464 597 647
1122 1574 1132 1584 537 587
2667 2814 2677 2824 807 857
1449 3277 1459 3287 736 786
5207 2345 5217 2355 683 733
3963 1827 3973 1837 579 629
2830 3988 2840 3998 863 913
5116 755 5126 765 349 399
1716 982 1726 992 350 400
1190 3329 1200 3339 531 581
3974 3831 3984 3841 669 719
3256 1108 3266 1118 771 821
4899 1713 4909 1723 741 791
5561 2056 5571 2066 602 652
2576 2113 2586 2123 400 450
3251 2404 3261 2414 549 599
1133 876 1143 886 591 641
2709 2897 2719 2907 557 607
2187 2975 2197 2985 711 761
3358 2236 3368 2246 466 516
2517 1420 2527 1430 427 477
2866 2388 2876 2398 337 387
3924 2007 3934 2017 740 790
2735 279 2745 289 768 818
1609 3708 1619 3718 816 866
1277 468 1287 478 445 495
5161 2492 5171 2502 849 899
4488 2070 4498 2080 343 393
2711 3417 2721 3427 534 584
1344 2070 1354 2080 774 824
3517 2944 3527 2954 351 401
797 3888 807 3898 612 662
1668 2485 1678 2495 670 720
1436 787 1446 797 747 797
3079 3684 3089 3694 436 486
2295 3925 2305 3935 610 660
3045 3338 3055 3348 668 718
179 2771 189 2781 363 413
4643 1364 4653 1374 762 812
4340 3329 4350 3339 788 838
4141 2398 4151 2408 637 687
660 1639 670 1649 639 689
2361 2161 2371 2171 422 472
952 3300 962 3310 634 684
5676 1508 5686 1518 488 538
5294 2125 5304 2135 574 624
908 1950 918 1960 824 874
1631 1860 1641 1870 683 733
2192 1612 2202 1622 619 669
2627 191 2637 201 760 810
4142 1446 4152 1456 672 722
1894 1194 1904 1204 692 742
3959 3437 3969 3447 574 624
4750 3815 4760 3825 442 492
2699 1843 2709 1853 444 494
3719 3606 3729 3616 780 830
2633 828 2643 838 504 554
922 1606 932 1616 375 425
4605 790 4615 800 398 448
4730 2650 4740 2660 772 822
2642 1274 2652 1284 598 648
1858 1221 1868 1231 417 467
1024 773 1034 783 752 802
5489 1654 5499 1664 599 649
5027 660 5037 670 405 455
2716 3088 2726 3098 480 530
2382 3268 2392 3278 852 902
1238 3775 1248 3785 516 566
3143 3390 3153 3400 554 604
1079 1100 1089 1110 337 387
4595 2611 4605 2621 807 857
2491 1576 2501 1586 439 489
4937 2012 4947 2022 834 884
2632 2088 2642 2098 496 546
210 2729 220 2739 778 828
3345 3066 3355 3076 741 791
3520 3609 3530 3619 377 427
1643 3932 1653 3942 665 715
5175 3518 5185 3528 370 420
2497 1604 2507 1614 584 634
5747 3984 5757 3994 639 689
3724 2510 3734 2520 591 641
3532 3981 3542 3991 547 597
1770 3853 1780 3863 711 761
4718 1186 4728 1196 696 746
5564 2577 5574 2587 819 869
3725 2889 3735 2899 752 802
1834 2186 1844 2196 627 677
814 2837 824 2847 763 813
3118 2494 3128 2504 379 429
3343 2192 3353 2202 436 486
452 2443 462 2453 668 718
3663 477 3673 487 595 645
2337 2672 2347 2682 630 680
5645 325 5655 335 791 841
1121 3690 1131 3700 549 599
5293 2270 5303 2280 364 414
4581 2559 4591 2569 715 765
221 1966 231 1976 482 532
1189 653 1199 663 655 705
2733 572 2743 582 708 758
5147 1105 5157 1115 549 599
1410 690 1420 700 561 611
139 3716 149 3726 679 729
3968 1911 3978 1921 571 621
1443 1997 1453 2007 361 411
5422 3049 5432 3059 453 503
4083 3921 4093 3931 361 411
2749 2940 2759 2950 659 709
4445 486 4455 496 852 902
3685 2915 3695 2925 381 431
2538 3091 2548 3101 601 651
2575 1910 2585 1920 431 481
5179 3354 5189 3364 610 660
457 153 467 163 422 472
4790 3852 4800 3862 507 557
418 1066 428 1076 787 837
4259 287 4269 297 376 426
4955 1326 4965 1336 619 669
1169 1414 1179 1424 853 903
5531 2282 5541 2292 840 890
3891 2132 3901 2142 714 764
382 1030 392 1040 735 785
2346 3443 2356 3453 671 721
4139 71 4149 81 533 583
5575 72 5585 82 776 826
1945 1531 1955 1541 523 573
2222 351 2232 361 364 414
3005 705 3015 715 642 692
4516 569 4526 579 728 778
2112 3823 2122 3833 414 464
2208 3822 2218 3832 563 613
4120 2521 4130 2531 616 666
4955 611 4965 621 796 846
1173 1808 1183 1818 638 688
422 1655 432 1665 622 672
5674 3765 5684 3775 491 541
4860 3203 4870 3213 642 692
4213 1515 4223 1525 820 870
4332 3254 4342 3264 818 868
1680 924 1690 934 345 395
2093 1433 2103 1443 780 830
3808 3117 3818 3127 524 574
2040 3896 2050 3906 480 530
1346 1519 1356 1529 359 409
2183 3358 2193 3368 492 542
3510 1292 3520 1302 803 853
3595 379 3605 389 373 423
4545 143 4555 153 857 907
3955 2673 3965 2683 393 443
4525 2252 4535 2262 798 848
3803 1926 3813 1936 467 517
2001 2300 2011 2310 551 601
3181 3555 3191 3565 394 444
5387 2001 5397 2011 857 907
3247 1702 3257 1712 555 605
185 1114 195 1124 419 469
3979 1007 3989 1017 671 721
886 118 896 128 529 579
1894 767 1904 777 546 596
5066 3522 5076 3532 584 634
3003 234 3013 244 722 772
3124 330 3134 340 377 427
3716 3954 3726 3964 355 405
225 2121 235 2131 835 885
1182 3858 1192 3868 537 587
1180 1224 1190 1234 483 533
3741 1213 3751 1223 616 666
5743 1423 5753 1433 400 450
1889 992 1899 1002 597 647
1720 1560 1730 1570 636 686
5386 1675 5396 1685 771 821
2697 392 2707 402 391 441
5443 828 5453 838 456 506
4004 2889 4014 2899 863 913
1254 3340 1264 3350 826 876
5208 2310 5218 2320 465 515
5563 329 5573 339 528 578
3764 153 3774 163 523 573
676 3541 686 3551 410 460
1782 1192 1792 1202 770 820
2098 964 2108 974 766 816
1123 792 1133 802 738 788
860 599 870 609 655 705
808 1564 818 1574 539 589
2054 83 2064 93 420 470
2012 1086 2022 1096 445 495
4549 1697 4559 1707 486 536
5662 2922 5672 2932 842 892
405 2504 415 2514 651 701
2334 2824 2344 2834 369 419
4854 3412 4864 3422 489 539
4515 511 4525 521 623 673
761 2434 771 2444 776 826
3140 2776 3150 2786 440 490
3894 2043 3904 2053 639 689
4206 3330 4216 3340 486 536
5256 2258 5266 2268 652 702
652 890 662 900 364 414
4119 3027 4129 3037 458 508
55 3293 65 3303 385 435
1218 873 1228 883 446 496
5636 1431 5646 1441 548 598
40 607 50 617 430 480
1537 3982 1547 3992 772 822
318 1710 328 1720 732 782
3467 1122 3477 1132 834 884
4530 2151 4540 2161 645 695
1090 3512 1100 3522 355 405
590 2981 600 2991 397 447
26 109 36 119 598 648
4862 79 4872 89 829 879
3381 1477 3391 1487 747 797
2539 3481 2549 3491 718 768
1045 3552 1055 3562 778 828
5537 3253 5547 3263 638 688
4258 2668 4268 2678 592 642
5050 2120 5060 2130 783 833
4481 79 4491 89 517 567
2382 2695 2392 2705 861 911
4989 2114 4999 2124 759 809
4503 1159 4513 1169 772 822
2100 3242 2110 3252 805 855
143 131 153 141 583 633
5225 627 5235 637 545 595
2993 2752 3003 2762 795 845
1021 568 1031 578 827 877
3515 3773 3525 3783 544 594
4069 1889 4079 1899 754 804
1184 1411 1194 1421 429 479
4810 3752 4820 3762 746 796
3341 1847 3351 1857 417 467
1675 2173 1685 2183 360 410
5448 3785 5458 3795 505 555
3039 3299 3049 3309 665 715
1193 2320 1203 2330 467 517
2381 2558 2391 2568 834 884
2086 1144 2096 1154 681 731
4840 3457 4850 3467 810 860
71 3413 81 3423 710 760
1559 3230 1569 3240 443 493
5651 642 5661 652 760 810
3396 2094 3406 2104 609 659
1855 2697 1865 2707 611 661
3569 3554 3579 3564 620 670
3750 1849 3760 1859 550 600
1484 3213 1494 3223 702 752
3180 3183 3190 3193 523 573
74 650 84 660 705 755
4629 2914 4639 2924 655 705
3264 697 3274 707 862 912
968 3332 978 3342 449 499
92 768 102 778 588 638
4889 1090 4899 1100 728 778
5367 1200 5377 1210 800 850
5224 962 5234 972 485 535
3149 3130 3159 3140 769 819
165 1903 175 1913 806 856
5616 2669 5626 2679 805 855
1778 949 1788 959 621 671
3646 533 3656 543 626 676
2219 418 2229 428 669 719
838 2451 848 2461 828 878
4859 3201 4869 3211 355 405
4387 936 4397 946 717 767
3992 3708 4002 3718 381 431
2715 2715 2725 2725 777 827
5088 1279 5098 1289 822 872
3066 3772 3076 3782 825 875
3639 63 3649 73 732 782
2576 784 2586 794 390 440
1437 3562 1447 3572 396 446
42 292 52 302 647 697
5466 3429 5476 3439 361 411
2072 1320 2082 1330 587 637
5091 746 5101 756 553 603
2309 1943 2319 1953 719 769
5345 3370 5355 3380 396 446
5093 2606 5103 2616 545 595
100 3529 110 3539 444 494
2354 3449 2364 3459 693 743
5609 3913 5619 3923 763 813
4380 1036 4390 1046 732 782
3061 428 3071 438 605 655
2240 3942 2250 3952 491 541
5133 42 5143 52 574 624
1622 50 1632 60 475 525
4368 727 4378 737 626 676
5553 1599 5563 1609 443 493
2812 3722 2822 3732 639 689
74 914 84 924 692 742
2514 76 2524 86 609 659
2842 3240 2852 3250 722 772
3424 2499 3434 2509 470 520
5439 3430 5449 3440 361 411
5294 3831 5304 3841 566 616
1148 189 1158 199 811 861
5229 2440 5239 2450 765 815
5131 3881 5141 3891 632 682
1769 1916 1779 1926 374 424
4614 2976 4624 2986 631 681
4580 715 4590 725 404 454
4634 3448 4644 3458 769 819
1137 346 1147 356 492 542
3235 3583 3245 3593 615 665
1339 3358 1349 3368 861 911
5749 1180 5759 1190 393 443
3431 3833 3441 3843 366 416
5563 1101 5573 1111 838 888
1273 3572 1283 3582 684 734
4474 2041 4484 2051 536 586
1557 718 1567 728 752 802
3962 2755 3972 2765 387 437
2255 1206 2265 1216 680 730
1649 491 1659 501 775 825
3762 2174 3772 2184 580 630
4218 3922 4228 3932 580 630
4638 1794 4648 1804 385 435
2937 3735 2947 3745 777 827
989 1749 999 1759 843 893
5286 2786 5296 2796 850 900
2088 3771 2098 3781 627 677
5572 788 5582 798 692 742
4767 1069 4777 1079 375 425
946 745 956 755 584 634
1699 869 1709 879 569 619
4339 3659 4349 3669 770 820
2032 559 2042 569 609 659
7 1992 17 2002 794 844
4924 1479 4934 1489 532 582
3211 2552 3221 2562 633 683
1010 205 1020 215 618 668
5054 3135 5064 3145 520 570
333 440 343 450 490 540
3325 448 3335 458 718 768
4075 375 4085 385 639 689
1771 3578 1781 3588 532 582
1541 880 1551 890 417 467
1607 1717 1617 1727 606 656
1079 1587 1089 1597 791 841
1230 3298 1240 3308 511 561
2855 3286 2865 3296 494 544
1057 1508 1067 1518 626 676
5631 718 5641 728 678 728
5017 3737 5027 3747 429 479
4546 697 4556 707 354 404
2148 3368 2158 3378 414 464
2041 3701 2051 3711 571 621
882 1111 892 1121 628 678
5288 3326 5298 3336 709 759
907 120 917 130 827 877
384 3877 394 3887 407 457
3656 2404 3666 2414 512 562
4634 479 4644 489 444 494
103 785 113 795 522 572
2670 77 2680 87 712 762
222 2452 232 2462 684 734
5080 360 5090 370 626 676
1785 1578 1795 1588 774 824
3534 2495 3544 2505 812 862
3590 3826 3600 3836 620 670
5164 2519 5174 2529 529 579
1284 3621 1294 3631 503 553
2837 3050 2847 3060 481 531
2172 482 2182 492 862 912
465 1120 475 1130 693 743
1789 585 1799 595 521 571
4237 2455 4247 2465 543 593
2897 1243 2907 1253 557 607
1528 2657 1538 2667 586 636
4888 1916 4898 1926 804 854
396 704 406 714 823 873
2569 3159 2579 3169 589 639
4481 3569 4491 3579 849 899
1632 275 1642 285 643 693
4869 243 4879 253 591 641
1245 2556 1255 2566 429 479
2420 222 2430 232 515 565
302 935 312 945 521 571
76 3428 86 3438 740 790
2727 3045 2737 3055 488 538
3333 1522 3343 1532 503 553
125 358 135 368 853 903
2592 2720 2602 2730 380 430
1555 1957 1565 1967 772 822
797 3608 807 3618 353 403
5139 1383 5149 1393 551 601
990 3338 1000 3348 380 430
1413 1853 1423 1863 621 671
1739 119 1749 129 691 741
5502 3008 5512 3018 504 554
4631 3988 4641 3998 589 639
2139 824 2149 834 612 662
5140 3504 5150 3514 739 789
4811 3107 4821 3117 834 884
4852 3341 4862 3351 367 417
4199 2951 4209 2961 469 519
341 906 351 916 515 565
3345 2891 3355 2901 711 761
4447 2167 4457 2177 751 801
3024 629 3034 639 357 407
3964 1806 3974 1816 489 539
3985 799 3995 809 859 909
3503 4 3513 14 386 436
2699 3752 2709 3762 355 405
1676 1197 1686 1207 544 594
1000 564 1010 574 680 730
1917 2796 1927 2806 856 906
4696 3361 4706 3371 442 492
130 1580 140 1590 394 444
1484 881 1494 891 836 886
1976 1170 1986 1180 337 387
2788 740 2798 750 644 694
4044 3177 4054 3187 694 744
4036 3221 4046 3231 494 544
639 451 649 461 515 565
4162 2467 4172 2477 492 542
99 293 109 303 639 689
5406 1258 5416 1268 439 489
3381 848 3391 858 455 505
3744 796 3754 806 481 531
4016 1732 4026 1742 436 486
2997 2041 3007 2051 820 870
676 1784 686 1794 854 904
2193 2850 2203 2860 660 710
4377 3594 4387 3604 453 503
418 3365 428 3375 791 841
4027 1123 4037 1133 752 802
202 1767 212 1777 725 775
5479 1819 5489 1829 592 642
982 3447 992 3457 734 784
5077 2526 5087 2536 643 693
4234 1625 4244 1635 471 521
289 2396 299 2406 742 792
2575 1613 2585 1623 415 465
2130 3881 2140 3891 597 647
2159 2413 2169 2423 653 703
1511 1766 1521 1776 434 484
2103 2359 2113 2369 706 756
649 2800 659 2810 765 815
5262 1440 5272 1450 669 719
3613 13 3623 23 671 721
1359 452 1369 462 455 505
5589 2733 5599 2743 644 694
82 2052 92 2062 472 522
4838 3244 4848 3254 658 708
854 2769 864 2779 852 902
1801 717 1811 727 401 451
5629 1372 5639 1382 663 713
2402 2001 2412 2011 403 453
5012 1077 5022 1087 795 845
5541 2622 5551 2632 648 698
2174 2765 2184 2775 341 391
1589 1170 1599 1180 359 409
4461 3612 4471 3622 657 707
2852 206 2862 216 504 554
5441 3290 5451 3300 789 839
363 1879 373 1889 385 435
5457 326 5467 336 761 811
3432 1159 3442 1169 443 493
1298 1445 1308 1455 460 510
2187 2252 2197 2262 435 485
1043 3731 1053 3741 674 724
4253 1901 4263 1911 751 801
442 2386 452 2396 542 592
5378 2810 5388 2820 654 704
16 684 26 694 538 588
3388 800 3398 810 511 561
3812 170 3822 180 389 439
2771 3531 2781 3541 542 592
3064 1709 3074 1719 344 394
1972 3364 1982 3374 372 422
957 2904 967 2914 433 483
