100
229 3837 329 3937 395 795
3334 3289 3434 3389 395 795
5400 3229 5500 3329 395 795
3732 3096 3832 3196 395 795
705 950 805 1050 395 795
2532 2918 2632 3018 395 795
4015 2864 4115 2964 395 795
4836 1383 4936 1483 395 795
1235 660 1335 760 395 795
1410 508 1510 608 395 795
1919 3856 2019 3956 395 795
3630 916 3730 1016 395 795
2001 2595 2101 2695 395 795
2708 206 2808 306 395 795
3789 2018 3889 2118 395 795
3677 2096 3777 2196 395 795
4152 3314 4252 3414 395 795
5526 1866 5626 1966 395 795
3498 1450 3598 1550 395 795
2566 4 2666 104 395 795
3058 421 3158 521 395 795
3533 1492 3633 1592 395 795
3659 1066 3759 1166 395 795
1914 1621 2014 1721 395 795
632 212 732 312 395 795
3229 2088 3329 2188 395 795
4524 3074 4624 3174 395 795
2308 2966 2408 3066 395 795
110 3081 210 3181 395 795
0 2068 100 2168 395 795
112 1685 212 1785 395 795
2730 500 2830 600 395 795
865 343 965 443 395 795
3441 1087 3541 1187 395 795
846 775 946 875 395 795
3378 1540 3478 1640 395 795
729 2609 829 2709 395 795
601 1828 701 1928 395 795
4906 3254 5006 3354 395 795
4094 95 4194 195 395 795
652 2926 752 3026 395 795
2348 2230 2448 2330 395 795
3254 2535 3354 2635 395 795
1325 1215 1425 1315 395 795
5038 1815 5138 1915 395 795
2077 261 2177 361 395 795
367 2141 467 2241 395 795
5334 1945 5434 2045 395 795
2135 1722 2235 1822 395 795
407 1624 507 1724 395 795
4407 2719 4507 2819 395 795
2250 1041 2350 1141 395 795
5510 3543 5610 3643 395 795
4890 3697 4990 3797 395 795
179 3666 279 3766 395 795
4472 3711 4572 3811 395 795
5379 3322 5479 3422 395 795
1372 2138 1472 2238 395 795
1101 3335 1201 3435 395 795
1070 1019 1170 1119 395 795
4576 1330 4676 1430 395 795
1468 2097 1568 2197 395 795
2766 636 2866 736 395 795
1541 650 1641 750 395 795
4648 3017 4748 3117 395 795
2695 2203 2795 2303 395 795
1099 133 1199 233 395 795
3816 1857 3916 1957 395 795
2609 3462 2709 3562 395 795
355 1267 455 1367 395 795
1573 139 1673 239 395 795
5278 3266 5378 3366 395 795
1825 464 1925 564 395 795
5211 2765 5311 2865 395 795
4160 798 4260 898 395 795
4431 3645 4531 3745 395 795
4793 3659 4893 3759 395 795
3856 293 3956 393 395 795
1772 1826 1872 1926 395 795
1532 1348 1632 1448 395 795
2711 3061 2811 3161 395 795
5100 125 5200 225 395 795
3986 242 4086 342 395 795
5232 1564 5332 1664 395 795
1505 3479 1605 3579 395 795
5302 378 5402 478 395 795
39 2504 139 2604 395 795
209 527 309 627 395 795
8 3742 108 3842 395 795
5343 1463 5443 1563 395 795
772 1771 872 1871 395 795
2528 114 2628 214 395 795
4745 1643 4845 1743 395 795
2195 1767 2295 1867 395 795
1406 3847 1506 3947 395 795
2563 512 2663 612 395 795
2768 112 2868 212 395 795
2739 3548 2839 3648 395 795
463 1215 563 1315 395 795
3526 1406 3626 1506 395 795
