100
2456 3688 2506 3738 734 754
95 3545 145 3595 734 754
5720 1535 5770 1585 734 754
1786 2185 1836 2235 734 754
186 2694 236 2744 734 754
2926 2229 2976 2279 734 754
856 1460 906 1510 734 754
1332 3575 1382 3625 734 754
4123 2562 4173 2612 734 754
5441 3077 5491 3127 734 754
639 2800 689 2850 734 754
4766 3934 4816 3984 734 754
2807 1712 2857 1762 734 754
5602 3890 5652 3940 734 754
1774 1605 1824 1655 734 754
1808 2526 1858 2576 734 754
4987 2527 5037 2577 734 754
1889 2169 1939 2219 734 754
3219 56 3269 106 734 754
2017 3482 2067 3532 734 754
265 653 315 703 734 754
526 706 576 756 734 754
2241 3262 2291 3312 734 754
4399 899 4449 949 734 754
3038 501 3088 551 734 754
5105 2344 5155 2394 734 754
4497 3112 4547 3162 734 754
4226 2748 4276 2798 734 754
2875 3445 2925 3495 734 754
4700 3129 4750 3179 734 754
626 1463 676 1513 734 754
434 735 484 785 734 754
5758 2687 5808 2737 734 754
2086 3534 2136 3584 734 754
4673 2169 4723 2219 734 754
5264 404 5314 454 734 754
1928 3687 1978 3737 734 754
4733 416 4783 466 734 754
531 303 581 353 734 754
3416 351 3466 401 734 754
273 772 323 822 734 754
4592 2968 4642 3018 734 754
4157 502 4207 552 734 754
493 3620 543 3670 734 754
5738 3315 5788 3365 734 754
4563 3340 4613 3390 734 754
4584 3365 4634 3415 734 754
3533 299 3583 349 734 754
204 2459 254 2509 734 754
619 3706 669 3756 734 754
1277 1809 1327 1859 734 754
4024 2931 4074 2981 734 754
4555 132 4605 182 734 754
4722 3406 4772 3456 734 754
4982 3524 5032 3574 734 754
1538 670 1588 720 734 754
3751 795 3801 845 734 754
4235 3092 4285 3142 734 754
713 885 763 935 734 754
2032 156 2082 206 734 754
1476 3853 1526 3903 734 754
4371 508 4421 558 734 754
3149 2483 3199 2533 734 754
2166 279 2216 329 734 754
5079 3502 5129 3552 734 754
2439 1100 2489 1150 734 754
1550 3575 1600 3625 734 754
5581 1199 5631 1249 734 754
985 2289 1035 2339 734 754
2748 3573 2798 3623 734 754
5533 2704 5583 2754 734 754
4105 1070 4155 1120 734 754
1972 3363 2022 3413 734 754
4284 277 4334 327 734 754
4623 1835 4673 1885 734 754
2019 3928 2069 3978 734 754
4 2792 54 2842 734 754
2388 484 2438 534 734 754
1386 155 1436 205 734 754
5179 1748 5229 1798 734 754
222 228 272 278 734 754
3049 3311 3099 3361 734 754
5636 1791 5686 1841 734 754
5224 2991 5274 3041 734 754
234 644 284 694 734 754
4144 854 4194 904 734 754
3814 2337 3864 2387 734 754
3470 2328 3520 2378 734 754
2353 1567 2403 1617 734 754
2681 908 2731 958 734 754
1162 2470 1212 2520 734 754
4631 50 4681 100 734 754
3973 803 4023 853 734 754
1665 1498 1715 1548 734 754
4455 159 4505 209 734 754
3379 3478 3429 3528 734 754
1553 1006 1603 1056 734 754
3796 3053 3846 3103 734 754
2151 2829 2201 2879 734 754
903 1788 953 1838 734 754
