100
3181 2932 3381 3132 395 795
2177 938 2377 1138 395 795
5570 3112 5770 3312 395 795
3992 2536 4192 2736 395 795
798 603 998 803 395 795
4870 846 5070 1046 395 795
4285 1541 4485 1741 395 795
2760 206 2960 406 395 795
4237 251 4437 451 395 795
404 1936 604 2136 395 795
389 3493 589 3693 395 795
2272 3000 2472 3200 395 795
4056 653 4256 853 395 795
3763 1128 3963 1328 395 795
1508 905 1708 1105 395 795
5412 1234 5612 1434 395 795
2267 3139 2467 3339 395 795
5580 2880 5780 3080 395 795
1081 1970 1281 2170 395 795
1497 2777 1697 2977 395 795
3080 1992 3280 2192 395 795
5158 1611 5358 1811 395 795
4083 3793 4283 3993 395 795
95 2346 295 2546 395 795
2597 446 2797 646 395 795
859 345 1059 545 395 795
4559 1814 4759 2014 395 795
976 3213 1176 3413 395 795
4033 1152 4233 1352 395 795
3939 1562 4139 1762 395 795
1043 644 1243 844 395 795
4362 1356 4562 1556 395 795
5507 429 5707 629 395 795
5354 164 5554 364 395 795
2516 3581 2716 3781 395 795
2674 433 2874 633 395 795
1708 494 1908 694 395 795
1604 2296 1804 2496 395 795
4469 3123 4669 3323 395 795
2677 3792 2877 3992 395 795
2123 584 2323 784 395 795
4336 2969 4536 3169 395 795
951 2943 1151 3143 395 795
3864 2596 4064 2796 395 795
4335 2922 4535 3122 395 795
4733 83 4933 283 395 795
156 884 356 1084 395 795
2895 2810 3095 3010 395 795
2116 3405 2316 3605 395 795
893 1442 1093 1642 395 795
3666 1376 3866 1576 395 795
4512 417 4712 617 395 795
42 3182 242 3382 395 795
5372 1618 5572 1818 395 795
2098 2815 2298 3015 395 795
144 1534 344 1734 395 795
228 1947 428 2147 395 795
5187 1259 5387 1459 395 795
4075 814 4275 1014 395 795
370 2915 570 3115 395 795
5421 412 5621 612 395 795
2354 2763 2554 2963 395 795
2918 3698 3118 3898 395 795
5524 339 5724 539 395 795
2140 1738 2340 1938 395 795
3873 1947 4073 2147 395 795
4193 2918 4393 3118 395 795
5463 444 5663 644 395 795
3143 537 3343 737 395 795
3030 264 3230 464 395 795
1962 3673 2162 3873 395 795
3746 682 3946 882 395 795
1937 1762 2137 1962 395 795
3293 2169 3493 2369 395 795
910 3526 1110 3726 395 795
2989 242 3189 442 395 795
3050 3543 3250 3743 395 795
551 2964 751 3164 395 795
4876 1769 5076 1969 395 795
5133 2203 5333 2403 395 795
1060 545 1260 745 395 795
1465 550 1665 750 395 795
393 444 593 644 395 795
3847 2754 4047 2954 395 795
765 787 965 987 395 795
2986 3596 3186 3796 395 795
4334 276 4534 476 395 795
4841 208 5041 408 395 795
4308 148 4508 348 395 795
850 2346 1050 2546 395 795
363 1392 563 1592 395 795
115 1542 315 1742 395 795
3389 1054 3589 1254 395 795
3589 35 3789 235 395 795
1026 1739 1226 1939 395 795
3848 259 4048 459 395 795
731 2589 931 2789 395 795
1546 2738 1746 2938 395 795
883 3334 1083 3534 395 795
4509 1006 4709 1206 395 795
