100
1460 1116 1470 1126 347 397
2210 2653 2220 2663 347 397
3930 779 3940 789 347 397
1493 1834 1503 1844 347 397
801 2264 811 2274 347 397
1272 3237 1282 3247 347 397
410 1156 420 1166 347 397
413 3116 423 3126 347 397
2325 2909 2335 2919 347 397
5658 150 5668 160 347 397
756 3136 766 3146 347 397
821 536 831 546 347 397
4408 3395 4418 3405 347 397
5291 3585 5301 3595 347 397
1524 1920 1534 1930 347 397
2548 872 2558 882 347 397
4114 564 4124 574 347 397
2039 3676 2049 3686 347 397
4396 3584 4406 3594 347 397
1731 3108 1741 3118 347 397
3154 2616 3164 2626 347 397
210 1798 220 1808 347 397
5582 2787 5592 2797 347 397
4909 121 4919 131 347 397
995 1665 1005 1675 347 397
1643 2925 1653 2935 347 397
582 3109 592 3119 347 397
5021 1623 5031 1633 347 397
1376 3516 1386 3526 347 397
2334 231 2344 241 347 397
1693 2233 1703 2243 347 397
54 3719 64 3729 347 397
5339 3865 5349 3875 347 397
39 3378 49 3388 347 397
1323 2547 1333 2557 347 397
2649 2938 2659 2948 347 397
472 2473 482 2483 347 397
3740 191 3750 201 347 397
5012 3283 5022 3293 347 397
3829 2212 3839 2222 347 397
1102 584 1112 594 347 397
3458 3381 3468 3391 347 397
5786 2230 5796 2240 347 397
4524 1452 4534 1462 347 397
4978 3845 4988 3855 347 397
4232 823 4242 833 347 397
3759 410 3769 420 347 397
2346 1745 2356 1755 347 397
2078 1579 2088 1589 347 397
2870 1366 2880 1376 347 397
3535 1251 3545 1261 347 397
3577 544 3587 554 347 397
397 2674 407 2684 347 397
5760 1854 5770 1864 347 397
3682 1049 3692 1059 347 397
4964 2161 4974 2171 347 397
1248 458 1258 468 347 397
4318 573 4328 583 347 397
937 1802 947 1812 347 397
2535 2066 2545 2076 347 397
5568 1332 5578 1342 347 397
2454 2981 2464 2991 347 397
921 1064 931 1074 347 397
2462 3642 2472 3652 347 397
733 1105 743 1115 347 397
5778 2015 5788 2025 347 397
719 568 729 578 347 397
294 2941 304 2951 347 397
708 919 718 929 347 397
2224 455 2234 465 347 397
1830 117 1840 127 347 397
1194 2838 1204 2848 347 397
5478 1790 5488 1800 347 397
2131 3264 2141 3274 347 397
542 3060 552 3070 347 397
4349 496 4359 506 347 397
4981 1853 4991 1863 347 397
5304 1381 5314 1391 347 397
5150 3450 5160 3460 347 397
4599 807 4609 817 347 397
5118 1287 5128 1297 347 397
2170 543 2180 553 347 397
3769 3005 3779 3015 347 397
2652 1107 2662 1117 347 397
4216 1913 4226 1923 347 397
4567 1138 4577 1148 347 397
4082 1801 4092 1811 347 397
4823 229 4833 239 347 397
3291 3397 3301 3407 347 397
2163 2430 2173 2440 347 397
1488 2457 1498 2467 347 397
5641 2105 5651 2115 347 397
1031 36 1041 46 347 397
4390 2473 4400 2483 347 397
1220 2142 1230 2152 347 397
403 1673 413 1683 347 397
3404 1349 3414 1359 347 397
2042 1293 2052 1303 347 397
2887 947 2897 957 347 397
3669 1911 3679 1921 347 397
