330
1280 0 1535 255 339 349
3328 1024 3583 1279 563 573
0 2816 255 3071 830 840
768 768 1023 1023 663 673
2304 2816 2559 3071 732 742
1536 2560 1791 2815 690 700
0 4352 255 4607 469 479
3328 1792 3583 2047 366 376
1792 2560 2047 2815 624 634
1024 3328 1279 3583 817 827
1280 1280 1535 1535 764 774
3584 3584 3839 3839 832 842
1024 5120 1279 5375 641 651
0 512 255 767 836 846
768 2304 1023 2559 351 361
3072 4352 3327 4607 363 373
512 3840 767 4095 416 426
1792 3072 2047 3327 865 875
1536 5376 1791 5631 681 691
1280 1536 1535 1791 902 912
1536 2816 1791 3071 859 869
3584 5376 3839 5631 795 805
512 3328 767 3583 480 490
1536 256 1791 511 539 549
1792 3840 2047 4095 724 734
2048 4096 2303 4351 591 601
256 1280 511 1535 416 426
3072 2816 3327 3071 425 435
1024 4096 1279 4351 654 664
2304 3840 2559 4095 429 439
256 2048 511 2303 351 361
1024 2048 1279 2303 591 601
3072 2304 3327 2559 591 601
3328 512 3583 767 844 854
2816 2560 3071 2815 852 862
1280 1024 1535 1279 354 364
768 1280 1023 1535 565 575
3584 4608 3839 4863 418 428
2304 768 2559 1023 383 393
3072 4096 3327 4351 853 863
768 0 1023 255 833 843
2560 1792 2815 2047 810 820
2560 1536 2815 1791 716 726
768 3328 1023 3583 570 580
2816 4352 3071 4607 678 688
2048 0 2303 255 730 740
1024 4608 1279 4863 597 607
0 0 255 255 757 767
3584 5120 3839 5375 626 636
3072 1536 3327 1791 374 384
2048 1536 2303 1791 755 765
1792 2816 2047 3071 516 526
1792 2304 2047 2559 767 777
256 5376 511 5631 899 909
0 4096 255 4351 719 729
2304 1024 2559 1279 522 532
512 1280 767 1535 521 531
1024 4352 1279 4607 798 808
1536 4352 1791 4607 545 555
3584 2560 3839 2815 773 783
1792 4352 2047 4607 825 835
2816 1792 3071 2047 559 569
1536 2304 1791 2559 460 470
2560 4352 2815 4607 512 522
512 2304 767 2559 434 444
3072 4608 3327 4863 344 354
0 2048 255 2303 465 475
256 2816 511 3071 663 673
1792 3584 2047 3839 425 435
3584 512 3839 767 511 521
256 768 511 1023 547 557
3584 768 3839 1023 856 866
2048 5120 2303 5375 353 363
256 2304 511 2559 359 369
768 4096 1023 4351 523 533
2304 3584 2559 3839 694 704
2816 1280 3071 1535 688 698
2560 2816 2815 3071 718 728
2816 3328 3071 3583 547 557
3328 256 3583 511 410 420
256 256 511 511 690 700
1280 3072 1535 3327 901 911
768 2816 1023 3071 590 600
0 4864 255 5119 554 564
1280 4096 1535 4351 831 841
512 0 767 255 340 350
1280 2560 1535 2815 739 749
1280 5376 1535 5631 383 393
2048 4608 2303 4863 736 746
0 256 255 511 381 391
2560 4608 2815 4863 820 830
3072 0 3327 255 657 667
0 1024 255 1279 538 548
2304 5120 2559 5375 376 386
1792 768 2047 1023 768 778
0 1280 255 1535 636 646
2560 1280 2815 1535 383 393
2048 4352 2303 4607 896 906
1792 256 2047 511 395 405
2048 768 2303 1023 406 416
3072 256 3327 511 438 448
2560 3072 2815 3327 540 550
2048 1024 2303 1279 359 369
2816 1536 3071 1791 454 464
1536 2048 1791 2303 562 572
2816 2304 3071 2559 480 490
2048 3072 2303 3327 746 756
0 2560 255 2815 848 858
2560 768 2815 1023 861 871
1280 768 1535 1023 892 902
1024 1024 1279 1279 355 365
512 1024 767 1279 647 657
512 4352 767 4607 889 899
1280 4352 1535 4607 543 553
2048 3584 2303 3839 799 809
768 256 1023 511 751 761
2816 5376 3071 5631 546 556
1280 3584 1535 3839 570 580
512 4864 767 5119 797 807
2816 256 3071 511 378 388
1792 1024 2047 1279 549 559
1792 1280 2047 1535 713 723
768 2048 1023 2303 633 643
3584 4352 3839 4607 750 760
1536 4864 1791 5119 688 698
2048 3840 2303 4095 497 507
2304 512 2559 767 482 492
2304 1280 2559 1535 669 679
3328 2816 3583 3071 489 499
3584 256 3839 511 475 485
3328 3840 3583 4095 739 749
1280 3840 1535 4095 591 601
3328 4864 3583 5119 678 688
2304 1536 2559 1791 696 706
2048 2816 2303 3071 643 653
512 1536 767 1791 839 849
3328 3584 3583 3839 774 784
3072 4864 3327 5119 486 496
2816 512 3071 767 783 793
1792 4096 2047 4351 731 741
1280 2048 1535 2303 474 484
2304 1792 2559 2047 736 746
2048 1280 2303 1535 409 419
1792 0 2047 255 394 404
512 512 767 767 375 385
0 3072 255 3327 872 882
1024 2816 1279 3071 808 818
2560 4096 2815 4351 519 529
2560 5120 2815 5375 473 483
1536 3840 1791 4095 636 646
2560 3328 2815 3583 560 570
1792 4608 2047 4863 685 695
3072 512 3327 767 446 456
256 2560 511 2815 857 867
2304 3072 2559 3327 531 541
1792 1792 2047 2047 732 742
1792 512 2047 767 385 395
2048 512 2303 767 612 622
2560 256 2815 511 497 507
768 3072 1023 3327 538 548
768 4864 1023 5119 750 760
1536 768 1791 1023 834 844
1536 3328 1791 3583 727 737
512 2048 767 2303 460 470
2304 3328 2559 3583 626 636
256 1536 511 1791 466 476
3072 3072 3327 3327 897 907
256 4864 511 5119 496 506
256 3840 511 4095 550 560
0 3584 255 3839 711 721
256 0 511 255 825 835
256 1792 511 2047 687 697
256 3072 511 3327 544 554
2048 2304 2303 2559 898 908
2816 2048 3071 2303 679 689
256 3584 511 3839 517 527
3584 3072 3839 3327 801 811
3072 1024 3327 1279 583 593
2048 4864 2303 5119 700 710
1536 3072 1791 3327 370 380
512 5120 767 5375 883 893
2560 3840 2815 4095 858 868
3328 2304 3583 2559 718 728
2816 0 3071 255 360 370
2304 4864 2559 5119 811 821
2560 0 2815 255 847 857
1280 2816 1535 3071 755 765
1024 1536 1279 1791 860 870
3072 3584 3327 3839 555 565
3072 2048 3327 2303 348 358
2304 2304 2559 2559 429 439
1280 3328 1535 3583 337 347
1536 4608 1791 4863 846 856
3328 2048 3583 2303 819 829
1024 2304 1279 2559 395 405
2304 2560 2559 2815 503 513
768 1024 1023 1279 883 893
768 4608 1023 4863 388 398
2048 2560 2303 2815 598 608
0 1536 255 1791 530 540
2560 1024 2815 1279 762 772
0 2304 255 2559 454 464
512 4096 767 4351 815 825
1792 5376 2047 5631 337 347
1792 2048 2047 2303 383 393
1280 4608 1535 4863 591 601
1280 4864 1535 5119 518 528
768 5376 1023 5631 847 857
1536 1280 1791 1535 772 782
3328 768 3583 1023 816 826
2816 4864 3071 5119 815 825
256 1024 511 1279 686 696
2560 5376 2815 5631 770 780
3072 3840 3327 4095 564 574
2816 768 3071 1023 644 654
1536 1536 1791 1791 613 623
768 1536 1023 1791 443 453
512 256 767 511 495 505
3328 4096 3583 4351 504 514
3584 4864 3839 5119 661 671
3072 3328 3327 3583 442 452
1024 1280 1279 1535 531 541
3328 4608 3583 4863 596 606
768 4352 1023 4607 886 896
1792 1536 2047 1791 381 391
2304 0 2559 255 654 664
1024 3840 1279 4095 420 430
768 3584 1023 3839 360 370
768 2560 1023 2815 640 650
768 1792 1023 2047 616 626
1792 3328 2047 3583 488 498
3328 1280 3583 1535 434 444
2304 4352 2559 4607 734 744
2304 5376 2559 5631 902 912
1280 2304 1535 2559 434 444
2816 3584 3071 3839 780 790
2048 5376 2303 5631 589 599
2048 2048 2303 2303 550 560
2560 512 2815 767 659 669
1792 5120 2047 5375 392 402
2816 3072 3071 3327 462 472
2304 4096 2559 4351 505 515
1280 512 1535 767 677 687
2304 2048 2559 2303 831 841
2816 5120 3071 5375 733 743
512 768 767 1023 417 427
2304 4608 2559 4863 475 485
1280 256 1535 511 839 849
1536 4096 1791 4351 576 586
3584 0 3839 255 642 652
2560 2304 2815 2559 531 541
1024 3072 1279 3327 616 626
1280 5120 1535 5375 836 846
3584 3840 3839 4095 791 801
3584 1024 3839 1279 598 608
3328 1536 3583 1791 880 890
256 3328 511 3583 476 486
3328 5120 3583 5375 616 626
512 3584 767 3839 838 848
3328 2560 3583 2815 715 725
256 5120 511 5375 896 906
1024 768 1279 1023 423 433
3584 2816 3839 3071 812 822
256 4608 511 4863 726 736
3072 1792 3327 2047 421 431
0 1792 255 2047 844 854
1536 512 1791 767 537 547
3584 1792 3839 2047 608 618
2816 2816 3071 3071 491 501
256 4096 511 4351 859 869
2560 2560 2815 2815 598 608
1024 1792 1279 2047 551 561
3584 4096 3839 4351 461 471
0 3328 255 3583 371 381
2048 1792 2303 2047 413 423
1536 1024 1791 1279 792 802
3584 1280 3839 1535 452 462
3328 5376 3583 5631 551 561
2560 4864 2815 5119 662 672
2816 4096 3071 4351 626 636
3584 3328 3839 3583 791 801
512 3072 767 3327 856 866
2560 2048 2815 2303 338 348
1536 3584 1791 3839 658 668
3584 2304 3839 2559 678 688
2816 3840 3071 4095 534 544
1024 3584 1279 3839 569 579
1280 1792 1535 2047 753 763
768 512 1023 767 748 758
2560 3584 2815 3839 504 514
512 1792 767 2047 564 574
1024 4864 1279 5119 740 750
1024 512 1279 767 525 535
3328 3072 3583 3327 407 417
3584 2048 3839 2303 497 507
1024 0 1279 255 544 554
1024 256 1279 511 347 357
2304 256 2559 511 633 643
1024 5376 1279 5631 750 760
2048 3328 2303 3583 436 446
512 4608 767 4863 588 598
0 768 255 1023 444 454
0 5376 255 5631 651 661
3072 768 3327 1023 647 657
3072 1280 3327 1535 479 489
2816 1024 3071 1279 662 672
1536 5120 1791 5375 470 480
1792 4864 2047 5119 529 539
3072 2560 3327 2815 877 887
256 512 511 767 795 805
0 3840 255 4095 818 828
2048 256 2303 511 699 709
3072 5120 3327 5375 683 693
0 4608 255 4863 754 764
3328 0 3583 255 454 464
768 3840 1023 4095 457 467
512 5376 767 5631 886 896
3328 3328 3583 3583 686 696
1536 0 1791 255 808 818
1024 2560 1279 2815 730 740
3328 4352 3583 4607 788 798
1536 1792 1791 2047 468 478
256 4352 511 4607 502 512
512 2816 767 3071 409 419
0 5120 255 5375 538 548
512 2560 767 2815 597 607
3584 1536 3839 1791 551 561
2816 4608 3071 4863 484 494
3072 5376 3327 5631 893 903
768 5120 1023 5375 397 407
