1000
620 1768 820 1968 677 727
2649 1073 2849 1273 582 632
48 3280 248 3480 728 778
1325 3501 1525 3701 368 418
423 1065 623 1265 689 739
1594 321 1794 521 563 613
1937 2622 2137 2822 637 687
2603 2521 2803 2721 730 780
2351 2278 2551 2478 349 399
601 1168 801 1368 821 871
1014 1808 1214 2008 403 453
2428 2509 2628 2709 713 763
1377 2467 1577 2667 573 623
3143 785 3343 985 700 750
5029 1722 5229 1922 580 630
2368 3101 2568 3301 578 628
1787 2268 1987 2468 619 669
1534 214 1734 414 521 571
1155 2891 1355 3091 370 420
1726 1793 1926 1993 451 501
4974 3526 5174 3726 446 496
2936 3115 3136 3315 821 871
2117 227 2317 427 653 703
840 3078 1040 3278 545 595
4508 645 4708 845 401 451
1661 3028 1861 3228 366 416
4567 708 4767 908 383 433
2939 3040 3139 3240 715 765
5555 226 5755 426 697 747
4388 37 4588 237 513 563
5529 3018 5729 3218 435 485
3957 1804 4157 2004 802 852
2170 532 2370 732 526 576
140 2480 340 2680 770 820
4984 2018 5184 2218 793 843
52 1742 252 1942 385 435
3709 1234 3909 1434 826 876
1122 3117 1322 3317 591 641
306 2309 506 2509 810 860
3766 2621 3966 2821 477 527
744 2951 944 3151 849 899
3536 2838 3736 3038 657 707
3137 989 3337 1189 523 573
1000 1404 1200 1604 684 734
116 2598 316 2798 449 499
5590 2491 5790 2691 833 883
2716 1916 2916 2116 744 794
4562 870 4762 1070 743 793
1381 3368 1581 3568 454 504
5458 2430 5658 2630 472 522
1748 1380 1948 1580 594 644
638 1475 838 1675 404 454
5140 497 5340 697 631 681
298 206 498 406 537 587
3798 1408 3998 1608 859 909
3377 2480 3577 2680 606 656
469 2648 669 2848 580 630
5358 351 5558 551 828 878
3983 2430 4183 2630 393 443
1825 1509 2025 1709 409 459
3348 1426 3548 1626 559 609
2646 659 2846 859 381 431
3677 1751 3877 1951 620 670
2970 2226 3170 2426 376 426
590 3033 790 3233 364 414
1445 120 1645 320 513 563
23 2830 223 3030 554 604
5521 2527 5721 2727 485 535
2140 58 2340 258 771 821
1467 1 1667 201 339 389
1551 439 1751 639 629 679
3213 522 3413 722 818 868
4196 79 4396 279 699 749
2073 2370 2273 2570 704 754
3332 1196 3532 1396 655 705
2678 2219 2878 2419 416 466
5397 327 5597 527 696 746
2999 3507 3199 3707 602 652
5611 2758 5811 2958 785 835
3256 2979 3456 3179 837 887
1316 1269 1516 1469 612 662
1615 2069 1815 2269 612 662
4639 3055 4839 3255 625 675
4323 3192 4523 3392 416 466
812 1208 1012 1408 679 729
3545 1522 3745 1722 671 721
4543 1333 4743 1533 344 394
4350 229 4550 429 750 800
2531 90 2731 290 764 814
3223 1078 3423 1278 725 775
2533 3169 2733 3369 387 437
3657 3251 3857 3451 536 586
3677 1981 3877 2181 654 704
477 1112 677 1312 742 792
2667 2870 2867 3070 840 890
5122 3479 5322 3679 448 498
3646 3058 3846 3258 516 566
3979 637 4179 837 734 784
133 274 333 474 687 737
40 2028 240 2228 844 894
5091 3630 5291 3830 646 696
5557 1719 5757 1919 385 435
4498 617 4698 817 506 556
470 405 670 605 598 648
1111 2714 1311 2914 749 799
4112 1137 4312 1337 748 798
871 1696 1071 1896 395 445
2273 2446 2473 2646 576 626
112 825 312 1025 748 798
5564 1861 5764 2061 552 602
5040 2463 5240 2663 768 818
5344 98 5544 298 619 669
2375 3699 2575 3899 344 394
848 1856 1048 2056 758 808
4859 2354 5059 2554 607 657
4014 3339 4214 3539 759 809
1629 1794 1829 1994 740 790
2401 1322 2601 1522 558 608
4809 1413 5009 1613 345 395
104 2158 304 2358 527 577
2867 1572 3067 1772 686 736
4196 3617 4396 3817 344 394
2108 141 2308 341 474 524
204 1466 404 1666 585 635
4603 1896 4803 2096 555 605
821 1238 1021 1438 606 656
5263 3763 5463 3963 568 618
4727 1127 4927 1327 341 391
3042 1569 3242 1769 566 616
265 1561 465 1761 541 591
2228 2394 2428 2594 772 822
2589 2366 2789 2566 761 811
1340 926 1540 1126 556 606
2827 2493 3027 2693 818 868
1803 1400 2003 1600 754 804
5172 1894 5372 2094 777 827
47 1310 247 1510 490 540
4071 605 4271 805 479 529
2594 696 2794 896 455 505
1368 1668 1568 1868 515 565
241 1582 441 1782 628 678
4177 1370 4377 1570 697 747
1521 391 1721 591 725 775
289 2344 489 2544 682 732
1329 3014 1529 3214 745 795
3709 954 3909 1154 341 391
235 1034 435 1234 699 749
3744 3519 3944 3719 361 411
5279 1389 5479 1589 567 617
3931 1390 4131 1590 834 884
5523 2618 5723 2818 544 594
1564 3636 1764 3836 573 623
1814 2729 2014 2929 647 697
2816 1569 3016 1769 622 672
4776 3153 4976 3353 746 796
786 245 986 445 429 479
3102 946 3302 1146 502 552
5553 3686 5753 3886 635 685
1584 2784 1784 2984 550 600
5445 2079 5645 2279 477 527
476 861 676 1061 620 670
113 3057 313 3257 360 410
1378 1900 1578 2100 367 417
5613 3649 5813 3849 579 629
4133 924 4333 1124 704 754
4460 2728 4660 2928 597 647
406 1083 606 1283 419 469
3378 3370 3578 3570 603 653
296 1853 496 2053 483 533
5188 1030 5388 1230 706 756
2423 2569 2623 2769 360 410
3448 1241 3648 1441 825 875
1158 2956 1358 3156 566 616
2715 2035 2915 2235 531 581
2691 3092 2891 3292 505 555
2416 799 2616 999 369 419
5598 3712 5798 3912 408 458
1039 3734 1239 3934 668 718
3841 2112 4041 2312 681 731
2209 3299 2409 3499 362 412
150 3351 350 3551 769 819
3112 1087 3312 1287 776 826
1376 3203 1576 3403 619 669
2321 3297 2521 3497 855 905
3200 666 3400 866 433 483
2994 735 3194 935 537 587
2491 3010 2691 3210 732 782
4791 3105 4991 3305 657 707
4091 167 4291 367 855 905
1974 3050 2174 3250 485 535
3809 1693 4009 1893 707 757
4357 3027 4557 3227 785 835
3729 238 3929 438 706 756
3305 558 3505 758 746 796
2905 1566 3105 1766 375 425
1096 2655 1296 2855 452 502
2188 3543 2388 3743 428 478
945 2251 1145 2451 668 718
594 1411 794 1611 347 397
1507 2876 1707 3076 421 471
3157 1606 3357 1806 697 747
2249 2439 2449 2639 424 474
2156 2076 2356 2276 337 387
3960 1944 4160 2144 384 434
4661 276 4861 476 759 809
1308 3226 1508 3426 578 628
1958 2461 2158 2661 645 695
852 954 1052 1154 505 555
4518 908 4718 1108 489 539
25 2166 225 2366 381 431
714 1955 914 2155 485 535
1018 565 1218 765 708 758
4201 3676 4401 3876 681 731
129 3088 329 3288 687 737
2558 3630 2758 3830 470 520
3329 636 3529 836 619 669
5285 174 5485 374 561 611
5428 2983 5628 3183 412 462
2756 767 2956 967 490 540
1361 1295 1561 1495 788 838
3293 3076 3493 3276 645 695
1002 2473 1202 2673 432 482
4336 241 4536 441 597 647
176 421 376 621 420 470
3034 1300 3234 1500 591 641
4381 2175 4581 2375 623 673
5389 1900 5589 2100 348 398
2530 1748 2730 1948 386 436
2390 169 2590 369 787 837
5486 2377 5686 2577 506 556
1968 1375 2168 1575 402 452
786 300 986 500 835 885
4037 1592 4237 1792 591 641
2595 2787 2795 2987 408 458
268 497 468 697 369 419
1718 330 1918 530 615 665
2536 973 2736 1173 825 875
4831 3355 5031 3555 534 584
3588 2361 3788 2561 437 487
3401 1961 3601 2161 652 702
4218 520 4418 720 414 464
1114 1524 1314 1724 434 484
672 206 872 406 767 817
1453 3304 1653 3504 459 509
3585 973 3785 1173 385 435
3911 3705 4111 3905 399 449
117 735 317 935 500 550
3055 2109 3255 2309 387 437
1152 3207 1352 3407 381 431
2807 258 3007 458 353 403
3740 628 3940 828 756 806
1527 1321 1727 1521 842 892
2812 2542 3012 2742 708 758
572 730 772 930 577 627
548 1638 748 1838 815 865
134 1235 334 1435 340 390
3711 957 3911 1157 492 542
5233 2703 5433 2903 757 807
1667 619 1867 819 375 425
1044 208 1244 408 569 619
2980 1575 3180 1775 456 506
3954 765 4154 965 592 642
4601 1139 4801 1339 702 752
3393 489 3593 689 514 564
2848 1602 3048 1802 591 641
3083 2707 3283 2907 439 489
251 1863 451 2063 616 666
2454 43 2654 243 523 573
3089 2874 3289 3074 357 407
104 574 304 774 465 515
2616 2707 2816 2907 634 684
3334 1452 3534 1652 414 464
3524 605 3724 805 395 445
3784 1902 3984 2102 761 811
5565 2577 5765 2777 826 876
1172 3603 1372 3803 358 408
157 344 357 544 472 522
2484 3409 2684 3609 524 574
5569 3502 5769 3702 564 614
4922 3093 5122 3293 602 652
3199 2440 3399 2640 408 458
4292 2171 4492 2371 366 416
3937 2869 4137 3069 455 505
4868 1743 5068 1943 799 849
2018 315 2218 515 550 600
1575 964 1775 1164 713 763
3598 384 3798 584 764 814
364 1802 564 2002 858 908
2899 3382 3099 3582 608 658
1438 411 1638 611 579 629
2588 2230 2788 2430 440 490
3690 2813 3890 3013 839 889
3056 2185 3256 2385 729 779
5212 1485 5412 1685 688 738
2345 3473 2545 3673 647 697
2716 1410 2916 1610 580 630
3919 1804 4119 2004 588 638
488 447 688 647 670 720
444 1184 644 1384 731 781
1158 2348 1358 2548 512 562
2734 712 2934 912 420 470
2148 515 2348 715 473 523
2658 1678 2858 1878 747 797
2146 1797 2346 1997 739 789
4322 3513 4522 3713 627 677
3468 323 3668 523 340 390
681 370 881 570 705 755
1759 1729 1959 1929 524 574
3469 1737 3669 1937 755 805
99 2366 299 2566 608 658
2136 2169 2336 2369 559 609
1496 1318 1696 1518 680 730
2396 452 2596 652 472 522
3056 170 3256 370 582 632
2703 1477 2903 1677 627 677
3356 3157 3556 3357 611 661
797 2373 997 2573 838 888
4264 2571 4464 2771 472 522
2839 222 3039 422 806 856
4988 1769 5188 1969 777 827
789 762 989 962 346 396
4114 2493 4314 2693 670 720
1654 2173 1854 2373 671 721
2029 1987 2229 2187 460 510
4810 1151 5010 1351 635 685
985 867 1185 1067 732 782
4552 1016 4752 1216 715 765
2506 1132 2706 1332 552 602
901 3194 1101 3394 578 628
181 3053 381 3253 624 674
1428 2318 1628 2518 619 669
1811 1703 2011 1903 367 417
3328 3253 3528 3453 810 860
3070 3315 3270 3515 744 794
3185 2947 3385 3147 815 865
2278 332 2478 532 542 592
3664 2655 3864 2855 420 470
2383 3424 2583 3624 535 585
271 1359 471 1559 549 599
569 2737 769 2937 352 402
3453 1583 3653 1783 708 758
5417 1597 5617 1797 539 589
2164 2567 2364 2767 681 731
1732 2675 1932 2875 496 546
1536 3621 1736 3821 721 771
4202 1552 4402 1752 593 643
1882 3426 2082 3626 666 716
786 3276 986 3476 599 649
5329 3672 5529 3872 562 612
1276 2568 1476 2768 743 793
4973 201 5173 401 493 543
286 2666 486 2866 629 679
2461 2584 2661 2784 641 691
1944 3661 2144 3861 619 669
690 1020 890 1220 404 454
3508 2675 3708 2875 821 871
26 1893 226 2093 405 455
437 3490 637 3690 832 882
1530 258 1730 458 738 788
4130 1462 4330 1662 364 414
2853 283 3053 483 488 538
4692 570 4892 770 585 635
176 226 376 426 720 770
3764 234 3964 434 523 573
1755 3169 1955 3369 402 452
2824 1315 3024 1515 835 885
3683 3398 3883 3598 412 462
2127 1409 2327 1609 550 600
693 3365 893 3565 359 409
5140 1492 5340 1692 859 909
4756 58 4956 258 730 780
2994 2177 3194 2377 343 393
5195 3375 5395 3575 673 723
2317 2420 2517 2620 731 781
1583 3516 1783 3716 675 725
4603 414 4803 614 609 659
4299 2268 4499 2468 789 839
2401 2633 2601 2833 701 751
5412 3253 5612 3453 396 446
1662 991 1862 1191 837 887
3709 685 3909 885 357 407
5168 2536 5368 2736 658 708
761 1608 961 1808 732 782
4002 3547 4202 3747 848 898
65 2882 265 3082 762 812
846 3695 1046 3895 787 837
4136 1797 4336 1997 352 402
4320 2145 4520 2345 581 631
1759 625 1959 825 598 648
3624 2829 3824 3029 840 890
2763 1084 2963 1284 526 576
1953 3277 2153 3477 545 595
245 105 445 305 653 703
3456 3198 3656 3398 671 721
4070 2918 4270 3118 539 589
3841 164 4041 364 816 866
5441 2322 5641 2522 664 714
1348 648 1548 848 720 770
4895 2622 5095 2822 355 405
5417 1737 5617 1937 680 730
2337 1016 2537 1216 846 896
411 517 611 717 754 804
2557 147 2757 347 657 707
2536 1750 2736 1950 856 906
2742 3207 2942 3407 445 495
4681 1171 4881 1371 570 620
1675 2181 1875 2381 660 710
3664 1641 3864 1841 675 725
1693 3717 1893 3917 417 467
1173 3319 1373 3519 718 768
3691 3710 3891 3910 778 828
1750 3303 1950 3503 863 913
368 2366 568 2566 521 571
304 2505 504 2705 358 408
5486 2729 5686 2929 640 690
4695 588 4895 788 456 506
4420 1308 4620 1508 504 554
3078 616 3278 816 798 848
4991 656 5191 856 493 543
634 2054 834 2254 413 463
4839 3099 5039 3299 745 795
3368 1074 3568 1274 658 708
3741 1527 3941 1727 852 902
560 23 760 223 344 394
2772 3560 2972 3760 487 537
3317 3653 3517 3853 428 478
242 3529 442 3729 367 417
4554 178 4754 378 348 398
754 3380 954 3580 510 560
4945 2084 5145 2284 590 640
5620 298 5820 498 404 454
5117 3631 5317 3831 426 476
3771 3466 3971 3666 828 878
4065 3012 4265 3212 840 890
2893 220 3093 420 737 787
3073 3628 3273 3828 346 396
3494 1474 3694 1674 674 724
266 2802 466 3002 743 793
2617 3182 2817 3382 858 908
884 1000 1084 1200 572 622
1803 1106 2003 1306 794 844
3426 1139 3626 1339 629 679
1861 602 2061 802 359 409
3117 1860 3317 2060 660 710
1707 2879 1907 3079 500 550
3115 2587 3315 2787 708 758
756 43 956 243 350 400
4539 1886 4739 2086 366 416
618 1130 818 1330 690 740
5268 3764 5468 3964 424 474
2275 439 2475 639 419 469
1891 1855 2091 2055 800 850
1997 3016 2197 3216 590 640
463 3179 663 3379 549 599
3568 2368 3768 2568 404 454
2726 2612 2926 2812 832 882
1178 3023 1378 3223 343 393
4883 3331 5083 3531 795 845
1396 3714 1596 3914 337 387
2678 3011 2878 3211 478 528
2543 3307 2743 3507 416 466
818 2630 1018 2830 712 762
2545 3081 2745 3281 647 697
213 2055 413 2255 466 516
3528 1824 3728 2024 357 407
4025 2610 4225 2810 473 523
4702 437 4902 637 790 840
3563 2113 3763 2313 345 395
648 2097 848 2297 808 858
4366 2042 4566 2242 629 679
4167 678 4367 878 781 831
1856 2913 2056 3113 667 717
857 2283 1057 2483 580 630
2957 923 3157 1123 787 837
5631 2222 5831 2422 805 855
4793 1459 4993 1659 551 601
3636 1220 3836 1420 641 691
2763 3079 2963 3279 561 611
1072 1321 1272 1521 587 637
4748 2408 4948 2608 545 595
2134 1764 2334 1964 802 852
1148 566 1348 766 353 403
3528 2200 3728 2400 433 483
5630 3612 5830 3812 803 853
2278 1910 2478 2110 833 883
2528 3264 2728 3464 590 640
3542 1152 3742 1352 849 899
705 3191 905 3391 809 859
4543 2048 4743 2248 647 697
5169 699 5369 899 365 415
5185 1416 5385 1616 348 398
1494 642 1694 842 677 727
479 1800 679 2000 638 688
4610 1108 4810 1308 577 627
2817 3684 3017 3884 833 883
4271 2219 4471 2419 374 424
1639 854 1839 1054 389 439
5264 27 5464 227 524 574
1635 1850 1835 2050 787 837
2757 80 2957 280 595 645
1638 2830 1838 3030 734 784
2447 2439 2647 2639 593 643
1397 2557 1597 2757 749 799
4988 2460 5188 2660 637 687
4743 1540 4943 1740 707 757
727 3549 927 3749 375 425
3299 76 3499 276 345 395
4661 2211 4861 2411 396 446
2087 1632 2287 1832 751 801
2138 2722 2338 2922 853 903
3922 2558 4122 2758 348 398
3932 633 4132 833 790 840
3240 1314 3440 1514 545 595
5374 732 5574 932 552 602
4607 228 4807 428 679 729
3140 182 3340 382 405 455
3501 3119 3701 3319 475 525
3592 2589 3792 2789 627 677
4042 3314 4242 3514 771 821
3677 2010 3877 2210 446 496
2025 2440 2225 2640 451 501
4196 2217 4396 2417 764 814
401 3516 601 3716 425 475
2327 2064 2527 2264 755 805
3302 2772 3502 2972 412 462
425 3253 625 3453 666 716
3610 1926 3810 2126 535 585
3214 1175 3414 1375 809 859
4426 2560 4626 2760 375 425
3163 327 3363 527 737 787
2182 629 2382 829 818 868
2971 3286 3171 3486 454 504
2486 1604 2686 1804 428 478
2126 3474 2326 3674 343 393
1010 3753 1210 3953 499 549
3957 180 4157 380 706 756
336 899 536 1099 754 804
4652 2922 4852 3122 372 422
4719 2391 4919 2591 392 442
2548 2469 2748 2669 700 750
202 3609 402 3809 758 808
1602 766 1802 966 824 874
5117 3706 5317 3906 824 874
2553 72 2753 272 405 455
5002 3528 5202 3728 589 639
71 2901 271 3101 630 680
2106 3703 2306 3903 350 400
3252 1453 3452 1653 661 711
1459 1800 1659 2000 518 568
770 2728 970 2928 354 404
4786 175 4986 375 526 576
4176 382 4376 582 374 424
3058 1028 3258 1228 818 868
1759 1826 1959 2026 365 415
2606 2572 2806 2772 734 784
3184 2237 3384 2437 419 469
3843 1805 4043 2005 767 817
2551 1670 2751 1870 676 726
2524 2269 2724 2469 584 634
2471 91 2671 291 810 860
5630 3 5830 203 418 468
2750 3427 2950 3627 382 432
2519 2246 2719 2446 854 904
1630 1864 1830 2064 837 887
2287 1217 2487 1417 583 633
5347 994 5547 1194 534 584
3486 638 3686 838 499 549
2529 2579 2729 2779 648 698
1565 2875 1765 3075 455 505
5160 3180 5360 3380 502 552
4581 3693 4781 3893 625 675
5595 2691 5795 2891 437 487
4087 201 4287 401 708 758
5176 3731 5376 3931 554 604
132 1210 332 1410 851 901
5163 3769 5363 3969 517 567
3494 1375 3694 1575 372 422
2720 2324 2920 2524 674 724
452 2738 652 2938 449 499
3866 616 4066 816 651 701
2374 1748 2574 1948 769 819
687 3247 887 3447 467 517
2904 2487 3104 2687 799 849
802 1234 1002 1434 421 471
1629 2846 1829 3046 379 429
2504 23 2704 223 544 594
817 336 1017 536 471 521
487 1787 687 1987 836 886
3991 2247 4191 2447 643 693
2418 3244 2618 3444 422 472
4032 1809 4232 2009 609 659
3030 2537 3230 2737 760 810
2238 1254 2438 1454 637 687
4022 2476 4222 2676 759 809
4372 1257 4572 1457 537 587
5575 2616 5775 2816 779 829
1544 2215 1744 2415 840 890
1482 2224 1682 2424 635 685
2049 2951 2249 3151 686 736
4963 1201 5163 1401 620 670
3874 2424 4074 2624 567 617
3514 1974 3714 2174 814 864
3609 2541 3809 2741 408 458
2683 3588 2883 3788 774 824
269 3514 469 3714 794 844
2066 1259 2266 1459 455 505
2030 2123 2230 2323 466 516
3504 1410 3704 1610 825 875
3491 1444 3691 1644 571 621
2521 2695 2721 2895 589 639
4383 1977 4583 2177 666 716
170 2570 370 2770 708 758
1623 1650 1823 1850 809 859
516 174 716 374 659 709
3064 2438 3264 2638 588 638
5407 3685 5607 3885 357 407
4257 2408 4457 2608 700 750
507 3536 707 3736 662 712
132 3524 332 3724 742 792
1560 2350 1760 2550 719 769
1490 988 1690 1188 398 448
3880 1986 4080 2186 859 909
554 2602 754 2802 628 678
4956 1028 5156 1228 814 864
4185 1271 4385 1471 749 799
2613 49 2813 249 389 439
98 3778 298 3978 668 718
3825 3272 4025 3472 508 558
3918 2286 4118 2486 453 503
2427 1500 2627 1700 853 903
4314 3646 4514 3846 655 705
2097 2017 2297 2217 337 387
4929 116 5129 316 620 670
5063 2017 5263 2217 523 573
5106 1434 5306 1634 727 777
5250 2622 5450 2822 356 406
1922 28 2122 228 862 912
2715 3379 2915 3579 758 808
5494 2680 5694 2880 534 584
2391 2439 2591 2639 423 473
1492 1550 1692 1750 397 447
1692 3520 1892 3720 539 589
3009 1047 3209 1247 413 463
1424 323 1624 523 737 787
2942 2313 3142 2513 813 863
5063 322 5263 522 576 626
1836 1098 2036 1298 609 659
3008 1717 3208 1917 467 517
3520 3444 3720 3644 439 489
3353 1463 3553 1663 649 699
4143 1925 4343 2125 708 758
1663 3550 1863 3750 641 691
5360 2991 5560 3191 444 494
4581 2112 4781 2312 408 458
4207 1941 4407 2141 730 780
2782 3751 2982 3951 522 572
2845 2257 3045 2457 856 906
4417 2031 4617 2231 481 531
118 3283 318 3483 589 639
4996 697 5196 897 523 573
4556 2636 4756 2836 518 568
3188 2083 3388 2283 366 416
2837 1846 3037 2046 593 643
2944 2781 3144 2981 675 725
2702 95 2902 295 798 848
1730 3563 1930 3763 825 875
5049 1396 5249 1596 495 545
3375 3494 3575 3694 860 910
4990 3364 5190 3564 478 528
4180 3687 4380 3887 356 406
3186 3100 3386 3300 824 874
3499 2416 3699 2616 609 659
1171 2883 1371 3083 439 489
4700 218 4900 418 637 687
4304 76 4504 276 830 880
2773 2499 2973 2699 686 736
5172 208 5372 408 690 740
2054 1164 2254 1364 343 393
1916 1753 2116 1953 792 842
2562 3149 2762 3349 560 610
1856 2274 2056 2474 766 816
3712 1054 3912 1254 692 742
4229 3039 4429 3239 397 447
2898 1348 3098 1548 726 776
4452 3425 4652 3625 730 780
1740 2870 1940 3070 523 573
3033 373 3233 573 536 586
47 1253 247 1453 480 530
2612 2210 2812 2410 746 796
5280 1986 5480 2186 812 862
1614 1280 1814 1480 831 881
1887 1197 2087 1397 457 507
3496 3081 3696 3281 527 577
3636 1176 3836 1376 489 539
5175 1325 5375 1525 681 731
5176 561 5376 761 756 806
5215 3240 5415 3440 676 726
4702 3155 4902 3355 563 613
1370 1532 1570 1732 696 746
133 1735 333 1935 407 457
5173 3650 5373 3850 769 819
2751 506 2951 706 690 740
1933 1581 2133 1781 405 455
3812 2896 4012 3096 545 595
1732 2399 1932 2599 354 404
5636 1698 5836 1898 854 904
1452 3292 1652 3492 530 580
5406 3587 5606 3787 791 841
2780 3009 2980 3209 835 885
980 1780 1180 1980 589 639
2568 2311 2768 2511 770 820
3684 805 3884 1005 786 836
2475 2855 2675 3055 432 482
2941 3159 3141 3359 822 872
2491 3066 2691 3266 483 533
5426 2200 5626 2400 617 667
2280 1160 2480 1360 355 405
1574 321 1774 521 636 686
3433 2467 3633 2667 830 880
4676 675 4876 875 819 869
4941 3795 5141 3995 517 567
125 964 325 1164 417 467
3399 1722 3599 1922 641 691
1410 70 1610 270 571 621
3285 1725 3485 1925 360 410
2916 1201 3116 1401 351 401
5403 3601 5603 3801 403 453
4605 3085 4805 3285 855 905
5298 3546 5498 3746 351 401
3061 3509 3261 3709 833 883
3667 3178 3867 3378 788 838
1083 2403 1283 2603 369 419
3627 950 3827 1150 456 506
1796 400 1996 600 835 885
5121 3650 5321 3850 662 712
3900 3227 4100 3427 726 776
3768 2361 3968 2561 490 540
538 542 738 742 395 445
5181 618 5381 818 367 417
3553 1798 3753 1998 623 673
2199 2061 2399 2261 363 413
3765 1449 3965 1649 791 841
576 2297 776 2497 496 546
596 3659 796 3859 627 677
1278 355 1478 555 862 912
4885 1521 5085 1721 573 623
73 1016 273 1216 815 865
251 1533 451 1733 516 566
1353 1861 1553 2061 784 834
1095 3729 1295 3929 531 581
4078 2480 4278 2680 452 502
3961 3441 4161 3641 760 810
868 1505 1068 1705 448 498
3765 3727 3965 3927 628 678
2703 1043 2903 1243 446 496
891 512 1091 712 732 782
1246 3334 1446 3534 412 462
3454 969 3654 1169 606 656
762 2573 962 2773 779 829
4034 1820 4234 2020 664 714
5048 2221 5248 2421 757 807
1830 882 2030 1082 737 787
1030 1737 1230 1937 600 650
556 1936 756 2136 467 517
2282 3410 2482 3610 835 885
5536 2208 5736 2408 694 744
2936 3087 3136 3287 434 484
3892 2339 4092 2539 454 504
3300 2774 3500 2974 812 862
702 2003 902 2203 484 534
5062 2563 5262 2763 565 615
1886 1976 2086 2176 518 568
428 159 628 359 798 848
1187 201 1387 401 510 560
4684 431 4884 631 719 769
991 2733 1191 2933 367 417
484 1028 684 1228 465 515
3234 3194 3434 3394 718 768
3853 3162 4053 3362 461 511
3464 524 3664 724 457 507
3316 2810 3516 3010 586 636
1694 2627 1894 2827 434 484
2483 3418 2683 3618 707 757
1063 2887 1263 3087 708 758
970 1752 1170 1952 729 779
4983 265 5183 465 597 647
2485 3530 2685 3730 672 722
590 1947 790 2147 538 588
2449 3349 2649 3549 675 725
3411 2707 3611 2907 472 522
1642 3371 1842 3571 782 832
2190 3763 2390 3963 411 461
1319 2493 1519 2693 567 617
5550 1300 5750 1500 704 754
4080 3651 4280 3851 427 477
4833 1554 5033 1754 759 809
1987 1017 2187 1217 724 774
4045 2858 4245 3058 419 469
3691 3345 3891 3545 454 504
4151 2190 4351 2390 776 826
410 2190 610 2390 761 811
3170 575 3370 775 602 652
3037 852 3237 1052 479 529
439 3181 639 3381 572 622
1975 161 2175 361 564 614
1123 2887 1323 3087 519 569
4441 3429 4641 3629 469 519
1205 2075 1405 2275 542 592
64 3550 264 3750 838 888
4947 1885 5147 2085 427 477
2394 2196 2594 2396 730 780
1212 1961 1412 2161 660 710
3095 1539 3295 1739 842 892
4886 546 5086 746 592 642
1930 3401 2130 3601 529 579
914 2723 1114 2923 762 812
954 1840 1154 2040 499 549
4685 481 4885 681 601 651
1189 592 1389 792 708 758
4347 3254 4547 3454 385 435
421 1302 621 1502 541 591
2411 1907 2611 2107 813 863
1149 3502 1349 3702 503 553
3596 238 3796 438 578 628
3867 3288 4067 3488 633 683
401 360 601 560 442 492
3749 611 3949 811 462 512
4464 518 4664 718 766 816
1026 2938 1226 3138 381 431
2616 1344 2816 1544 759 809
2102 1729 2302 1929 725 775
5537 210 5737 410 702 752
4732 426 4932 626 428 478
2801 1697 3001 1897 538 588
31 3404 231 3604 494 544
4038 1168 4238 1368 769 819
4587 1679 4787 1879 738 788
555 3032 755 3232 778 828
4277 2764 4477 2964 850 900
4536 623 4736 823 366 416
637 25 837 225 752 802
616 1636 816 1836 784 834
5609 2877 5809 3077 820 870
1638 3017 1838 3217 523 573
5021 1071 5221 1271 710 760
615 3502 815 3702 484 534
615 100 815 300 798 848
334 3368 534 3568 759 809
4307 2386 4507 2586 596 646
2515 1546 2715 1746 681 731
4796 1094 4996 1294 535 585
365 3071 565 3271 855 905
2840 1043 3040 1243 535 585
2011 2314 2211 2514 797 847
1552 1051 1752 1251 826 876
5176 2811 5376 3011 358 408
2004 1884 2204 2084 831 881
1350 2682 1550 2882 756 806
2114 1184 2314 1384 843 893
5169 1067 5369 1267 854 904
1775 665 1975 865 404 454
5315 178 5515 378 408 458
4403 1346 4603 1546 704 754
3620 794 3820 994 821 871
202 1751 402 1951 470 520
5461 2289 5661 2489 826 876
719 566 919 766 741 791
1923 533 2123 733 581 631
3834 2951 4034 3151 822 872
5165 2243 5365 2443 609 659
4659 1303 4859 1503 497 547
2953 1687 3153 1887 620 670
587 2762 787 2962 372 422
3170 3603 3370 3803 763 813
983 1158 1183 1358 364 414
4688 1830 4888 2030 355 405
3618 1520 3818 1720 358 408
4029 327 4229 527 553 603
539 1620 739 1820 553 603
3095 183 3295 383 653 703
2931 624 3131 824 635 685
4615 975 4815 1175 418 468
2949 1298 3149 1498 518 568
619 3375 819 3575 608 658
5355 2712 5555 2912 586 636
1634 1097 1834 1297 694 744
424 2874 624 3074 639 689
3503 2323 3703 2523 668 718
1015 3659 1215 3859 393 443
639 1995 839 2195 847 897
1904 668 2104 868 685 735
943 1875 1143 2075 782 832
2995 1253 3195 1453 401 451
1107 2418 1307 2618 436 486
4615 1626 4815 1826 563 613
2363 2897 2563 3097 389 439
5378 2449 5578 2649 649 699
3173 850 3373 1050 657 707
3084 2432 3284 2632 411 461
3380 2546 3580 2746 644 694
3585 2695 3785 2895 818 868
2565 1121 2765 1321 814 864
3349 303 3549 503 387 437
731 3004 931 3204 346 396
3599 3694 3799 3894 836 886
1501 523 1701 723 585 635
4920 1391 5120 1591 630 680
323 1749 523 1949 747 797
3174 1922 3374 2122 589 639
2653 2001 2853 2201 372 422
1855 3698 2055 3898 659 709
3636 3099 3836 3299 694 744
1253 1916 1453 2116 558 608
3296 2241 3496 2441 398 448
4744 585 4944 785 765 815
5158 452 5358 652 575 625
609 3680 809 3880 430 480
2726 3269 2926 3469 632 682
3579 3075 3779 3275 705 755
4259 686 4459 886 705 755
5255 3430 5455 3630 860 910
2752 1310 2952 1510 710 760
3412 796 3612 996 701 751
4512 77 4712 277 616 666
1366 834 1566 1034 553 603
4231 3162 4431 3362 458 508
4112 1616 4312 1816 383 433
823 3186 1023 3386 606 656
3025 1912 3225 2112 428 478
2446 965 2646 1165 695 745
2618 2892 2818 3092 381 431
1258 3578 1458 3778 774 824
1082 1081 1282 1281 489 539
5213 1037 5413 1237 631 681
3176 1910 3376 2110 401 451
4135 3595 4335 3795 543 593
4027 2812 4227 3012 499 549
1902 2485 2102 2685 843 893
3726 3624 3926 3824 650 700
1543 2818 1743 3018 699 749
3418 3601 3618 3801 745 795
77 2068 277 2268 582 632
645 2849 845 3049 569 619
736 260 936 460 646 696
3569 1872 3769 2072 593 643
2682 2201 2882 2401 839 889
3083 1698 3283 1898 532 582
5379 242 5579 442 819 869
940 2635 1140 2835 662 712
4549 1287 4749 1487 428 478
3620 3009 3820 3209 485 535
3256 2837 3456 3037 830 880
491 2873 691 3073 501 551
4532 852 4732 1052 355 405
2814 3714 3014 3914 705 755
2270 891 2470 1091 397 447
1490 1615 1690 1815 607 657
4587 2962 4787 3162 573 623
1101 517 1301 717 565 615
5112 3794 5312 3994 673 723
2295 2354 2495 2554 729 779
835 2153 1035 2353 742 792
1912 1437 2112 1637 622 672
969 2817 1169 3017 802 852
3143 1998 3343 2198 770 820
329 1684 529 1884 588 638
2378 2406 2578 2606 464 514
1809 907 2009 1107 806 856
599 1203 799 1403 821 871
2399 3117 2599 3317 786 836
3035 3397 3235 3597 573 623
284 3373 484 3573 555 605
5505 3582 5705 3782 449 499
2268 2335 2468 2535 770 820
2668 2160 2868 2360 457 507
4481 1922 4681 2122 856 906
4899 2291 5099 2491 606 656
1138 2694 1338 2894 675 725
4293 1104 4493 1304 458 508
3946 156 4146 356 805 855
4572 398 4772 598 509 559
4225 1777 4425 1977 736 786
292 2590 492 2790 680 730
4700 378 4900 578 751 801
4980 2858 5180 3058 406 456
3872 2340 4072 2540 821 871
3646 1246 3846 1446 720 770
76 2723 276 2923 621 671
3389 600 3589 800 760 810
3404 727 3604 927 557 607
5234 2357 5434 2557 629 679
5381 2513 5581 2713 560 610
4832 1078 5032 1278 474 524
5348 1021 5548 1221 375 425
2256 1358 2456 1558 448 498
4190 3347 4390 3547 598 648
349 1811 549 2011 550 600
4164 3748 4364 3948 431 481
599 933 799 1133 396 446
1533 1432 1733 1632 435 485
