100
1460 1116 1470 1126 395 795
2210 2653 2220 2663 395 795
3930 779 3940 789 395 795
1493 1834 1503 1844 395 795
801 2264 811 2274 395 795
1272 3237 1282 3247 395 795
410 1156 420 1166 395 795
413 3116 423 3126 395 795
2325 2909 2335 2919 395 795
5658 150 5668 160 395 795
756 3136 766 3146 395 795
821 536 831 546 395 795
4408 3395 4418 3405 395 795
5291 3585 5301 3595 395 795
1524 1920 1534 1930 395 795
2548 872 2558 882 395 795
4114 564 4124 574 395 795
2039 3676 2049 3686 395 795
4396 3584 4406 3594 395 795
1731 3108 1741 3118 395 795
3154 2616 3164 2626 395 795
210 1798 220 1808 395 795
5582 2787 5592 2797 395 795
4909 121 4919 131 395 795
995 1665 1005 1675 395 795
1643 2925 1653 2935 395 795
582 3109 592 3119 395 795
5021 1623 5031 1633 395 795
1376 3516 1386 3526 395 795
2334 231 2344 241 395 795
1693 2233 1703 2243 395 795
54 3719 64 3729 395 795
5339 3865 5349 3875 395 795
39 3378 49 3388 395 795
1323 2547 1333 2557 395 795
2649 2938 2659 2948 395 795
472 2473 482 2483 395 795
3740 191 3750 201 395 795
5012 3283 5022 3293 395 795
3829 2212 3839 2222 395 795
1102 584 1112 594 395 795
3458 3381 3468 3391 395 795
5786 2230 5796 2240 395 795
4524 1452 4534 1462 395 795
4978 3845 4988 3855 395 795
4232 823 4242 833 395 795
3759 410 3769 420 395 795
2346 1745 2356 1755 395 795
2078 1579 2088 1589 395 795
2870 1366 2880 1376 395 795
3535 1251 3545 1261 395 795
3577 544 3587 554 395 795
397 2674 407 2684 395 795
5760 1854 5770 1864 395 795
3682 1049 3692 1059 395 795
4964 2161 4974 2171 395 795
1248 458 1258 468 395 795
4318 573 4328 583 395 795
937 1802 947 1812 395 795
2535 2066 2545 2076 395 795
5568 1332 5578 1342 395 795
2454 2981 2464 2991 395 795
921 1064 931 1074 395 795
2462 3642 2472 3652 395 795
733 1105 743 1115 395 795
5778 2015 5788 2025 395 795
719 568 729 578 395 795
294 2941 304 2951 395 795
708 919 718 929 395 795
2224 455 2234 465 395 795
1830 117 1840 127 395 795
1194 2838 1204 2848 395 795
5478 1790 5488 1800 395 795
2131 3264 2141 3274 395 795
542 3060 552 3070 395 795
4349 496 4359 506 395 795
4981 1853 4991 1863 395 795
5304 1381 5314 1391 395 795
5150 3450 5160 3460 395 795
4599 807 4609 817 395 795
5118 1287 5128 1297 395 795
2170 543 2180 553 395 795
3769 3005 3779 3015 395 795
2652 1107 2662 1117 395 795
4216 1913 4226 1923 395 795
4567 1138 4577 1148 395 795
4082 1801 4092 1811 395 795
4823 229 4833 239 395 795
3291 3397 3301 3407 395 795
2163 2430 2173 2440 395 795
1488 2457 1498 2467 395 795
5641 2105 5651 2115 395 795
1031 36 1041 46 395 795
4390 2473 4400 2483 395 795
1220 2142 1230 2152 395 795
403 1673 413 1683 395 795
3404 1349 3414 1359 395 795
2042 1293 2052 1303 395 795
2887 947 2897 957 395 795
3669 1911 3679 1921 395 795
