1000
521 2696 921 3096 690 790
4435 3238 4835 3638 368 468
156 1623 556 2023 787 887
3804 2689 4204 3089 352 452
3017 1625 3417 2025 488 588
869 2196 1269 2596 521 621
4455 2756 4855 3156 713 813
3668 2797 4068 3197 440 540
3117 3477 3517 3877 510 610
97 3116 497 3516 754 854
4091 1409 4491 1809 809 909
5392 100 5792 500 631 731
3701 2449 4101 2849 611 711
1709 3366 2109 3766 730 830
5322 2638 5722 3038 416 516
4655 294 5055 694 608 708
437 1196 837 1596 559 659
4719 2903 5119 3303 540 640
446 2000 846 2400 594 694
722 3498 1122 3898 463 563
5040 2566 5440 2966 779 879
4315 249 4715 649 404 504
2033 805 2433 1205 741 841
4672 3057 5072 3457 621 721
3009 1729 3409 2129 720 820
4227 1055 4627 1455 394 494
3020 2388 3420 2788 806 906
2022 1434 2422 1834 482 582
3526 2470 3926 2870 653 753
2371 418 2771 818 355 455
3599 975 3999 1375 700 800
4855 1146 5255 1546 684 784
321 568 721 968 594 694
720 864 1120 1264 476 576
1854 2632 2254 3032 347 447
4176 296 4576 696 686 786
552 2672 952 3072 395 495
3441 1713 3841 2113 656 756
504 2309 904 2709 618 718
2862 1663 3262 2063 528 628
44 1381 444 1781 655 755
1584 782 1984 1182 591 691
4869 3567 5269 3967 558 658
5281 802 5681 1202 351 451
4845 34 5245 434 768 868
3442 3321 3842 3721 455 555
3164 154 3564 554 565 665
4448 1022 4848 1422 440 540
1131 2557 1531 2957 613 713
4856 1647 5256 2047 386 486
22 1790 422 2190 766 866
5115 2881 5515 3281 361 461
3000 1568 3400 1968 449 549
1151 748 1551 1148 552 652
4241 805 4641 1205 479 579
1834 1960 2234 2360 613 713
719 1665 1119 2065 386 486
4233 1729 4633 2129 341 441
3515 564 3915 964 550 650
4970 1571 5370 1971 374 474
87 55 487 455 712 812
784 13 1184 413 496 596
1035 1081 1435 1481 478 578
4039 3247 4439 3647 436 536
5074 2263 5474 2663 437 537
3433 763 3833 1163 417 517
727 553 1127 953 798 898
73 2213 473 2613 536 636
2663 1765 3063 2165 428 528
3246 8 3646 408 681 781
2436 115 2836 515 457 557
2840 2886 3240 3286 625 725
917 2484 1317 2884 742 842
4414 3404 4814 3804 772 872
4851 3428 5251 3828 509 609
1949 3520 2349 3920 532 632
2028 1890 2428 2290 407 507
5375 201 5775 601 767 867
429 3077 829 3477 761 861
4646 181 5046 581 591 691
1118 2453 1518 2853 709 809
3628 2390 4028 2790 516 616
967 2294 1367 2694 514 614
4454 2222 4854 2622 740 840
4360 2341 4760 2741 530 630
5240 1948 5640 2348 429 529
3172 329 3572 729 715 815
4633 3333 5033 3733 811 911
409 1305 809 1705 796 896
4584 1429 4984 1829 735 835
677 2258 1077 2658 739 839
2222 3265 2622 3665 632 732
4876 2373 5276 2773 499 599
1356 2754 1756 3154 556 656
4020 3474 4420 3874 754 854
4497 1685 4897 2085 717 817
3658 1752 4058 2152 598 698
2230 45 2630 445 784 884
2849 287 3249 687 522 622
489 1224 889 1624 708 808
3522 2283 3922 2683 732 832
3817 1487 4217 1887 641 741
1337 1723 1737 2123 723 823
2754 364 3154 764 429 529
4165 233 4565 633 598 698
5294 1157 5694 1557 776 876
2650 3057 3050 3457 354 454
1139 38 1539 438 684 784
381 3106 781 3506 363 463
3998 2442 4398 2842 547 647
2877 2411 3277 2811 760 860
3576 1282 3976 1682 674 774
1721 2957 2121 3357 469 569
1155 1018 1555 1418 799 899
578 706 978 1106 562 662
2102 762 2502 1162 502 602
84 1043 484 1443 637 737
260 1878 660 2278 795 895
2137 3001 2537 3401 496 596
683 3043 1083 3443 601 701
3361 415 3761 815 554 654
2529 395 2929 795 758 858
3602 2646 4002 3046 406 506
259 2339 659 2739 687 787
5053 139 5453 539 720 820
3118 3120 3518 3520 519 619
1515 2165 1915 2565 390 490
1653 536 2053 936 594 694
8 1298 408 1698 625 725
5185 1718 5585 2118 593 693
4229 2441 4629 2841 392 492
346 56 746 456 748 848
548 3254 948 3654 533 633
3294 2953 3694 3353 685 785
455 2539 855 2939 671 771
4517 733 4917 1133 350 450
1886 204 2286 604 490 590
3533 1918 3933 2318 779 879
2592 801 2992 1201 462 562
2008 890 2408 1290 519 619
653 3116 1053 3516 610 710
1405 597 1805 997 754 854
2399 3329 2799 3729 663 763
230 1955 630 2355 396 496
4058 2604 4458 3004 489 589
3893 2382 4293 2782 689 789
1839 3561 2239 3961 536 636
856 2072 1256 2472 809 909
3769 3395 4169 3795 534 634
2146 1238 2546 1638 750 850
4676 1664 5076 2064 365 465
1275 3580 1675 3980 402 502
5355 3197 5755 3597 806 906
4194 1653 4594 2053 691 791
931 705 1331 1105 811 911
3497 492 3897 892 595 695
1251 2625 1651 3025 630 730
1463 2996 1863 3396 565 665
346 630 746 1030 584 684
786 426 1186 826 424 524
5407 3523 5807 3923 415 515
2113 1557 2513 1957 538 638
2134 278 2534 678 654 754
3455 849 3855 1249 811 911
3929 2040 4329 2440 550 650
1449 1281 1849 1681 535 635
3094 814 3494 1214 705 805
184 263 584 663 738 838
1693 36 2093 436 524 624
4772 2444 5172 2844 740 840
3425 2686 3825 3086 466 566
1183 277 1583 677 453 553
2016 924 2416 1324 641 741
318 756 718 1156 804 904
4639 3236 5039 3636 452 552
2714 2258 3114 2658 765 865
1314 3224 1714 3624 589 689
2279 983 2679 1383 527 627
1339 627 1739 1027 574 674
5141 440 5541 840 524 624
2072 3170 2472 3570 642 742
2563 3280 2963 3680 555 655
5328 2258 5728 2658 730 830
4525 1211 4925 1611 682 782
2099 282 2499 682 692 792
4109 1686 4509 2086 354 454
3485 2314 3885 2714 731 831
1478 2702 1878 3102 761 861
4992 2243 5392 2643 522 622
3806 1569 4206 1969 666 766
4148 524 4548 924 398 498
3420 2631 3820 3031 678 778
3736 2247 4136 2647 752 852
4667 1159 5067 1559 790 890
4229 216 4629 616 789 889
909 2970 1309 3370 559 659
1597 3498 1997 3898 553 653
4262 525 4662 925 736 836
3647 1514 4047 1914 811 911
1444 2902 1844 3302 636 736
5303 1440 5703 1840 465 565
5205 1325 5605 1725 428 528
5211 1324 5611 1724 715 815
1896 270 2296 670 529 629
1019 2521 1419 2921 411 511
1778 2020 2178 2420 806 906
1761 2536 2161 2936 784 884
1968 2181 2368 2581 375 475
2114 1359 2514 1759 798 898
3855 2207 4255 2607 785 885
1450 2146 1850 2546 522 622
2412 163 2812 563 718 818
4179 1631 4579 2031 637 737
1196 1023 1596 1423 672 772
3431 1062 3831 1462 691 791
2100 518 2500 918 426 526
1628 2589 2028 2989 443 543
59 295 459 695 439 539
4629 1449 5029 1849 509 609
1128 3185 1528 3585 615 715
4560 797 4960 1197 685 785
2750 503 3150 903 705 805
1996 2842 2396 3242 613 713
593 2859 993 3259 677 777
645 3224 1045 3624 396 496
3819 552 4219 952 698 798
142 2924 542 3324 703 803
2092 945 2492 1345 776 876
488 831 888 1231 617 717
4418 2006 4818 2406 775 875
4443 2261 4843 2661 446 546
426 364 826 764 712 812
3328 3332 3728 3732 637 737
2039 3196 2439 3596 525 625
1017 1736 1417 2136 495 595
1597 1475 1997 1875 694 794
116 831 516 1231 491 591
1215 1759 1615 2159 405 505
3982 2841 4382 3241 731 831
2529 1834 2929 2234 647 747
1026 2456 1426 2856 453 553
609 1161 1009 1561 737 837
1441 203 1841 603 449 549
2262 633 2662 1033 769 869
4267 1383 4667 1783 527 627
2883 3515 3283 3915 629 729
2774 346 3174 746 612 712
3005 1666 3405 2066 509 609
3634 3588 4034 3988 422 522
1288 2452 1688 2852 524 624
2534 2951 2934 3351 468 568
3930 2283 4330 2683 602 702
5346 370 5746 770 340 440
3654 634 4054 1034 362 462
4886 1753 5286 2153 382 482
1370 1840 1770 2240 461 561
118 868 518 1268 481 581
1272 250 1672 650 736 836
1484 350 1884 750 637 737
1556 2000 1956 2400 539 639
3030 2095 3430 2495 731 831
5221 223 5621 623 516 616
2801 3021 3201 3421 600 700
4853 347 5253 747 805 905
5097 2599 5497 2999 695 795
2303 2800 2703 3200 428 528
3194 2427 3594 2827 361 461
196 3238 596 3638 649 749
5408 1883 5808 2283 735 835
1047 1203 1447 1603 611 711
3403 2450 3803 2850 438 538
2620 878 3020 1278 737 837
2186 2760 2586 3160 477 577
979 3188 1379 3588 651 751
1261 2215 1661 2615 662 762
1858 1223 2258 1623 702 802
3091 1638 3491 2038 512 612
5170 2296 5570 2696 769 869
2783 2190 3183 2590 691 791
2441 1889 2841 2289 768 868
306 3264 706 3664 635 735
4355 554 4755 954 498 598
4756 3246 5156 3646 474 574
4609 1834 5009 2234 642 742
4690 2646 5090 3046 400 500
4758 1741 5158 2141 346 446
3307 380 3707 780 530 630
770 1522 1170 1922 544 644
1298 3325 1698 3725 715 815
3496 448 3896 848 389 489
3795 583 4195 983 574 674
2662 1644 3062 2044 784 884
5318 253 5718 653 648 748
3683 3031 4083 3431 428 528
2610 2544 3010 2944 518 618
4632 3482 5032 3882 397 497
4050 1442 4450 1842 485 585
1180 1873 1580 2273 402 502
4851 2901 5251 3301 388 488
3835 718 4235 1118 364 464
2370 128 2770 528 456 556
983 1490 1383 1890 437 537
5171 2081 5571 2481 484 584
798 481 1198 881 739 839
40 458 440 858 562 662
4160 2136 4560 2536 754 854
1255 1048 1655 1448 580 680
2735 2432 3135 2832 766 866
327 1382 727 1782 715 815
4816 1599 5216 1999 782 882
5200 1371 5600 1771 444 544
4662 1870 5062 2270 805 905
2116 1560 2516 1960 669 769
2320 667 2720 1067 502 602
4756 1954 5156 2354 610 710
354 866 754 1266 505 605
4756 1235 5156 1635 345 445
2382 2861 2782 3261 577 677
2322 63 2722 463 529 629
433 1858 833 2258 431 531
3089 3003 3489 3403 411 511
3203 3500 3603 3900 557 657
3752 3484 4152 3884 363 463
4613 2626 5013 3026 543 643
4030 357 4430 757 637 737
2048 731 2448 1131 349 449
423 29 823 429 695 795
3205 2713 3605 3113 793 893
1007 3454 1407 3854 710 810
4122 3062 4522 3462 497 597
2624 2255 3024 2655 585 685
2077 580 2477 980 541 641
3149 3128 3549 3528 467 567
444 2688 844 3088 435 535
2764 3341 3164 3741 774 874
5023 1944 5423 2344 755 855
3378 2145 3778 2545 647 747
1647 1389 2047 1789 366 466
316 1529 716 1929 594 694
4840 2436 5240 2836 428 528
1148 18 1548 418 714 814
2759 2848 3159 3248 533 633
891 1412 1291 1812 351 451
2786 2962 3186 3362 502 602
3075 382 3475 782 451 551
758 2828 1158 3228 546 646
4824 1875 5224 2275 404 504
512 848 912 1248 437 537
1716 1446 2116 1846 811 911
5003 2804 5403 3204 689 789
3117 2598 3517 2998 717 817
1709 231 2109 631 747 847
4297 2803 4697 3203 596 696
1189 2997 1589 3397 767 867
2439 2856 2839 3256 364 464
4073 3320 4473 3720 641 741
136 3028 536 3428 730 830
4495 2010 4895 2410 365 465
4034 2398 4434 2798 479 579
2953 446 3353 846 492 592
5059 1306 5459 1706 489 589
4972 3052 5372 3452 794 894
2206 1153 2606 1553 582 682
2788 3269 3188 3669 460 560
4284 1864 4684 2264 453 553
4332 3301 4732 3701 521 621
5393 811 5793 1211 530 630
5403 1650 5803 2050 791 891
3448 1517 3848 1917 782 882
2406 1939 2806 2339 760 860
4869 3263 5269 3663 743 843
789 3414 1189 3814 705 805
1559 131 1959 531 620 720
2315 1445 2715 1845 651 751
3594 1027 3994 1427 411 511
2717 1348 3117 1748 417 517
3635 2566 4035 2966 476 576
2853 3536 3253 3936 581 681
883 923 1283 1323 685 785
5198 3376 5598 3776 381 481
1599 2896 1999 3296 424 524
1524 3593 1924 3993 570 670
1239 585 1639 985 349 449
2480 1788 2880 2188 422 522
3873 2997 4273 3397 339 439
4980 1375 5380 1775 457 557
1869 244 2269 644 603 703
2997 1120 3397 1520 692 792
4539 1833 4939 2233 606 706
2526 1179 2926 1579 561 661
2789 2624 3189 3024 490 590
2070 2364 2470 2764 620 720
214 2870 614 3270 453 553
1991 1693 2391 2093 637 737
2185 2104 2585 2504 672 772
2204 274 2604 674 344 444
4131 3105 4531 3505 569 669
2162 2116 2562 2516 661 761
2017 467 2417 867 523 623
1701 256 2101 656 451 551
3622 2842 4022 3242 466 566
4644 2194 5044 2594 497 597
2994 1727 3394 2127 766 866
2794 62 3194 462 675 775
3797 1664 4197 2064 464 564
4156 359 4556 759 685 785
1463 1096 1863 1496 390 490
4793 750 5193 1150 747 847
3556 1346 3956 1746 494 594
4076 1135 4476 1535 458 558
3547 1984 3947 2384 681 781
1006 1097 1406 1497 627 727
539 2067 939 2467 529 629
3701 3389 4101 3789 399 499
4653 3249 5053 3649 725 825
2144 2555 2544 2955 630 730
1152 2681 1552 3081 488 588
670 270 1070 670 715 815
1132 45 1532 445 563 663
4513 3256 4913 3656 779 879
2142 281 2542 681 633 733
3 945 403 1345 609 709
2727 3431 3127 3831 659 759
5404 1897 5804 2297 350 450
1704 3147 2104 3547 384 484
2133 2084 2533 2484 545 645
3454 2583 3854 2983 438 538
1793 3566 2193 3966 624 724
4754 3550 5154 3950 622 722
3472 3002 3872 3402 543 643
5404 88 5804 488 353 453
3291 1250 3691 1650 807 907
4655 899 5055 1299 486 586
4485 763 4885 1163 773 873
2698 2995 3098 3395 649 749
3091 2985 3491 3385 497 597
4696 3185 5096 3585 664 764
3533 1090 3933 1490 728 828
1834 2561 2234 2961 622 722
592 3252 992 3652 354 454
1321 698 1721 1098 672 772
2126 483 2526 883 743 843
4015 105 4415 505 455 555
2399 1631 2799 2031 477 577
981 2758 1381 3158 725 825
1850 1044 2250 1444 632 732
1709 1134 2109 1534 491 591
4590 1527 4990 1927 381 481
3158 3076 3558 3476 604 704
3986 3152 4386 3552 434 534
3584 3503 3984 3903 714 814
4094 2319 4494 2719 714 814
2956 2054 3356 2454 780 880
335 1028 735 1428 608 708
1634 2068 2034 2468 361 461
3117 1119 3517 1519 339 439
1791 2357 2191 2757 349 449
1111 2091 1511 2491 344 444
307 2378 707 2778 686 786
1254 1076 1654 1476 631 731
2298 2699 2698 3099 385 485
841 1641 1241 2041 369 469
3051 1245 3451 1645 427 527
2701 3338 3101 3738 783 883
1714 2063 2114 2463 368 468
5351 3435 5751 3835 450 550
694 3237 1094 3637 562 662
3323 3146 3723 3546 556 656
3010 69 3410 469 420 520
4783 1679 5183 2079 365 465
3478 425 3878 825 812 912
732 2117 1132 2517 664 764
1234 36 1634 436 804 904
3873 909 4273 1309 800 900
2730 1255 3130 1655 792 892
4541 3253 4941 3653 617 717
274 2836 674 3236 422 522
2522 556 2922 956 436 536
2428 1542 2828 1942 628 728
589 1668 989 2068 641 741
3553 1995 3953 2395 572 672
4338 2427 4738 2827 395 495
1282 1680 1682 2080 415 515
536 1810 936 2210 522 622
2118 1753 2518 2153 586 686
2538 2997 2938 3397 557 657
4911 40 5311 440 362 462
3026 351 3426 751 418 518
872 329 1272 729 732 832
4197 841 4597 1241 699 799
3373 2383 3773 2783 465 565
1014 452 1414 852 556 656
523 1800 923 2200 526 626
5266 471 5666 871 794 894
1623 3404 2023 3804 524 624
5067 1277 5467 1677 553 653
1748 1707 2148 2107 517 617
3559 150 3959 550 568 668
376 3351 776 3751 373 473
337 2088 737 2488 568 668
534 129 934 529 556 656
1569 921 1969 1321 409 509
4489 2980 4889 3380 380 480
2525 1232 2925 1632 386 486
2112 3206 2512 3606 338 438
541 1446 941 1846 364 464
2666 715 3066 1115 522 622
444 249 844 649 421 521
4716 2114 5116 2514 636 736
4149 649 4549 1049 504 604
5090 2052 5490 2452 659 759
3086 3209 3486 3609 382 482
2162 2944 2562 3344 684 784
1351 2358 1751 2758 617 717
3752 3261 4152 3661 513 613
3481 1713 3881 2113 400 500
3074 711 3474 1111 646 746
4881 297 5281 697 651 751
1046 821 1446 1221 498 598
3639 521 4039 921 581 681
533 239 933 639 712 812
544 2358 944 2758 468 568
5001 1637 5401 2037 620 720
666 3478 1066 3878 806 906
1125 1150 1525 1550 380 480
5438 3169 5838 3569 485 585
2034 2100 2434 2500 786 886
1295 2669 1695 3069 436 536
1340 2937 1740 3337 619 719
2545 1143 2945 1543 747 847
2684 885 3084 1285 574 674
2292 203 2692 603 395 495
374 1527 774 1927 610 710
4299 636 4699 1036 786 886
269 272 669 672 421 521
3840 40 4240 440 544 644
2425 2896 2825 3296 559 659
1252 843 1652 1243 576 676
3644 753 4044 1153 679 779
3750 3228 4150 3628 691 791
278 1717 678 2117 631 731
3760 1291 4160 1691 345 445
959 2139 1359 2539 757 857
2671 934 3071 1334 784 884
1928 2124 2328 2524 632 732
5361 1187 5761 1587 806 906
442 3438 842 3838 563 663
1128 295 1528 695 541 641
3981 767 4381 1167 577 677
4923 3584 5323 3984 611 711
2150 2066 2550 2466 484 584
4201 1562 4601 1962 422 522
1053 2341 1453 2741 631 731
585 2437 985 2837 440 540
3463 3239 3863 3639 574 674
2808 204 3208 604 673 773
4058 103 4458 503 409 509
1243 1435 1643 1835 559 659
3978 2687 4378 3087 418 518
157 3196 557 3596 521 621
331 2014 731 2414 400 500
2058 2116 2458 2516 620 720
2189 1035 2589 1435 359 459
3977 296 4377 696 697 797
3716 2628 4116 3028 578 678
4240 518 4640 918 636 736
1384 3301 1784 3701 602 702
451 3068 851 3468 476 576
2694 664 3094 1064 571 671
3753 1372 4153 1772 678 778
1936 288 2336 688 676 776
2963 60 3363 460 710 810
5153 467 5553 867 788 888
4341 1559 4741 1959 377 477
319 669 719 1069 401 501
772 1430 1172 1830 529 629
5305 2939 5705 3339 753 853
4108 1432 4508 1832 420 520
872 2317 1272 2717 614 714
5019 2759 5419 3159 546 646
24 651 424 1051 492 592
4360 1660 4760 2060 525 625
3343 1656 3743 2056 803 903
3466 2981 3866 3381 518 618
190 870 590 1270 803 903
4982 72 5382 472 792 892
2080 2301 2480 2701 493 593
667 1968 1067 2368 710 810
2303 508 2703 908 382 482
399 2119 799 2519 397 497
237 703 637 1103 388 488
2465 3387 2865 3787 492 592
1137 3574 1537 3974 367 467
1321 208 1721 608 513 613
4115 208 4515 608 812 912
2669 1089 3069 1489 405 505
1223 1280 1623 1680 691 791
4039 481 4439 881 761 861
3249 3269 3649 3669 349 449
4742 3108 5142 3508 571 671
3950 1370 4350 1770 739 839
248 1362 648 1762 789 889
4601 3146 5001 3546 799 899
715 3587 1115 3987 414 514
1250 2154 1650 2554 481 581
1083 3117 1483 3517 586 686
3864 2214 4264 2614 370 470
1454 2384 1854 2784 728 828
524 2968 924 3368 714 814
2260 2683 2660 3083 679 779
3363 2778 3763 3178 760 860
1294 1231 1694 1631 560 660
415 1793 815 2193 341 441
4067 2521 4467 2921 348 448
2273 122 2673 522 433 533
3542 1159 3942 1559 363 463
4538 2103 4938 2503 667 767
2214 2585 2614 2985 547 647
5242 42 5642 442 705 805
2480 1604 2880 2004 784 884
5210 2188 5610 2588 695 795
224 406 624 806 491 591
3748 1156 4148 1556 730 830
595 1391 995 1791 563 663
407 2247 807 2647 642 742
4734 333 5134 733 744 844
5365 919 5765 1319 608 708
3836 2614 4236 3014 440 540
1310 2879 1710 3279 665 765
1350 801 1750 1201 744 844
3257 71 3657 471 508 608
2979 2986 3379 3386 688 788
762 107 1162 507 783 883
4087 272 4487 672 777 877
224 794 624 1194 675 775
1305 2317 1705 2717 621 721
3287 176 3687 576 386 486
4594 2277 4994 2677 407 507
1238 3220 1638 3620 598 698
4627 2373 5027 2773 785 885
3574 909 3974 1309 430 530
4007 1026 4407 1426 434 534
2093 1864 2493 2264 395 495
3373 2195 3773 2595 390 490
4227 1870 4627 2270 358 458
4049 3100 4449 3500 395 495
1256 3445 1656 3845 380 480
2949 2335 3349 2735 642 742
775 2936 1175 3336 513 613
2539 3200 2939 3600 616 716
2717 549 3117 949 518 618
3958 2862 4358 3262 430 530
3922 1253 4322 1653 505 605
3479 1989 3879 2389 661 761
978 2861 1378 3261 573 673
4828 1934 5228 2334 545 645
3442 1632 3842 2032 433 533
2500 783 2900 1183 435 535
396 3511 796 3911 654 754
1320 3402 1720 3802 391 491
1179 1839 1579 2239 455 555
669 3422 1069 3822 542 642
5332 2426 5732 2826 452 552
5362 468 5762 868 631 731
4848 1422 5248 1822 418 518
1136 390 1536 790 775 875
4166 1198 4566 1598 409 509
901 423 1301 823 724 824
3941 1852 4341 2252 509 609
3956 3012 4356 3412 755 855
132 1165 532 1565 481 581
4049 1752 4449 2152 404 504
1141 687 1541 1087 400 500
1507 3435 1907 3835 453 553
515 809 915 1209 690 790
5270 1879 5670 2279 509 609
3499 2545 3899 2945 444 544
1899 560 2299 960 464 564
855 2440 1255 2840 473 573
1142 1248 1542 1648 424 524
5300 2275 5700 2675 671 771
2601 379 3001 779 770 870
2444 2023 2844 2423 338 438
3310 3348 3710 3748 423 523
3553 2162 3953 2562 799 899
1272 3417 1672 3817 747 847
4174 1266 4574 1666 401 501
2256 3032 2656 3432 739 839
897 2297 1297 2697 427 527
493 3501 893 3901 663 763
2679 3427 3079 3827 473 573
3194 3331 3594 3731 452 552
2706 945 3106 1345 807 907
3986 2875 4386 3275 476 576
1513 1808 1913 2208 782 882
451 676 851 1076 375 475
1936 3470 2336 3870 499 599
4694 586 5094 986 676 776
4500 577 4900 977 413 513
2417 186 2817 586 688 788
153 2423 553 2823 489 589
2967 2182 3367 2582 436 536
4340 1796 4740 2196 448 548
5414 3461 5814 3861 589 689
5133 1320 5533 1720 424 524
4012 1293 4412 1693 782 882
2195 1658 2595 2058 406 506
305 780 705 1180 758 858
3117 1308 3517 1708 536 636
3484 1502 3884 1902 353 453
5425 2608 5825 3008 698 798
481 1211 881 1611 400 500
2135 2801 2535 3201 371 471
2266 108 2666 508 463 563
4183 2172 4583 2572 360 460
3120 3372 3520 3772 779 879
665 1434 1065 1834 773 873
3555 3315 3955 3715 809 909
915 663 1315 1063 665 765
1648 2978 2048 3378 579 679
806 2958 1206 3358 654 754
4262 1939 4662 2339 697 797
1449 1162 1849 1562 677 777
515 61 915 461 659 759
2883 2441 3283 2841 636 736
4625 3489 5025 3889 574 674
1066 3302 1466 3702 587 687
2146 1748 2546 2148 614 714
4557 3014 4957 3414 740 840
4794 1987 5194 2387 342 442
5275 2452 5675 2852 398 498
712 1142 1112 1542 507 607
2392 239 2792 639 696 796
3773 29 4173 429 524 624
4827 1301 5227 1701 647 747
5246 2355 5646 2755 675 775
3917 1812 4317 2212 502 602
3035 1912 3435 2312 749 849
342 1343 742 1743 661 761
4397 2924 4797 3324 512 612
5238 2465 5638 2865 720 820
2849 3155 3249 3555 618 718
590 3535 990 3935 674 774
3159 1294 3559 1694 443 543
5133 1652 5533 2052 530 630
4939 1089 5339 1489 808 908
572 1469 972 1869 767 867
3578 42 3978 442 767 867
4069 2216 4469 2616 402 502
2959 2961 3359 3361 806 906
4460 1655 4860 2055 790 890
1689 2766 2089 3166 671 771
1472 3124 1872 3524 736 836
2695 1798 3095 2198 444 544
3309 2452 3709 2852 521 621
3319 1833 3719 2233 641 741
5103 3432 5503 3832 638 738
4286 1258 4686 1658 615 715
2698 659 3098 1059 446 546
2650 468 3050 868 459 559
3178 581 3578 981 586 686
1555 3450 1955 3850 559 659
1370 2436 1770 2836 803 903
2453 1959 2853 2359 395 495
258 1468 658 1868 731 831
5053 2264 5453 2664 360 460
635 1012 1035 1412 352 452
4368 3124 4768 3524 545 645
3278 3310 3678 3710 725 825
271 2333 671 2733 666 766
5185 1026 5585 1426 543 643
4372 343 4772 743 739 839
681 1349 1081 1749 433 533
3023 377 3423 777 514 614
3674 231 4074 631 611 711
5205 472 5605 872 769 869
1673 2189 2073 2589 580 680
4848 1741 5248 2141 728 828
4548 99 4948 499 361 461
5157 60 5557 460 350 450
4193 2494 4593 2894 689 789
3553 3364 3953 3764 399 499
2049 3346 2449 3746 621 721
1467 452 1867 852 471 571
1626 3102 2026 3502 459 559
392 1435 792 1835 621 721
1401 304 1801 704 784 884
4315 1633 4715 2033 772 872
5416 986 5816 1386 791 891
4525 1115 4925 1515 471 571
1728 3415 2128 3815 742 842
3082 1267 3482 1667 568 668
4701 1721 5101 2121 428 528
5392 11 5792 411 384 484
5045 3208 5445 3608 421 521
3918 3487 4318 3887 785 885
1623 3111 2023 3511 619 719
4551 3094 4951 3494 415 515
3311 2957 3711 3357 711 811
1496 320 1896 720 538 638
1939 536 2339 936 627 727
4384 3121 4784 3521 707 807
2637 2726 3037 3126 704 804
2505 2210 2905 2610 640 740
1885 440 2285 840 619 719
4451 2177 4851 2577 437 537
1963 1272 2363 1672 454 554
4414 2935 4814 3335 436 536
2891 3214 3291 3614 699 799
2259 700 2659 1100 716 816
2234 2074 2634 2474 576 676
1569 1119 1969 1519 629 729
4131 2708 4531 3108 791 891
1089 2987 1489 3387 464 564
4791 1825 5191 2225 738 838
3418 2907 3818 3307 631 731
242 3484 642 3884 355 455
4982 3281 5382 3681 503 603
190 911 590 1311 813 913
2164 1889 2564 2289 785 885
4863 2221 5263 2621 552 652
4259 1139 4659 1539 521 621
1185 3511 1585 3911 774 874
27 2347 427 2747 596 696
1052 2769 1452 3169 364 464
3864 203 4264 603 639 739
1498 1736 1898 2136 363 463
3896 3278 4296 3678 443 543
4729 140 5129 540 663 763
1866 3062 2266 3462 590 690
2559 2492 2959 2892 351 451
2992 2566 3392 2966 566 666
2738 714 3138 1114 725 825
1242 1753 1642 2153 571 671
4201 1622 4601 2022 809 909
2305 760 2705 1160 366 466
320 3436 720 3836 772 872
210 1048 610 1448 566 666
947 2224 1347 2624 472 572
2860 2395 3260 2795 630 730
204 2262 604 2662 465 565
3219 1807 3619 2207 694 794
2905 2151 3305 2551 581 681
3395 309 3795 709 580 680
337 2869 737 3269 745 845
1399 2365 1799 2765 448 548
1996 1702 2396 2102 461 561
2370 765 2770 1165 802 902
4940 2254 5340 2654 535 635
4455 3479 4855 3879 541 641
3079 638 3479 1038 386 486
551 1643 951 2043 616 716
1128 3451 1528 3851 535 635
3119 2373 3519 2773 431 531
4302 2265 4702 2665 638 738
2852 786 3252 1186 558 658
70 1159 470 1559 568 668
332 1519 732 1919 620 720
2093 3053 2493 3453 745 845
4642 2300 5042 2700 794 894
4719 231 5119 631 615 715
2004 849 2404 1249 553 653
5247 3119 5647 3519 360 460
863 2062 1263 2462 425 525
3539 3033 3939 3433 430 530
4347 3472 4747 3872 371 471
5276 1119 5676 1519 754 854
1522 2430 1922 2830 435 535
4492 2761 4892 3161 745 845
1372 1318 1772 1718 643 743
778 3515 1178 3915 422 522
2916 2321 3316 2721 613 713
121 3146 521 3546 621 721
3619 937 4019 1337 541 641
3360 1116 3760 1516 691 791
4807 2950 5207 3350 377 477
1355 3112 1755 3512 738 838
756 1796 1156 2196 393 493
2187 1276 2587 1676 761 861
2899 1716 3299 2116 535 635
4469 2413 4869 2813 800 900
4536 986 4936 1386 725 825
3965 2098 4365 2498 368 468
1007 1997 1407 2397 403 503
4537 967 4937 1367 521 621
2534 1271 2934 1671 802 902
413 1606 813 2006 661 761
1437 3129 1837 3529 659 759
182 1669 582 2069 601 701
4497 277 4897 677 345 445
5266 674 5666 1074 422 522
4643 999 5043 1399 559 659
4634 592 5034 992 349 449
5360 1991 5760 2391 365 465
2244 2147 2644 2547 621 721
4265 3512 4665 3912 734 834
2327 2356 2727 2756 664 764
4268 3399 4668 3799 424 524
3922 1288 4322 1688 441 541
2903 875 3303 1275 721 821
20 1388 420 1788 468 568
4370 650 4770 1050 720 820
5110 2491 5510 2891 726 826
5239 2857 5639 3257 367 467
3251 2684 3651 3084 579 679
5068 2507 5468 2907 359 459
4617 166 5017 566 627 727
3568 2374 3968 2774 756 856
5241 3144 5641 3544 399 499
1255 732 1655 1132 712 812
5393 1384 5793 1784 536 636
2923 2403 3323 2803 813 913
4137 2683 4537 3083 499 599
2118 2233 2518 2633 357 457
3314 1539 3714 1939 602 702
1695 3078 2095 3478 793 893
4921 2431 5321 2831 516 616
2838 3293 3238 3693 497 597
2324 1012 2724 1412 509 609
998 2949 1398 3349 337 437
480 1597 880 1997 394 494
3472 2743 3872 3143 360 460
3736 182 4136 582 788 888
3343 1710 3743 2110 810 910
4777 1533 5177 1933 453 553
2591 3310 2991 3710 808 908
3615 1839 4015 2239 438 538
1857 407 2257 807 403 503
4777 901 5177 1301 461 561
5100 429 5500 829 567 667
3482 1375 3882 1775 556 656
5069 17 5469 417 559 659
1100 1535 1500 1935 407 507
1813 3309 2213 3709 563 663
1880 2505 2280 2905 433 533
4552 1807 4952 2207 736 836
3701 1630 4101 2030 539 639
4573 2142 4973 2542 609 709
2104 2116 2504 2516 338 438
4728 2606 5128 3006 668 768
2817 742 3217 1142 542 642
4329 3021 4729 3421 637 737
1620 1043 2020 1443 401 501
1706 510 2106 910 473 573
3826 56 4226 456 799 899
729 1218 1129 1618 618 718
4992 1384 5392 1784 788 888
2651 2985 3051 3385 534 634
1984 20 2384 420 421 521
5317 2796 5717 3196 619 719
3081 2878 3481 3278 653 753
882 3372 1282 3772 506 606
2507 3422 2907 3822 529 629
810 3209 1210 3609 772 872
2013 2352 2413 2752 754 854
10 1805 410 2205 368 468
271 3366 671 3766 710 810
970 1674 1370 2074 707 807
3965 156 4365 556 572 672
588 1803 988 2203 758 858
4257 1354 4657 1754 469 569
4696 182 5096 582 474 574
4411 1326 4811 1726 773 873
1938 1208 2338 1608 631 731
1970 3139 2370 3539 677 777
946 1841 1346 2241 457 557
856 1212 1256 1612 443 543
5400 211 5800 611 763 863
266 1560 666 1960 663 763
1003 1104 1403 1504 620 720
4651 3540 5051 3940 414 514
2830 1826 3230 2226 728 828
2748 3167 3148 3567 357 457
3461 2333 3861 2733 795 895
4114 1924 4514 2324 344 444
213 1417 613 1817 751 851
3685 2029 4085 2429 387 487
321 34 721 434 511 611
1407 1437 1807 1837 768 868
3171 2657 3571 3057 436 536
3242 2891 3642 3291 531 631
1822 2924 2222 3324 488 588
5236 438 5636 838 402 502
5424 3037 5824 3437 393 493
634 454 1034 854 492 592
882 2825 1282 3225 491 591
1052 571 1452 971 422 522
1416 659 1816 1059 658 758
2944 2674 3344 3074 541 641
1598 1659 1998 2059 380 480
3406 3020 3806 3420 375 475
2059 2419 2459 2819 731 831
1938 1547 2338 1947 557 657
5207 222 5607 622 768 868
44 580 444 980 629 729
4743 2741 5143 3141 481 581
1678 763 2078 1163 370 470
2274 2481 2674 2881 402 502
1362 1483 1762 1883 452 552
4651 260 5051 660 370 470
