1395
3328 4352 3455 4479 844 894
3328 2560 3455 2687 582 632
1920 3328 2047 3455 345 395
128 3072 255 3199 657 707
2944 3072 3071 3199 723 773
1280 2304 1407 2431 858 908
1920 3968 2047 4095 340 390
3200 768 3327 895 424 474
384 3712 511 3839 555 605
3328 3200 3455 3327 599 649
3328 5504 3455 5631 712 762
2816 4992 2943 5119 728 778
1024 128 1151 255 412 462
0 256 127 383 584 634
3200 5248 3327 5375 860 910
2176 3456 2303 3583 646 696
3072 1408 3199 1535 842 892
3328 3072 3455 3199 392 442
1792 1664 1919 1791 515 565
2048 0 2175 127 444 494
1664 512 1791 639 643 693
2304 2048 2431 2175 384 434
1152 1920 1279 2047 674 724
1536 4864 1663 4991 337 387
3328 1920 3455 2047 647 697
512 1536 639 1663 553 603
1536 1408 1663 1535 458 508
2304 5376 2431 5503 813 863
2688 3328 2815 3455 746 796
2560 2944 2687 3071 478 528
896 4736 1023 4863 701 751
2560 1536 2687 1663 726 776
1536 384 1663 511 723 773
1664 0 1791 127 709 759
3840 4224 3967 4351 519 569
256 3072 383 3199 828 878
1792 1152 1919 1279 422 472
3584 1152 3711 1279 522 572
512 2688 639 2815 635 685
768 1280 895 1407 640 690
128 2688 255 2815 785 835
1792 5376 1919 5503 483 533
2816 2688 2943 2815 750 800
2688 768 2815 895 579 629
2432 3072 2559 3199 449 499
3328 640 3455 767 465 515
256 2048 383 2175 361 411
2176 4224 2303 4351 427 477
2432 3456 2559 3583 521 571
768 0 895 127 785 835
3584 1024 3711 1151 781 831
3712 768 3839 895 546 596
2048 3840 2175 3967 832 882
0 5504 127 5631 591 641
1024 3968 1151 4095 793 843
512 2816 639 2943 862 912
3840 4608 3967 4735 526 576
256 1920 383 2047 387 437
2560 1280 2687 1407 811 861
896 384 1023 511 408 458
1024 3456 1151 3583 528 578
1024 3712 1151 3839 367 417
384 768 511 895 797 847
1152 384 1279 511 634 684
1280 4608 1407 4735 458 508
2048 2560 2175 2687 698 748
1920 5376 2047 5503 844 894
0 4224 127 4351 789 839
1536 2176 1663 2303 603 653
1920 3456 2047 3583 615 665
0 3200 127 3327 812 862
2176 2048 2303 2175 770 820
1920 4480 2047 4607 761 811
2688 2560 2815 2687 698 748
128 4736 255 4863 485 535
1152 3712 1279 3839 346 396
1536 256 1663 383 827 877
1920 4224 2047 4351 755 805
640 3840 767 3967 683 733
3712 1152 3839 1279 730 780
3328 2944 3455 3071 676 726
3584 1536 3711 1663 846 896
3456 896 3583 1023 412 462
0 2432 127 2559 363 413
2688 2176 2815 2303 819 869
0 5632 127 5759 341 391
1920 2944 2047 3071 361 411
256 5248 383 5375 481 531
2432 2304 2559 2431 637 687
3200 3456 3327 3583 555 605
640 1664 767 1791 552 602
640 4992 767 5119 829 879
3712 4864 3839 4991 831 881
2944 3200 3071 3327 731 781
384 2816 511 2943 845 895
1536 1920 1663 2047 426 476
2048 3712 2175 3839 811 861
2560 4864 2687 4991 825 875
3456 0 3583 127 351 401
2560 1024 2687 1151 550 600
1408 5248 1535 5375 577 627
1664 4352 1791 4479 826 876
512 0 639 127 456 506
2816 4224 2943 4351 720 770
896 3072 1023 3199 380 430
1280 5376 1407 5503 850 900
1024 4480 1151 4607 730 780
1280 5248 1407 5375 343 393
1792 1024 1919 1151 741 791
2304 3712 2431 3839 795 845
2944 512 3071 639 736 786
128 384 255 511 799 849
128 2048 255 2175 777 827
1408 1408 1535 1535 530 580
512 1280 639 1407 826 876
128 2816 255 2943 732 782
3328 3840 3455 3967 781 831
1920 1536 2047 1663 850 900
3200 3328 3327 3455 349 399
3072 2048 3199 2175 554 604
1920 2688 2047 2815 787 837
3712 5504 3839 5631 810 860
3456 4608 3583 4735 765 815
2176 4352 2303 4479 755 805
1536 2688 1663 2815 396 446
3584 5504 3711 5631 746 796
2816 4608 2943 4735 844 894
1664 3456 1791 3583 589 639
1152 1792 1279 1919 427 477
3200 0 3327 127 577 627
3072 256 3199 383 803 853
2176 2176 2303 2303 667 717
3584 1280 3711 1407 786 836
1408 128 1535 255 641 691
512 896 639 1023 523 573
3456 3200 3583 3327 829 879
2816 1536 2943 1663 628 678
3840 5632 3967 5759 635 685
3456 1152 3583 1279 554 604
3328 768 3455 895 505 555
2176 0 2303 127 566 616
1280 896 1407 1023 672 722
1920 1152 2047 1279 687 737
2176 512 2303 639 479 529
3712 3968 3839 4095 338 388
1280 5632 1407 5759 649 699
2688 384 2815 511 593 643
3328 3968 3455 4095 501 551
2048 1536 2175 1663 354 404
3072 1664 3199 1791 851 901
3840 3456 3967 3583 438 488
2944 1792 3071 1919 524 574
640 5248 767 5375 797 847
1408 4736 1535 4863 339 389
512 3840 639 3967 415 465
384 3328 511 3455 575 625
2944 384 3071 511 468 518
2304 1536 2431 1663 641 691
3840 3968 3967 4095 828 878
128 4224 255 4351 558 608
128 5120 255 5247 354 404
384 0 511 127 486 536
1792 128 1919 255 361 411
896 5248 1023 5375 522 572
3712 5120 3839 5247 509 559
2048 3200 2175 3327 793 843
768 768 895 895 487 537
2176 640 2303 767 800 850
1152 1152 1279 1279 811 861
2688 3456 2815 3583 423 473
0 2816 127 2943 688 738
0 3712 127 3839 513 563
2560 2432 2687 2559 758 808
2432 1664 2559 1791 511 561
640 3200 767 3327 375 425
3072 896 3199 1023 479 529
3584 5632 3711 5759 542 592
1536 1664 1663 1791 350 400
3072 3072 3199 3199 643 693
1024 2816 1151 2943 805 855
2816 3200 2943 3327 338 388
3584 1408 3711 1535 744 794
896 3968 1023 4095 465 515
2048 4096 2175 4223 798 848
512 4736 639 4863 466 516
3712 4096 3839 4223 543 593
256 3968 383 4095 756 806
2688 0 2815 127 597 647
768 1024 895 1151 566 616
768 256 895 383 439 489
1792 4352 1919 4479 537 587
1280 1664 1407 1791 830 880
2688 128 2815 255 834 884
1152 3456 1279 3583 807 857
2432 5376 2559 5503 488 538
512 3584 639 3711 479 529
128 3200 255 3327 736 786
1920 3712 2047 3839 358 408
1792 4480 1919 4607 416 466
2176 1664 2303 1791 683 733
2560 128 2687 255 444 494
3840 4864 3967 4991 486 536
128 1920 255 2047 579 629
2688 2944 2815 3071 339 389
1152 3200 1279 3327 379 429
2304 896 2431 1023 863 913
2048 2304 2175 2431 481 531
1280 1920 1407 2047 584 634
2304 2432 2431 2559 349 399
3712 4608 3839 4735 506 556
1408 3840 1535 3967 771 821
3328 4096 3455 4223 350 400
1280 1408 1407 1535 387 437
768 1152 895 1279 373 423
3072 1024 3199 1151 531 581
1280 3584 1407 3711 762 812
1024 5504 1151 5631 825 875
128 0 255 127 669 719
3072 1792 3199 1919 741 791
3456 3968 3583 4095 528 578
1024 4224 1151 4351 771 821
2432 2688 2559 2815 414 464
2688 5504 2815 5631 494 544
128 4864 255 4991 741 791
384 3200 511 3327 357 407
512 2304 639 2431 364 414
256 1664 383 1791 602 652
1664 1024 1791 1151 475 525
128 3968 255 4095 385 435
1664 2688 1791 2815 400 450
1408 896 1535 1023 822 872
768 2688 895 2815 493 543
512 4480 639 4607 549 599
2688 1408 2815 1535 783 833
2432 896 2559 1023 495 545
1792 4736 1919 4863 591 641
1792 2688 1919 2815 501 551
1280 3456 1407 3583 639 689
512 5376 639 5503 557 607
2048 5632 2175 5759 513 563
1280 128 1407 255 808 858
3712 5632 3839 5759 711 761
2944 2688 3071 2815 773 823
1280 1792 1407 1919 577 627
1408 2048 1535 2175 466 516
128 256 255 383 686 736
896 4096 1023 4223 721 771
3072 5504 3199 5631 427 477
384 1664 511 1791 491 541
3456 3584 3583 3711 598 648
3840 2304 3967 2431 337 387
2432 5120 2559 5247 398 448
2048 4992 2175 5119 675 725
2432 256 2559 383 740 790
3328 2176 3455 2303 521 571
3328 4480 3455 4607 695 745
0 4480 127 4607 768 818
1408 1536 1535 1663 505 555
128 1664 255 1791 834 884
3584 3328 3711 3455 816 866
1664 3840 1791 3967 569 619
256 128 383 255 511 561
3200 4352 3327 4479 445 495
896 1920 1023 2047 781 831
3840 384 3967 511 676 726
1920 256 2047 383 849 899
256 5632 383 5759 755 805
3456 5504 3583 5631 840 890
2688 1664 2815 1791 343 393
3456 4352 3583 4479 694 744
3712 3712 3839 3839 735 785
256 640 383 767 534 584
1024 1280 1151 1407 787 837
2944 1536 3071 1663 644 694
3456 2560 3583 2687 774 824
3584 4864 3711 4991 389 439
2944 3584 3071 3711 466 516
768 4736 895 4863 351 401
640 1792 767 1919 726 776
640 4224 767 4351 339 389
2944 2816 3071 2943 612 662
128 1408 255 1535 726 776
3584 4992 3711 5119 646 696
2560 4736 2687 4863 670 720
896 256 1023 383 849 899
3328 0 3455 127 830 880
2176 4736 2303 4863 747 797
3584 2304 3711 2431 753 803
128 2944 255 3071 472 522
3200 4096 3327 4223 436 486
128 768 255 895 424 474
256 2176 383 2303 423 473
2560 2176 2687 2303 610 660
896 4224 1023 4351 779 829
3072 5632 3199 5759 586 636
2048 3456 2175 3583 668 718
2944 3968 3071 4095 764 814
2432 1408 2559 1535 477 527
2688 4992 2815 5119 363 413
512 1152 639 1279 771 821
3456 5376 3583 5503 554 604
1408 2688 1535 2815 762 812
1664 1408 1791 1535 441 491
2432 2560 2559 2687 477 527
1792 2048 1919 2175 788 838
3456 1024 3583 1151 597 647
384 2176 511 2303 776 826
384 4864 511 4991 637 687
1152 4224 1279 4351 857 907
3584 5248 3711 5375 638 688
3584 5120 3711 5247 639 689
1408 2304 1535 2431 606 656
1664 128 1791 255 746 796
1792 3328 1919 3455 422 472
2304 4736 2431 4863 658 708
1536 128 1663 255 731 781
3712 3456 3839 3583 634 684
768 3712 895 3839 541 591
1408 2560 1535 2687 339 389
3584 768 3711 895 488 538
768 4224 895 4351 641 691
384 512 511 639 427 477
1280 384 1407 511 574 624
3712 2176 3839 2303 633 683
0 2560 127 2687 588 638
2688 5632 2815 5759 824 874
3712 1664 3839 1791 684 734
2816 5504 2943 5631 734 784
768 1920 895 2047 683 733
1024 2688 1151 2815 710 760
2048 2176 2175 2303 641 691
640 2944 767 3071 619 669
3584 4096 3711 4223 608 658
1664 3072 1791 3199 464 514
512 2944 639 3071 760 810
1152 768 1279 895 533 583
2176 2944 2303 3071 444 494
1024 3584 1151 3711 672 722
3840 896 3967 1023 552 602
1792 1536 1919 1663 683 733
640 512 767 639 692 742
2048 5120 2175 5247 854 904
1024 1152 1151 1279 671 721
1664 1152 1791 1279 574 624
3200 1280 3327 1407 658 708
3200 4480 3327 4607 465 515
3584 3840 3711 3967 442 492
2304 5120 2431 5247 429 479
2816 384 2943 511 670 720
256 0 383 127 444 494
2816 3840 2943 3967 826 876
3712 3584 3839 3711 693 743
1152 3840 1279 3967 780 830
768 3328 895 3455 537 587
768 1536 895 1663 462 512
3072 3328 3199 3455 504 554
3712 3328 3839 3455 743 793
0 5120 127 5247 809 859
1920 4992 2047 5119 375 425
2432 4608 2559 4735 562 612
0 2304 127 2431 375 425
2304 5504 2431 5631 398 448
3584 3712 3711 3839 845 895
3456 384 3583 511 646 696
1792 4992 1919 5119 772 822
1664 3200 1791 3327 460 510
512 2432 639 2559 561 611
3456 2944 3583 3071 598 648
768 3840 895 3967 514 564
2304 128 2431 255 776 826
896 1152 1023 1279 417 467
1920 640 2047 767 342 392
512 1024 639 1151 486 536
2048 2944 2175 3071 752 802
896 3712 1023 3839 579 629
3328 5248 3455 5375 807 857
2304 4992 2431 5119 599 649
1408 2944 1535 3071 403 453
1920 2048 2047 2175 618 668
2432 640 2559 767 405 455
2176 1920 2303 2047 757 807
3712 640 3839 767 581 631
3840 2048 3967 2175 480 530
3200 1536 3327 1663 673 723
2432 2048 2559 2175 500 550
768 5120 895 5247 852 902
1408 0 1535 127 560 610
384 4608 511 4735 379 429
3584 4352 3711 4479 516 566
640 3072 767 3199 844 894
1536 5120 1663 5247 850 900
0 2048 127 2175 554 604
1280 2560 1407 2687 624 674
1664 2304 1791 2431 550 600
2432 4224 2559 4351 337 387
2432 4480 2559 4607 532 582
640 3456 767 3583 392 442
2560 640 2687 767 807 857
2176 4608 2303 4735 512 562
1024 2176 1151 2303 569 619
128 1792 255 1919 439 489
2816 4096 2943 4223 839 889
128 1280 255 1407 820 870
2432 4736 2559 4863 834 884
1280 3072 1407 3199 446 496
2944 256 3071 383 782 832
2816 128 2943 255 496 546
2432 3200 2559 3327 708 758
640 1536 767 1663 848 898
3328 384 3455 511 778 828
1792 1280 1919 1407 496 546
3584 896 3711 1023 741 791
1664 384 1791 511 741 791
2944 4864 3071 4991 639 689
2048 640 2175 767 797 847
896 2688 1023 2815 377 427
896 3584 1023 3711 627 677
1152 896 1279 1023 493 543
1408 2816 1535 2943 665 715
1536 1792 1663 1919 807 857
128 1536 255 1663 473 523
3840 4736 3967 4863 370 420
3456 3712 3583 3839 497 547
3200 1024 3327 1151 760 810
1280 4096 1407 4223 584 634
3072 4608 3199 4735 743 793
640 3968 767 4095 675 725
256 768 383 895 639 689
3328 1280 3455 1407 406 456
3712 1280 3839 1407 569 619
384 3456 511 3583 591 641
1408 5120 1535 5247 508 558
768 3072 895 3199 544 594
3840 3200 3967 3327 547 597
1536 1536 1663 1663 724 774
3712 896 3839 1023 653 703
3840 4992 3967 5119 711 761
512 1664 639 1791 356 406
1280 4224 1407 4351 498 548
1536 5504 1663 5631 696 746
2048 3072 2175 3199 516 566
128 2432 255 2559 376 426
1280 5120 1407 5247 819 869
1408 768 1535 895 393 443
1152 2176 1279 2303 678 728
2176 5376 2303 5503 752 802
2304 3200 2431 3327 679 729
896 1280 1023 1407 442 492
1664 4608 1791 4735 627 677
2688 2688 2815 2815 726 776
1408 1792 1535 1919 631 681
1664 4992 1791 5119 763 813
3456 2304 3583 2431 760 810
2304 512 2431 639 791 841
1024 2048 1151 2175 379 429
2560 1152 2687 1279 480 530
2688 4352 2815 4479 390 440
3200 1664 3327 1791 436 486
2048 512 2175 639 501 551
1408 3328 1535 3455 459 509
3584 0 3711 127 668 718
1280 1536 1407 1663 755 805
1792 4864 1919 4991 349 399
1792 4096 1919 4223 595 645
3072 2688 3199 2815 685 735
2176 5120 2303 5247 736 786
3328 5120 3455 5247 630 680
384 1408 511 1535 532 582
3200 384 3327 511 755 805
3072 3584 3199 3711 791 841
2304 0 2431 127 610 660
1280 2816 1407 2943 408 458
768 4480 895 4607 549 599
768 128 895 255 812 862
3072 128 3199 255 710 760
3456 2432 3583 2559 364 414
640 2176 767 2303 700 750
1792 2432 1919 2559 526 576
2304 4352 2431 4479 715 765
2816 1920 2943 2047 464 514
1792 3840 1919 3967 388 438
128 3328 255 3455 482 532
2688 4864 2815 4991 609 659
768 512 895 639 530 580
640 4864 767 4991 655 705
768 5248 895 5375 370 420
1152 2944 1279 3071 673 723
896 2048 1023 2175 708 758
1792 256 1919 383 469 519
896 3840 1023 3967 557 607
512 640 639 767 549 599
3840 1536 3967 1663 520 570
640 3328 767 3455 448 498
3200 3968 3327 4095 561 611
2816 3968 2943 4095 778 828
1664 1536 1791 1663 515 565
512 3072 639 3199 679 729
3840 768 3967 895 544 594
2944 5120 3071 5247 430 480
768 5632 895 5759 571 621
512 5632 639 5759 718 768
3072 5120 3199 5247 422 472
384 4096 511 4223 361 411
3712 4480 3839 4607 403 453
2176 3968 2303 4095 370 420
2944 1280 3071 1407 453 503
2816 896 2943 1023 676 726
768 4608 895 4735 734 784
1536 3200 1663 3327 361 411
3456 1792 3583 1919 527 577
896 128 1023 255 580 630
640 4736 767 4863 659 709
2944 5248 3071 5375 672 722
1024 3840 1151 3967 852 902
1792 2560 1919 2687 852 902
2176 2432 2303 2559 464 514
3200 2560 3327 2687 605 655
2432 4352 2559 4479 381 431
640 128 767 255 554 604
2944 1920 3071 2047 737 787
1152 4608 1279 4735 601 651
2304 4224 2431 4351 767 817
256 3712 383 3839 639 689
896 4352 1023 4479 431 481
0 640 127 767 464 514
640 4608 767 4735 799 849
3840 2688 3967 2815 610 660
1152 1408 1279 1535 807 857
1280 2432 1407 2559 480 530
3200 2176 3327 2303 422 472
3712 384 3839 511 760 810
2688 1920 2815 2047 580 630
2304 1920 2431 2047 507 557
2944 5376 3071 5503 503 553
2432 1024 2559 1151 365 415
2688 3712 2815 3839 787 837
640 5120 767 5247 619 669
1920 4352 2047 4479 705 755
2176 2304 2303 2431 376 426
1920 128 2047 255 363 413
2304 2816 2431 2943 368 418
128 4608 255 4735 619 669
1152 2304 1279 2431 685 735
3072 4096 3199 4223 423 473
3072 5248 3199 5375 853 903
512 5504 639 5631 673 723
384 2944 511 3071 550 600
640 3584 767 3711 840 890
3712 4224 3839 4351 717 767
1408 4864 1535 4991 767 817
2816 2816 2943 2943 714 764
3200 5120 3327 5247 454 504
3712 1536 3839 1663 670 720
2944 896 3071 1023 735 785
1280 1280 1407 1407 549 599
1152 3968 1279 4095 517 567
2688 2048 2815 2175 671 721
2944 3456 3071 3583 541 591
256 3200 383 3327 706 756
3840 128 3967 255 533 583
2176 3328 2303 3455 345 395
2432 3584 2559 3711 602 652
1024 896 1151 1023 776 826
1024 4864 1151 4991 761 811
0 4736 127 4863 487 537
2304 1408 2431 1535 523 573
256 5120 383 5247 684 734
1792 768 1919 895 488 538
2304 3968 2431 4095 364 414
3584 5376 3711 5503 723 773
1280 4864 1407 4991 514 564
2304 384 2431 511 642 692
1280 640 1407 767 724 774
3072 3968 3199 4095 862 912
128 4352 255 4479 728 778
3328 4864 3455 4991 433 483
3712 512 3839 639 672 722
1280 0 1407 127 414 464
3456 4736 3583 4863 409 459
1792 3712 1919 3839 771 821
1664 3968 1791 4095 563 613
768 4864 895 4991 505 555
128 3840 255 3967 362 412
256 4352 383 4479 616 666
512 768 639 895 377 427
3712 2944 3839 3071 820 870
768 1792 895 1919 796 846
1152 640 1279 767 430 480
3200 4992 3327 5119 743 793
384 1024 511 1151 638 688
2304 2560 2431 2687 626 676
1152 5632 1279 5759 751 801
3072 2944 3199 3071 622 672
1536 2816 1663 2943 538 588
3712 1792 3839 1919 648 698
3072 4992 3199 5119 491 541
1536 1024 1663 1151 724 774
256 384 383 511 715 765
1536 4096 1663 4223 642 692
512 4864 639 4991 471 521
1792 5632 1919 5759 820 870
896 512 1023 639 820 870
1024 5120 1151 5247 776 826
3840 2560 3967 2687 400 450
640 5632 767 5759 818 868
256 1280 383 1407 640 690
3328 4224 3455 4351 742 792
3328 3584 3455 3711 345 395
1664 2432 1791 2559 436 486
2048 1024 2175 1151 533 583
2560 5632 2687 5759 780 830
384 3968 511 4095 662 712
3456 5632 3583 5759 702 752
3840 1280 3967 1407 524 574
256 3584 383 3711 660 710
1280 256 1407 383 461 511
3200 1408 3327 1535 480 530
1024 1792 1151 1919 592 642
2304 3328 2431 3455 800 850
1280 3200 1407 3327 359 409
256 1152 383 1279 612 662
0 128 127 255 562 612
3840 1664 3967 1791 492 542
384 4480 511 4607 616 666
1024 512 1151 639 482 532
2944 1408 3071 1535 803 853
2432 1920 2559 2047 770 820
640 1152 767 1279 588 638
2816 5632 2943 5759 373 423
3456 4096 3583 4223 549 599
3328 4992 3455 5119 722 772
1536 1152 1663 1279 857 907
1536 2048 1663 2175 751 801
3200 1920 3327 2047 353 403
0 384 127 511 393 443
1792 5504 1919 5631 705 755
1152 5248 1279 5375 656 706
0 1792 127 1919 798 848
2688 5376 2815 5503 714 764
2944 4992 3071 5119 474 524
2304 256 2431 383 467 517
768 3200 895 3327 349 399
2688 2432 2815 2559 800 850
1664 1280 1791 1407 551 601
640 0 767 127 536 586
3200 4608 3327 4735 842 892
3456 2688 3583 2815 394 444
3456 4224 3583 4351 679 729
2560 1792 2687 1919 571 621
2432 5504 2559 5631 857 907
2560 4352 2687 4479 420 470
512 2176 639 2303 565 615
3072 4736 3199 4863 555 605
3072 5376 3199 5503 575 625
1280 4736 1407 4863 564 614
3072 2432 3199 2559 419 469
1024 0 1151 127 760 810
3840 512 3967 639 470 520
1664 5120 1791 5247 671 721
0 3968 127 4095 797 847
1408 1664 1535 1791 401 451
3328 2048 3455 2175 529 579
256 4224 383 4351 509 559
2176 2688 2303 2815 815 865
2432 768 2559 895 546 596
2816 2176 2943 2303 565 615
2048 4480 2175 4607 376 426
1280 768 1407 895 584 634
1664 2816 1791 2943 745 795
3584 128 3711 255 472 522
1536 896 1663 1023 722 772
1152 2048 1279 2175 348 398
640 256 767 383 484 534
0 896 127 1023 377 427
2176 384 2303 511 809 859
768 4096 895 4223 683 733
1920 1792 2047 1919 355 405
2048 256 2175 383 585 635
2048 4864 2175 4991 744 794
2816 2944 2943 3071 835 885
1408 5632 1535 5759 579 629
3072 1920 3199 2047 827 877
1536 4736 1663 4863 537 587
3456 256 3583 383 516 566
3584 3072 3711 3199 784 834
1920 1664 2047 1791 483 533
2688 4096 2815 4223 599 649
1152 4352 1279 4479 680 730
384 4224 511 4351 616 666
2304 4480 2431 4607 406 456
2560 3072 2687 3199 859 909
1408 1920 1535 2047 400 450
896 1792 1023 1919 844 894
256 3328 383 3455 504 554
1664 1920 1791 2047 597 647
1536 640 1663 767 526 576
3328 3328 3455 3455 451 501
640 1280 767 1407 636 686
256 3840 383 3967 493 543
1536 1280 1663 1407 859 909
3328 2688 3455 2815 771 821
3072 3200 3199 3327 351 401
3328 1792 3455 1919 590 640
512 5248 639 5375 391 441
2816 0 2943 127 637 687
1792 1408 1919 1535 781 831
2432 4096 2559 4223 456 506
256 2816 383 2943 374 424
2304 1792 2431 1919 502 552
1792 0 1919 127 863 913
512 2048 639 2175 346 396
512 3200 639 3327 744 794
1408 4096 1535 4223 826 876
3072 2816 3199 2943 792 842
640 768 767 895 643 693
2944 1664 3071 1791 465 515
512 2560 639 2687 411 461
0 1024 127 1151 378 428
1280 4480 1407 4607 528 578
1152 4096 1279 4223 409 459
1920 2304 2047 2431 693 743
2048 3968 2175 4095 523 573
1536 3840 1663 3967 718 768
1920 1408 2047 1535 673 723
3584 512 3711 639 410 460
2688 3584 2815 3711 452 502
3072 2304 3199 2431 582 632
3584 1792 3711 1919 770 820
128 2176 255 2303 470 520
768 896 895 1023 738 788
3072 1536 3199 1663 766 816
3072 3456 3199 3583 378 428
640 1920 767 2047 471 521
3840 1792 3967 1919 738 788
256 4096 383 4223 678 728
2304 1280 2431 1407 771 821
3456 640 3583 767 655 705
2944 4736 3071 4863 517 567
3200 128 3327 255 808 858
3072 4480 3199 4607 539 589
2560 3584 2687 3711 516 566
2944 3328 3071 3455 536 586
2560 1664 2687 1791 420 470
3072 640 3199 767 725 775
128 5376 255 5503 464 514
3456 1280 3583 1407 445 495
384 2432 511 2559 853 903
128 5504 255 5631 784 834
1408 4224 1535 4351 486 536
2176 3584 2303 3711 517 567
384 3584 511 3711 576 626
3328 1024 3455 1151 842 892
1280 3328 1407 3455 423 473
1792 1920 1919 2047 430 480
3200 3200 3327 3327 651 701
1024 256 1151 383 742 792
3328 3456 3455 3583 545 595
256 2688 383 2815 369 419
256 1024 383 1151 648 698
1536 3328 1663 3455 679 729
2944 128 3071 255 489 539
384 4736 511 4863 550 600
0 4608 127 4735 439 489
256 2432 383 2559 623 673
384 4992 511 5119 670 720
1664 3712 1791 3839 499 549
768 3456 895 3583 776 826
1152 3328 1279 3455 707 757
2176 2560 2303 2687 679 729
2048 1280 2175 1407 440 490
2560 1920 2687 2047 383 433
640 2304 767 2431 578 628
1408 3968 1535 4095 639 689
2944 3712 3071 3839 712 762
2816 2432 2943 2559 439 489
3072 2560 3199 2687 486 536
1152 2688 1279 2815 820 870
2432 4992 2559 5119 674 724
3712 2688 3839 2815 652 702
1920 384 2047 511 442 492
1152 5376 1279 5503 855 905
1920 5504 2047 5631 364 414
256 4480 383 4607 666 716
1536 768 1663 895 660 710
3712 2432 3839 2559 458 508
3840 3840 3967 3967 699 749
3840 640 3967 767 538 588
1920 2560 2047 2687 385 435
1152 4992 1279 5119 732 782
1152 4864 1279 4991 849 899
3072 768 3199 895 446 496
3456 768 3583 895 603 653
2304 3584 2431 3711 782 832
2944 5504 3071 5631 548 598
1792 5120 1919 5247 363 413
3072 4352 3199 4479 588 638
384 1280 511 1407 430 480
512 4224 639 4351 802 852
3712 128 3839 255 678 728
896 2816 1023 2943 772 822
2816 3456 2943 3583 378 428
3200 4224 3327 4351 724 774
2688 4608 2815 4735 732 782
1152 128 1279 255 400 450
640 1024 767 1151 572 622
1152 4480 1279 4607 834 884
1024 1408 1151 1535 795 845
512 1408 639 1535 528 578
2688 3968 2815 4095 645 695
2048 5248 2175 5375 583 633
3200 5632 3327 5759 352 402
384 640 511 767 355 405
256 896 383 1023 611 661
2048 1792 2175 1919 681 731
0 4992 127 5119 397 447
2944 2944 3071 3071 451 501
2176 4992 2303 5119 516 566
3584 2944 3711 3071 598 648
256 5376 383 5503 499 549
1920 3200 2047 3327 630 680
2432 3328 2559 3455 829 879
3712 2304 3839 2431 609 659
2944 2432 3071 2559 370 420
2560 5504 2687 5631 747 797
896 5504 1023 5631 539 589
0 4096 127 4223 642 692
1920 2176 2047 2303 718 768
3840 2944 3967 3071 632 682
128 896 255 1023 580 630
3584 384 3711 511 778 828
896 5120 1023 5247 787 837
1920 4736 2047 4863 341 391
2304 2688 2431 2815 638 688
384 5632 511 5759 655 705
640 640 767 767 650 700
1536 5376 1663 5503 592 642
2176 256 2303 383 345 395
2560 2560 2687 2687 581 631
768 1408 895 1535 783 833
2816 3712 2943 3839 372 422
1792 2304 1919 2431 546 596
2432 1792 2559 1919 517 567
640 2560 767 2687 636 686
384 256 511 383 820 870
2432 0 2559 127 861 911
768 2048 895 2175 696 746
1024 1920 1151 2047 407 457
2176 5248 2303 5375 759 809
896 3328 1023 3455 430 480
3200 4736 3327 4863 816 866
1280 2048 1407 2175 772 822
2688 2304 2815 2431 641 691
2944 2560 3071 2687 807 857
1024 2944 1151 3071 805 855
3456 4864 3583 4991 771 821
2944 0 3071 127 482 532
3584 4608 3711 4735 583 633
1920 4864 2047 4991 344 394
3328 5632 3455 5759 497 547
3456 2048 3583 2175 545 595
1408 5504 1535 5631 785 835
512 3456 639 3583 420 470
1408 3456 1535 3583 795 845
3840 4480 3967 4607 559 609
512 5120 639 5247 457 507
1920 512 2047 639 827 877
1024 768 1151 895 814 864
768 4352 895 4479 711 761
1408 384 1535 511 544 594
2176 896 2303 1023 452 502
2304 4864 2431 4991 746 796
2304 3072 2431 3199 754 804
0 0 127 127 632 682
896 2176 1023 2303 518 568
2816 5120 2943 5247 429 479
640 5376 767 5503 348 398
1024 1664 1151 1791 596 646
1152 0 1279 127 746 796
3840 4096 3967 4223 489 539
640 4352 767 4479 408 458
3328 512 3455 639 417 467
0 3584 127 3711 397 447
896 1664 1023 1791 713 763
384 2048 511 2175 360 410
512 512 639 639 584 634
1280 3712 1407 3839 620 670
1920 3072 2047 3199 505 555
2944 640 3071 767 549 599
0 2688 127 2815 627 677
1152 512 1279 639 665 715
1024 1536 1151 1663 758 808
3584 2048 3711 2175 548 598
1152 3072 1279 3199 467 517
1792 4224 1919 4351 408 458
3200 5376 3327 5503 489 539
1664 2560 1791 2687 834 884
3712 256 3839 383 372 422
1408 4608 1535 4735 685 735
3712 5248 3839 5375 681 731
1152 4736 1279 4863 825 875
2304 3456 2431 3583 800 850
1408 640 1535 767 810 860
2944 768 3071 895 434 484
0 3072 127 3199 814 864
2944 4352 3071 4479 710 760
2048 1408 2175 1535 527 577
1024 3328 1151 3455 825 875
256 1536 383 1663 443 493
2688 1024 2815 1151 655 705
1792 3456 1919 3583 450 500
384 1792 511 1919 760 810
2048 1920 2175 2047 735 785
1152 2816 1279 2943 757 807
1152 1536 1279 1663 609 659
3072 1152 3199 1279 758 808
2816 4480 2943 4607 477 527
0 1280 127 1407 611 661
3840 2432 3967 2559 645 695
2176 4096 2303 4223 690 740
3456 1664 3583 1791 620 670
128 1024 255 1151 693 743
640 384 767 511 830 880
1280 512 1407 639 550 600
3200 2816 3327 2943 823 873
3200 3072 3327 3199 620 670
2048 1664 2175 1791 702 752
896 4480 1023 4607 512 562
2560 2048 2687 2175 655 705
3200 2304 3327 2431 523 573
2304 4608 2431 4735 576 626
896 3200 1023 3327 863 913
1792 896 1919 1023 705 755
2176 4864 2303 4991 768 818
0 2944 127 3071 433 483
2176 768 2303 895 655 705
1152 3584 1279 3711 614 664
1920 0 2047 127 342 392
2944 4608 3071 4735 862 912
1920 5632 2047 5759 439 489
2816 2048 2943 2175 660 710
1408 1024 1535 1151 449 499
1792 512 1919 639 863 913
384 128 511 255 777 827
1792 2176 1919 2303 588 638
1664 4224 1791 4351 854 904
256 512 383 639 671 721
384 1920 511 2047 728 778
3200 3840 3327 3967 602 652
1664 4480 1791 4607 699 749
1664 4096 1791 4223 800 850
1536 2944 1663 3071 604 654
3072 2176 3199 2303 528 578
3840 3072 3967 3199 485 535
2304 2944 2431 3071 818 868
3840 3584 3967 3711 733 783
3840 0 3967 127 769 819
512 4992 639 5119 375 425
1664 2048 1791 2175 382 432
2304 1664 2431 1791 806 856
3584 1664 3711 1791 808 858
3200 4864 3327 4991 621 671
1792 640 1919 767 805 855
3584 4480 3711 4607 649 699
2560 256 2687 383 525 575
896 3456 1023 3583 621 671
2816 5248 2943 5375 687 737
1536 4480 1663 4607 521 571
3328 1408 3455 1535 626 676
384 5120 511 5247 685 735
3200 5504 3327 5631 624 674
3072 512 3199 639 669 719
256 1792 383 1919 516 566
2176 1536 2303 1663 342 392
3712 2048 3839 2175 828 878
1280 5504 1407 5631 767 817
2048 4224 2175 4351 578 628
2304 1152 2431 1279 355 405
1664 768 1791 895 351 401
0 768 127 895 843 893
2816 1792 2943 1919 717 767
768 2432 895 2559 814 864
2560 896 2687 1023 830 880
2816 3328 2943 3455 381 431
512 3968 639 4095 436 486
2048 5504 2175 5631 784 834
3712 4736 3839 4863 777 827
896 1408 1023 1535 587 637
2176 2816 2303 2943 541 591
2176 1152 2303 1279 822 872
128 1152 255 1279 529 579
128 4992 255 5119 485 535
1024 4992 1151 5119 825 875
768 1664 895 1791 717 767
1024 5632 1151 5759 517 567
2816 768 2943 895 732 782
384 1536 511 1663 474 524
1664 3328 1791 3455 340 390
2176 4480 2303 4607 390 440
1664 5376 1791 5503 482 532
2816 1280 2943 1407 407 457
2688 640 2815 767 396 446
1920 1920 2047 2047 533 583
1024 1024 1151 1151 587 637
0 3328 127 3455 647 697
2688 3840 2815 3967 498 548
2048 3328 2175 3455 736 786
640 4096 767 4223 361 411
1536 5632 1663 5759 516 566
2816 1024 2943 1151 750 800
2432 1536 2559 1663 587 637
128 5632 255 5759 369 419
2560 4096 2687 4223 701 751
2688 1536 2815 1663 553 603
640 5504 767 5631 413 463
3328 256 3455 383 519 569
1408 3200 1535 3327 719 769
2688 3072 2815 3199 572 622
3840 1024 3967 1151 769 819
512 384 639 511 396 446
256 2944 383 3071 531 581
256 1408 383 1535 680 730
0 1536 127 1663 545 595
2944 4224 3071 4351 738 788
1792 3072 1919 3199 533 583
1536 3712 1663 3839 444 494
3456 1920 3583 2047 607 657
1280 3840 1407 3967 389 439
3712 5376 3839 5503 693 743
0 5248 127 5375 379 429
3712 1920 3839 2047 535 585
1280 2176 1407 2303 763 813
1792 384 1919 511 438 488
384 5504 511 5631 450 500
640 4480 767 4607 732 782
2816 4864 2943 4991 467 517
384 384 511 511 611 661
1280 3968 1407 4095 605 655
2048 2048 2175 2175 491 541
384 2688 511 2815 509 559
256 256 383 383 491 541
3840 5504 3967 5631 741 791
2944 1152 3071 1279 541 591
3328 1152 3455 1279 574 624
1664 5248 1791 5375 676 726
1408 2432 1535 2559 863 913
128 4096 255 4223 475 525
1280 1024 1407 1151 531 581
0 1664 127 1791 572 622
1152 1024 1279 1151 626 676
2176 5632 2303 5759 591 641
1536 3072 1663 3199 485 535
3584 3968 3711 4095 443 493
2304 5248 2431 5375 518 568
3200 256 3327 383 605 655
2688 896 2815 1023 639 689
1536 2432 1663 2559 344 394
1920 4096 2047 4223 348 398
3840 5120 3967 5247 692 742
256 4864 383 4991 700 750
1536 2560 1663 2687 636 686
1664 1792 1791 1919 609 659
3200 896 3327 1023 845 895
1792 5248 1919 5375 456 506
768 5504 895 5631 722 772
2432 2176 2559 2303 714 764
2304 768 2431 895 586 636
2816 2560 2943 2687 470 520
2048 384 2175 511 701 751
128 128 255 255 460 510
2944 2304 3071 2431 361 411
1024 5376 1151 5503 574 624
3712 2560 3839 2687 337 387
896 5376 1023 5503 566 616
2688 5248 2815 5375 531 581
1408 4352 1535 4479 396 446
1152 1664 1279 1791 811 861
0 3840 127 3967 669 719
1408 1152 1535 1279 590 640
1792 1792 1919 1919 765 815
2816 2304 2943 2431 432 482
896 1536 1023 1663 563 613
2816 4736 2943 4863 632 682
768 3968 895 4095 538 588
2560 3712 2687 3839 463 513
1152 5120 1279 5247 374 424
3328 2816 3455 2943 559 609
1408 3712 1535 3839 716 766
3840 3328 3967 3455 631 681
2304 4096 2431 4223 633 683
2560 3968 2687 4095 552 602
2560 1408 2687 1535 404 454
1664 2176 1791 2303 378 428
2432 3840 2559 3967 780 830
2816 640 2943 767 769 819
3456 2176 3583 2303 483 533
3712 3200 3839 3327 630 680
3456 4480 3583 4607 492 542
3200 3712 3327 3839 862 912
2432 4864 2559 4991 713 763
1024 4096 1151 4223 615 665
1408 512 1535 639 359 409
512 3328 639 3455 423 473
2688 1792 2815 1919 861 911
2944 2048 3071 2175 588 638
512 1920 639 2047 863 913
2304 5632 2431 5759 393 443
1792 3968 1919 4095 782 832
1152 2432 1279 2559 669 719
128 3456 255 3583 366 416
1408 3584 1535 3711 402 452
2560 0 2687 127 483 533
2304 1024 2431 1151 838 888
768 384 895 511 698 748
896 4608 1023 4735 403 453
1536 2304 1663 2431 684 734
1408 1280 1535 1407 454 504
1152 2560 1279 2687 625 675
3328 128 3455 255 536 586
2688 1280 2815 1407 748 798
384 2304 511 2431 641 691
2816 3072 2943 3199 752 802
384 3072 511 3199 534 584
2688 3200 2815 3327 682 732
2048 4736 2175 4863 387 437
1536 0 1663 127 440 490
3328 5376 3455 5503 828 878
256 4992 383 5119 680 730
128 2560 255 2687 841 891
384 896 511 1023 826 876
3328 2432 3455 2559 775 825
256 4736 383 4863 592 642
2432 5248 2559 5375 849 899
1792 2816 1919 2943 580 630
2304 2176 2431 2303 835 885
2048 2816 2175 2943 819 869
0 4864 127 4991 580 630
2560 4480 2687 4607 611 661
256 2304 383 2431 456 506
1920 4608 2047 4735 385 435
2816 4352 2943 4479 640 690
1536 4992 1663 5119 522 572
3200 3584 3327 3711 777 827
2944 1024 3071 1151 860 910
896 4992 1023 5119 602 652
3840 3712 3967 3839 843 893
2560 5248 2687 5375 680 730
2432 2432 2559 2559 719 769
2560 2304 2687 2431 850 900
256 5504 383 5631 353 403
3712 4352 3839 4479 849 899
2048 2688 2175 2815 627 677
1664 640 1791 767 487 537
1152 5504 1279 5631 766 816
2688 2816 2815 2943 692 742
1536 4352 1663 4479 537 587
2688 4736 2815 4863 588 638
3584 256 3711 383 375 425
2944 5632 3071 5759 599 649
384 1152 511 1279 565 615
2432 3968 2559 4095 584 634
2048 2432 2175 2559 756 806
2176 1408 2303 1535 539 589
0 512 127 639 569 619
1664 256 1791 383 472 522
2048 768 2175 895 756 806
0 3456 127 3583 770 820
1536 3456 1663 3583 715 765
2688 5120 2815 5247 503 553
384 4352 511 4479 609 659
1920 1024 2047 1151 482 532
1408 256 1535 383 525 575
1920 5248 2047 5375 794 844
384 2560 511 2687 395 445
3456 3328 3583 3455 522 572
1408 4480 1535 4607 532 582
384 5248 511 5375 620 670
1664 4864 1791 4991 338 388
3584 2176 3711 2303 633 683
1792 3584 1919 3711 607 657
2432 1280 2559 1407 600 650
3072 3840 3199 3967 618 668
1664 1664 1791 1791 616 666
1792 2944 1919 3071 469 519
3200 640 3327 767 520 570
2560 3200 2687 3327 444 494
1024 384 1151 511 388 438
3456 3072 3583 3199 490 540
3712 3840 3839 3967 483 533
1024 5248 1151 5375 369 419
128 2304 255 2431 718 768
3584 2688 3711 2815 449 499
1536 3584 1663 3711 788 838
2560 768 2687 895 639 689
2560 4224 2687 4351 400 450
3840 5376 3967 5503 397 447
2560 3328 2687 3455 532 582
2560 5120 2687 5247 833 883
2816 3584 2943 3711 775 825
3840 2176 3967 2303 417 467
3456 4992 3583 5119 824 874
1280 4352 1407 4479 394 444
640 1408 767 1535 606 656
2816 1664 2943 1791 754 804
3200 1792 3327 1919 698 748
256 2560 383 2687 791 841
3584 2432 3711 2559 668 718
768 2816 895 2943 455 505
1920 5120 2047 5247 511 561
512 256 639 383 683 733
2944 4480 3071 4607 444 494
3456 1536 3583 1663 494 544
2816 512 2943 639 438 488
768 4992 895 5119 723 773
2176 3840 2303 3967 626 676
2688 1152 2815 1279 340 390
3840 1408 3967 1535 550 600
128 640 255 767 678 728
3584 1920 3711 2047 494 544
3072 4224 3199 4351 415 465
1280 1152 1407 1279 429 479
896 768 1023 895 594 644
512 3712 639 3839 527 577
1664 3584 1791 3711 354 404
3328 3712 3455 3839 616 666
640 2432 767 2559 590 640
1920 896 2047 1023 414 464
3328 2304 3455 2431 530 580
3456 5120 3583 5247 805 855
0 4352 127 4479 571 621
3072 1280 3199 1407 610 660
3072 4864 3199 4991 766 816
3840 1920 3967 2047 628 678
896 5632 1023 5759 352 402
0 5376 127 5503 375 425
640 896 767 1023 709 759
2048 4608 2175 4735 525 575
1664 2944 1791 3071 426 476
896 1024 1023 1151 827 877
3584 4736 3711 4863 700 750
3200 512 3327 639 772 822
3456 128 3583 255 407 457
2432 5632 2559 5759 857 907
2048 896 2175 1023 592 642
3584 4224 3711 4351 512 562
1920 3840 2047 3967 338 388
2560 512 2687 639 842 892
3072 0 3199 127 444 494
1408 3072 1535 3199 398 448
2176 3712 2303 3839 718 768
3712 3072 3839 3199 522 572
3328 896 3455 1023 491 541
128 3712 255 3839 694 744
3200 2944 3327 3071 712 762
0 1408 127 1535 508 558
640 2688 767 2815 446 496
512 4608 639 4735 684 734
3840 2816 3967 2943 831 881
896 2304 1023 2431 358 408
896 0 1023 127 626 676
3712 2816 3839 2943 538 588
3584 3456 3711 3583 632 682
640 3712 767 3839 774 824
3200 1152 3327 1279 830 880
3456 512 3583 639 366 416
1024 640 1151 767 812 862
256 4608 383 4735 675 725
2176 1792 2303 1919 555 605
2432 1152 2559 1279 620 670
2944 4096 3071 4223 357 407
3328 4736 3455 4863 637 687
2432 2944 2559 3071 529 579
3712 1408 3839 1535 673 723
1536 3968 1663 4095 630 680
3456 2816 3583 2943 503 553
2560 5376 2687 5503 567 617
1024 2432 1151 2559 350 400
2560 4608 2687 4735 481 531
2944 2176 3071 2303 675 725
256 3456 383 3583 412 462
3328 4608 3455 4735 862 912
128 512 255 639 860 910
768 2560 895 2687 812 862
2432 512 2559 639 693 743
2304 640 2431 767 428 478
512 128 639 255 456 506
2432 3712 2559 3839 521 571
896 4864 1023 4991 494 544
3456 5248 3583 5375 423 473
3584 2560 3711 2687 543 593
512 1792 639 1919 783 833
1152 1280 1279 1407 624 674
3584 3200 3711 3327 557 607
1792 4608 1919 4735 412 462
1536 5248 1663 5375 836 886
1024 2560 1151 2687 586 636
3584 640 3711 767 607 657
1024 3072 1151 3199 366 416
128 4480 255 4607 804 854
3456 3456 3583 3583 363 413
2560 2688 2687 2815 632 682
0 1920 127 2047 823 873
2560 384 2687 511 801 851
3200 2432 3327 2559 441 491
2048 128 2175 255 589 639
896 640 1023 767 441 491
1664 5632 1791 5759 391 441
3712 4992 3839 5119 849 899
768 2944 895 3071 585 635
2432 384 2559 511 729 779
1664 5504 1791 5631 643 693
128 5248 255 5375 830 880
384 3840 511 3967 725 775
1408 4992 1535 5119 591 641
1024 3200 1151 3327 378 428
768 2176 895 2303 535 585
2048 3584 2175 3711 429 479
1920 2816 2047 2943 562 612
512 4096 639 4223 693 743
2176 1280 2303 1407 515 565
1024 2304 1151 2431 768 818
896 896 1023 1023 858 908
3712 0 3839 127 521 571
1408 5376 1535 5503 707 757
2048 4352 2175 4479 407 457
1536 4224 1663 4351 740 790
3200 2048 3327 2175 430 480
2688 4224 2815 4351 677 727
896 2432 1023 2559 488 538
768 2304 895 2431 616 666
2688 512 2815 639 703 753
3200 2688 3327 2815 503 553
2304 2304 2431 2431 576 626
3456 3840 3583 3967 641 691
2688 256 2815 383 853 903
2432 128 2559 255 547 597
768 5376 895 5503 464 514
3456 1408 3583 1535 380 430
896 2560 1023 2687 532 582
1024 4352 1151 4479 712 762
768 640 895 767 772 822
1792 3200 1919 3327 838 888
2688 4480 2815 4607 397 447
2304 3840 2431 3967 353 403
2560 2816 2687 2943 811 861
2176 1024 2303 1151 438 488
1024 4736 1151 4863 551 601
1664 896 1791 1023 376 426
768 3584 895 3711 664 714
1536 512 1663 639 380 430
512 4352 639 4479 800 850
1664 4736 1791 4863 814 864
1920 2432 2047 2559 621 671
384 5376 511 5503 458 508
1280 2944 1407 3071 658 708
1920 768 2047 895 691 741
3328 1536 3455 1663 580 630
2560 4992 2687 5119 470 520
2560 3456 2687 3583 504 554
3328 1664 3455 1791 450 500
1280 4992 1407 5119 749 799
3840 1152 3967 1279 589 639
2176 3072 2303 3199 616 666
896 2944 1023 3071 461 511
1536 4608 1663 4735 612 662
3712 1024 3839 1151 606 656
2944 3840 3071 3967 391 441
2816 1152 2943 1279 739 789
640 2048 767 2175 649 699
2560 3840 2687 3967 832 882
3072 3712 3199 3839 834 884
3840 4352 3967 4479 558 608
2816 256 2943 383 807 857
2176 128 2303 255 367 417
640 2816 767 2943 820 870
3840 5248 3967 5375 754 804
3840 256 3967 383 469 519
2048 5376 2175 5503 507 557
3584 2816 3711 2943 513 563
1280 2688 1407 2815 515 565
128 3584 255 3711 797 847
2816 1408 2943 1535 449 499
1920 3584 2047 3711 711 761
1152 256 1279 383 554 604
1024 4608 1151 4735 816 866
2048 1152 2175 1279 751 801
1408 2176 1535 2303 381 431
3584 3584 3711 3711 532 582
1920 1280 2047 1407 357 407
0 1152 127 1279 794 844
2176 3200 2303 3327 646 696
2432 2816 2559 2943 489 539
2816 5376 2943 5503 765 815
3072 384 3199 511 644 694
0 2176 127 2303 859 909
2176 5504 2303 5631 514 564
