330
1280 0 1535 255 387 587
3328 1024 3583 1279 503 703
0 2816 255 3071 686 886
768 768 1023 1023 479 679
2304 2816 2559 3071 623 823
1536 2560 1791 2815 522 722
0 4352 255 4607 405 605
3328 1792 3583 2047 473 673
1792 2560 2047 2815 513 713
1024 3328 1279 3583 633 833
1280 1280 1535 1535 411 611
3584 3584 3839 3839 623 823
1024 5120 1279 5375 343 543
0 512 255 767 349 549
768 2304 1023 2559 556 756
3072 4352 3327 4607 445 645
512 3840 767 4095 437 637
1792 3072 2047 3327 409 609
1536 5376 1791 5631 513 713
1280 1536 1535 1791 555 755
1536 2816 1791 3071 593 793
3584 5376 3839 5631 443 643
512 3328 767 3583 423 623
1536 256 1791 511 702 902
1792 3840 2047 4095 555 755
2048 4096 2303 4351 682 882
256 1280 511 1535 416 616
3072 2816 3327 3071 370 570
1024 4096 1279 4351 622 822
2304 3840 2559 4095 679 879
256 2048 511 2303 571 771
1024 2048 1279 2303 635 835
3072 2304 3327 2559 432 632
3328 512 3583 767 543 743
2816 2560 3071 2815 363 563
1280 1024 1535 1279 681 881
768 1280 1023 1535 691 891
3584 4608 3839 4863 432 632
2304 768 2559 1023 440 640
3072 4096 3327 4351 491 691
768 0 1023 255 691 891
2560 1792 2815 2047 514 714
2560 1536 2815 1791 363 563
768 3328 1023 3583 697 897
2816 4352 3071 4607 490 690
2048 0 2303 255 582 782
1024 4608 1279 4863 429 629
0 0 255 255 590 790
3584 5120 3839 5375 617 817
3072 1536 3327 1791 605 805
2048 1536 2303 1791 431 631
1792 2816 2047 3071 459 659
1792 2304 2047 2559 674 874
256 5376 511 5631 518 718
0 4096 255 4351 448 648
2304 1024 2559 1279 478 678
512 1280 767 1535 449 649
1024 4352 1279 4607 527 727
1536 4352 1791 4607 474 674
3584 2560 3839 2815 697 897
1792 4352 2047 4607 455 655
2816 1792 3071 2047 708 908
1536 2304 1791 2559 618 818
2560 4352 2815 4607 550 750
512 2304 767 2559 500 700
3072 4608 3327 4863 608 808
0 2048 255 2303 481 681
256 2816 511 3071 478 678
1792 3584 2047 3839 703 903
3584 512 3839 767 584 784
256 768 511 1023 595 795
3584 768 3839 1023 643 843
2048 5120 2303 5375 348 548
256 2304 511 2559 621 821
768 4096 1023 4351 627 827
2304 3584 2559 3839 501 701
2816 1280 3071 1535 453 653
2560 2816 2815 3071 682 882
2816 3328 3071 3583 377 577
3328 256 3583 511 356 556
256 256 511 511 536 736
1280 3072 1535 3327 435 635
768 2816 1023 3071 479 679
0 4864 255 5119 497 697
1280 4096 1535 4351 579 779
512 0 767 255 553 753
1280 2560 1535 2815 638 838
1280 5376 1535 5631 654 854
2048 4608 2303 4863 706 906
0 256 255 511 399 599
2560 4608 2815 4863 638 838
3072 0 3327 255 447 647
0 1024 255 1279 356 556
2304 5120 2559 5375 542 742
1792 768 2047 1023 624 824
0 1280 255 1535 520 720
2560 1280 2815 1535 436 636
2048 4352 2303 4607 391 591
1792 256 2047 511 661 861
2048 768 2303 1023 388 588
3072 256 3327 511 601 801
2560 3072 2815 3327 505 705
2048 1024 2303 1279 695 895
2816 1536 3071 1791 612 812
1536 2048 1791 2303 412 612
2816 2304 3071 2559 571 771
2048 3072 2303 3327 362 562
0 2560 255 2815 491 691
2560 768 2815 1023 539 739
1280 768 1535 1023 366 566
1024 1024 1279 1279 511 711
512 1024 767 1279 361 561
512 4352 767 4607 464 664
1280 4352 1535 4607 616 816
2048 3584 2303 3839 484 684
768 256 1023 511 669 869
2816 5376 3071 5631 455 655
1280 3584 1535 3839 372 572
512 4864 767 5119 609 809
2816 256 3071 511 447 647
1792 1024 2047 1279 397 597
1792 1280 2047 1535 533 733
768 2048 1023 2303 520 720
3584 4352 3839 4607 416 616
1536 4864 1791 5119 702 902
2048 3840 2303 4095 430 630
2304 512 2559 767 599 799
2304 1280 2559 1535 387 587
3328 2816 3583 3071 484 684
3584 256 3839 511 509 709
3328 3840 3583 4095 439 639
1280 3840 1535 4095 372 572
3328 4864 3583 5119 677 877
2304 1536 2559 1791 383 583
2048 2816 2303 3071 610 810
512 1536 767 1791 339 539
3328 3584 3583 3839 580 780
3072 4864 3327 5119 636 836
2816 512 3071 767 493 693
1792 4096 2047 4351 405 605
1280 2048 1535 2303 665 865
2304 1792 2559 2047 630 830
2048 1280 2303 1535 392 592
1792 0 2047 255 378 578
512 512 767 767 532 732
0 3072 255 3327 540 740
1024 2816 1279 3071 710 910
2560 4096 2815 4351 613 813
2560 5120 2815 5375 538 738
1536 3840 1791 4095 568 768
2560 3328 2815 3583 346 546
1792 4608 2047 4863 598 798
3072 512 3327 767 388 588
256 2560 511 2815 530 730
2304 3072 2559 3327 677 877
1792 1792 2047 2047 339 539
1792 512 2047 767 586 786
2048 512 2303 767 526 726
2560 256 2815 511 389 589
768 3072 1023 3327 357 557
768 4864 1023 5119 698 898
1536 768 1791 1023 454 654
1536 3328 1791 3583 355 555
512 2048 767 2303 625 825
2304 3328 2559 3583 500 700
256 1536 511 1791 628 828
3072 3072 3327 3327 590 790
256 4864 511 5119 366 566
256 3840 511 4095 513 713
0 3584 255 3839 709 909
256 0 511 255 397 597
256 1792 511 2047 464 664
256 3072 511 3327 626 826
2048 2304 2303 2559 453 653
2816 2048 3071 2303 468 668
256 3584 511 3839 407 607
3584 3072 3839 3327 619 819
3072 1024 3327 1279 464 664
2048 4864 2303 5119 684 884
1536 3072 1791 3327 443 643
512 5120 767 5375 696 896
2560 3840 2815 4095 656 856
3328 2304 3583 2559 704 904
2816 0 3071 255 710 910
2304 4864 2559 5119 472 672
2560 0 2815 255 630 830
1280 2816 1535 3071 712 912
1024 1536 1279 1791 345 545
3072 3584 3327 3839 442 642
3072 2048 3327 2303 387 587
2304 2304 2559 2559 705 905
1280 3328 1535 3583 390 590
1536 4608 1791 4863 505 705
3328 2048 3583 2303 346 546
1024 2304 1279 2559 641 841
2304 2560 2559 2815 631 831
768 1024 1023 1279 600 800
768 4608 1023 4863 517 717
2048 2560 2303 2815 624 824
0 1536 255 1791 400 600
2560 1024 2815 1279 512 712
0 2304 255 2559 647 847
512 4096 767 4351 490 690
1792 5376 2047 5631 387 587
1792 2048 2047 2303 349 549
1280 4608 1535 4863 622 822
1280 4864 1535 5119 458 658
768 5376 1023 5631 631 831
1536 1280 1791 1535 712 912
3328 768 3583 1023 391 591
2816 4864 3071 5119 700 900
256 1024 511 1279 657 857
2560 5376 2815 5631 710 910
3072 3840 3327 4095 653 853
2816 768 3071 1023 616 816
1536 1536 1791 1791 432 632
768 1536 1023 1791 533 733
512 256 767 511 614 814
3328 4096 3583 4351 403 603
3584 4864 3839 5119 638 838
3072 3328 3327 3583 628 828
1024 1280 1279 1535 357 557
3328 4608 3583 4863 654 854
768 4352 1023 4607 382 582
1792 1536 2047 1791 706 906
2304 0 2559 255 581 781
1024 3840 1279 4095 639 839
768 3584 1023 3839 592 792
768 2560 1023 2815 347 547
768 1792 1023 2047 512 712
1792 3328 2047 3583 618 818
3328 1280 3583 1535 486 686
2304 4352 2559 4607 446 646
2304 5376 2559 5631 358 558
1280 2304 1535 2559 536 736
2816 3584 3071 3839 458 658
2048 5376 2303 5631 643 843
2048 2048 2303 2303 620 820
2560 512 2815 767 339 539
1792 5120 2047 5375 604 804
2816 3072 3071 3327 674 874
2304 4096 2559 4351 665 865
1280 512 1535 767 511 711
2304 2048 2559 2303 634 834
2816 5120 3071 5375 605 805
512 768 767 1023 413 613
2304 4608 2559 4863 692 892
1280 256 1535 511 424 624
1536 4096 1791 4351 691 891
3584 0 3839 255 381 581
2560 2304 2815 2559 688 888
1024 3072 1279 3327 568 768
1280 5120 1535 5375 401 601
3584 3840 3839 4095 629 829
3584 1024 3839 1279 613 813
3328 1536 3583 1791 393 593
256 3328 511 3583 459 659
3328 5120 3583 5375 501 701
512 3584 767 3839 611 811
3328 2560 3583 2815 433 633
256 5120 511 5375 677 877
1024 768 1279 1023 516 716
3584 2816 3839 3071 582 782
256 4608 511 4863 409 609
3072 1792 3327 2047 537 737
0 1792 255 2047 367 567
1536 512 1791 767 493 693
3584 1792 3839 2047 429 629
2816 2816 3071 3071 651 851
256 4096 511 4351 495 695
2560 2560 2815 2815 659 859
1024 1792 1279 2047 574 774
3584 4096 3839 4351 447 647
0 3328 255 3583 456 656
2048 1792 2303 2047 457 657
1536 1024 1791 1279 678 878
3584 1280 3839 1535 533 733
3328 5376 3583 5631 435 635
2560 4864 2815 5119 351 551
2816 4096 3071 4351 473 673
3584 3328 3839 3583 442 642
512 3072 767 3327 702 902
2560 2048 2815 2303 704 904
1536 3584 1791 3839 469 669
3584 2304 3839 2559 580 780
2816 3840 3071 4095 566 766
1024 3584 1279 3839 488 688
1280 1792 1535 2047 666 866
768 512 1023 767 693 893
2560 3584 2815 3839 386 586
512 1792 767 2047 385 585
1024 4864 1279 5119 656 856
1024 512 1279 767 528 728
3328 3072 3583 3327 593 793
3584 2048 3839 2303 691 891
1024 0 1279 255 691 891
1024 256 1279 511 623 823
2304 256 2559 511 434 634
1024 5376 1279 5631 369 569
2048 3328 2303 3583 523 723
512 4608 767 4863 592 792
0 768 255 1023 691 891
0 5376 255 5631 384 584
3072 768 3327 1023 665 865
3072 1280 3327 1535 434 634
2816 1024 3071 1279 467 667
1536 5120 1791 5375 592 792
1792 4864 2047 5119 593 793
3072 2560 3327 2815 566 766
256 512 511 767 606 806
0 3840 255 4095 352 552
2048 256 2303 511 634 834
3072 5120 3327 5375 558 758
0 4608 255 4863 682 882
3328 0 3583 255 390 590
768 3840 1023 4095 424 624
512 5376 767 5631 497 697
3328 3328 3583 3583 541 741
1536 0 1791 255 339 539
1024 2560 1279 2815 476 676
3328 4352 3583 4607 553 753
1536 1792 1791 2047 387 587
256 4352 511 4607 382 582
512 2816 767 3071 367 567
0 5120 255 5375 643 843
512 2560 767 2815 699 899
3584 1536 3839 1791 684 884
2816 4608 3071 4863 516 716
3072 5376 3327 5631 419 619
768 5120 1023 5375 339 539
