1000
521 2696 921 3096 437 487
4435 3238 4835 3638 638 688
156 1623 556 2023 448 498
3804 2689 4204 3089 753 803
3017 1625 3417 2025 685 735
869 2196 1269 2596 858 908
4455 2756 4855 3156 491 541
3668 2797 4068 3197 625 675
3117 3477 3517 3877 545 595
97 3116 497 3516 337 387
4091 1409 4491 1809 750 800
5392 100 5792 500 622 672
3701 2449 4101 2849 352 402
1709 3366 2109 3766 528 578
5322 2638 5722 3038 757 807
4655 294 5055 694 862 912
437 1196 837 1596 766 816
4719 2903 5119 3303 606 656
446 2000 846 2400 632 682
722 3498 1122 3898 739 789
5040 2566 5440 2966 341 391
4315 249 4715 649 538 588
2033 805 2433 1205 465 515
4672 3057 5072 3457 539 589
3009 1729 3409 2129 519 569
4227 1055 4627 1455 762 812
3020 2388 3420 2788 474 524
2022 1434 2422 1834 641 691
3526 2470 3926 2870 832 882
2371 418 2771 818 823 873
3599 975 3999 1375 714 764
4855 1146 5255 1546 359 409
321 568 721 968 798 848
720 864 1120 1264 841 891
1854 2632 2254 3032 379 429
4176 296 4576 696 778 828
552 2672 952 3072 487 537
3441 1713 3841 2113 679 729
504 2309 904 2709 588 638
2862 1663 3262 2063 703 753
44 1381 444 1781 462 512
1584 782 1984 1182 559 609
4869 3567 5269 3967 473 523
5281 802 5681 1202 744 794
4845 34 5245 434 757 807
3442 3321 3842 3721 403 453
3164 154 3564 554 455 505
4448 1022 4848 1422 569 619
1131 2557 1531 2957 453 503
4856 1647 5256 2047 401 451
22 1790 422 2190 535 585
5115 2881 5515 3281 613 663
3000 1568 3400 1968 522 572
1151 748 1551 1148 669 719
4241 805 4641 1205 731 781
1834 1960 2234 2360 363 413
719 1665 1119 2065 482 532
4233 1729 4633 2129 452 502
3515 564 3915 964 824 874
4970 1571 5370 1971 511 561
87 55 487 455 773 823
784 13 1184 413 406 456
1035 1081 1435 1481 734 784
4039 3247 4439 3647 635 685
5074 2263 5474 2663 861 911
3433 763 3833 1163 646 696
727 553 1127 953 711 761
73 2213 473 2613 644 694
2663 1765 3063 2165 788 838
3246 8 3646 408 586 636
2436 115 2836 515 649 699
2840 2886 3240 3286 856 906
917 2484 1317 2884 588 638
4414 3404 4814 3804 822 872
4851 3428 5251 3828 597 647
1949 3520 2349 3920 368 418
2028 1890 2428 2290 446 496
5375 201 5775 601 670 720
429 3077 829 3477 745 795
4646 181 5046 581 506 556
1118 2453 1518 2853 790 840
3628 2390 4028 2790 460 510
967 2294 1367 2694 847 897
4454 2222 4854 2622 800 850
4360 2341 4760 2741 406 456
5240 1948 5640 2348 832 882
3172 329 3572 729 525 575
4633 3333 5033 3733 648 698
409 1305 809 1705 544 594
4584 1429 4984 1829 665 715
677 2258 1077 2658 412 462
2222 3265 2622 3665 467 517
4876 2373 5276 2773 618 668
1356 2754 1756 3154 490 540
4020 3474 4420 3874 346 396
4497 1685 4897 2085 711 761
3658 1752 4058 2152 593 643
2230 45 2630 445 612 662
2849 287 3249 687 550 600
489 1224 889 1624 822 872
3522 2283 3922 2683 623 673
3817 1487 4217 1887 512 562
1337 1723 1737 2123 481 531
2754 364 3154 764 781 831
4165 233 4565 633 563 613
5294 1157 5694 1557 578 628
2650 3057 3050 3457 367 417
1139 38 1539 438 530 580
381 3106 781 3506 628 678
3998 2442 4398 2842 753 803
2877 2411 3277 2811 338 388
3576 1282 3976 1682 573 623
1721 2957 2121 3357 528 578
1155 1018 1555 1418 713 763
578 706 978 1106 783 833
2102 762 2502 1162 561 611
84 1043 484 1443 788 838
260 1878 660 2278 845 895
2137 3001 2537 3401 516 566
683 3043 1083 3443 780 830
3361 415 3761 815 384 434
2529 395 2929 795 458 508
3602 2646 4002 3046 570 620
259 2339 659 2739 754 804
5053 139 5453 539 603 653
3118 3120 3518 3520 407 457
1515 2165 1915 2565 786 836
1653 536 2053 936 415 465
8 1298 408 1698 624 674
5185 1718 5585 2118 817 867
4229 2441 4629 2841 425 475
346 56 746 456 755 805
548 3254 948 3654 400 450
3294 2953 3694 3353 840 890
455 2539 855 2939 376 426
4517 733 4917 1133 570 620
1886 204 2286 604 574 624
3533 1918 3933 2318 453 503
2592 801 2992 1201 365 415
2008 890 2408 1290 601 651
653 3116 1053 3516 770 820
1405 597 1805 997 626 676
2399 3329 2799 3729 370 420
230 1955 630 2355 440 490
4058 2604 4458 3004 439 489
3893 2382 4293 2782 812 862
1839 3561 2239 3961 694 744
856 2072 1256 2472 538 588
3769 3395 4169 3795 851 901
2146 1238 2546 1638 477 527
4676 1664 5076 2064 668 718
1275 3580 1675 3980 382 432
5355 3197 5755 3597 795 845
4194 1653 4594 2053 558 608
931 705 1331 1105 862 912
3497 492 3897 892 392 442
1251 2625 1651 3025 520 570
1463 2996 1863 3396 394 444
346 630 746 1030 339 389
786 426 1186 826 361 411
5407 3523 5807 3923 694 744
2113 1557 2513 1957 618 668
2134 278 2534 678 798 848
3455 849 3855 1249 735 785
3929 2040 4329 2440 439 489
1449 1281 1849 1681 442 492
3094 814 3494 1214 696 746
184 263 584 663 386 436
1693 36 2093 436 400 450
4772 2444 5172 2844 521 571
3425 2686 3825 3086 451 501
1183 277 1583 677 624 674
2016 924 2416 1324 802 852
318 756 718 1156 736 786
4639 3236 5039 3636 777 827
2714 2258 3114 2658 781 831
1314 3224 1714 3624 414 464
2279 983 2679 1383 807 857
1339 627 1739 1027 580 630
5141 440 5541 840 528 578
2072 3170 2472 3570 756 806
2563 3280 2963 3680 824 874
5328 2258 5728 2658 495 545
4525 1211 4925 1611 754 804
2099 282 2499 682 488 538
4109 1686 4509 2086 503 553
3485 2314 3885 2714 818 868
1478 2702 1878 3102 845 895
4992 2243 5392 2643 604 654
3806 1569 4206 1969 345 395
4148 524 4548 924 371 421
3420 2631 3820 3031 760 810
3736 2247 4136 2647 738 788
4667 1159 5067 1559 732 782
4229 216 4629 616 613 663
909 2970 1309 3370 764 814
1597 3498 1997 3898 447 497
4262 525 4662 925 829 879
3647 1514 4047 1914 590 640
1444 2902 1844 3302 355 405
5303 1440 5703 1840 799 849
5205 1325 5605 1725 456 506
5211 1324 5611 1724 421 471
1896 270 2296 670 598 648
1019 2521 1419 2921 613 663
1778 2020 2178 2420 345 395
1761 2536 2161 2936 518 568
1968 2181 2368 2581 366 416
2114 1359 2514 1759 641 691
3855 2207 4255 2607 778 828
1450 2146 1850 2546 440 490
2412 163 2812 563 820 870
4179 1631 4579 2031 824 874
1196 1023 1596 1423 610 660
3431 1062 3831 1462 595 645
2100 518 2500 918 370 420
1628 2589 2028 2989 380 430
59 295 459 695 792 842
4629 1449 5029 1849 568 618
1128 3185 1528 3585 712 762
4560 797 4960 1197 461 511
2750 503 3150 903 621 671
1996 2842 2396 3242 842 892
593 2859 993 3259 437 487
645 3224 1045 3624 855 905
3819 552 4219 952 790 840
142 2924 542 3324 634 684
2092 945 2492 1345 533 583
488 831 888 1231 663 713
4418 2006 4818 2406 505 555
4443 2261 4843 2661 568 618
426 364 826 764 787 837
3328 3332 3728 3732 474 524
2039 3196 2439 3596 486 536
1017 1736 1417 2136 804 854
1597 1475 1997 1875 403 453
116 831 516 1231 839 889
1215 1759 1615 2159 464 514
3982 2841 4382 3241 574 624
2529 1834 2929 2234 454 504
1026 2456 1426 2856 510 560
609 1161 1009 1561 564 614
1441 203 1841 603 572 622
2262 633 2662 1033 740 790
4267 1383 4667 1783 533 583
2883 3515 3283 3915 491 541
2774 346 3174 746 365 415
3005 1666 3405 2066 445 495
3634 3588 4034 3988 659 709
1288 2452 1688 2852 712 762
2534 2951 2934 3351 417 467
3930 2283 4330 2683 425 475
5346 370 5746 770 493 543
3654 634 4054 1034 846 896
4886 1753 5286 2153 494 544
1370 1840 1770 2240 484 534
118 868 518 1268 740 790
1272 250 1672 650 753 803
1484 350 1884 750 438 488
1556 2000 1956 2400 403 453
3030 2095 3430 2495 780 830
5221 223 5621 623 781 831
2801 3021 3201 3421 823 873
4853 347 5253 747 515 565
5097 2599 5497 2999 499 549
2303 2800 2703 3200 715 765
3194 2427 3594 2827 702 752
196 3238 596 3638 436 486
5408 1883 5808 2283 536 586
1047 1203 1447 1603 467 517
3403 2450 3803 2850 837 887
2620 878 3020 1278 486 536
2186 2760 2586 3160 695 745
979 3188 1379 3588 365 415
1261 2215 1661 2615 671 721
1858 1223 2258 1623 757 807
3091 1638 3491 2038 496 546
5170 2296 5570 2696 688 738
2783 2190 3183 2590 387 437
2441 1889 2841 2289 690 740
306 3264 706 3664 636 686
4355 554 4755 954 587 637
4756 3246 5156 3646 596 646
4609 1834 5009 2234 575 625
4690 2646 5090 3046 469 519
4758 1741 5158 2141 718 768
3307 380 3707 780 661 711
770 1522 1170 1922 419 469
1298 3325 1698 3725 656 706
3496 448 3896 848 419 469
3795 583 4195 983 793 843
2662 1644 3062 2044 394 444
5318 253 5718 653 440 490
3683 3031 4083 3431 362 412
2610 2544 3010 2944 584 634
4632 3482 5032 3882 496 546
4050 1442 4450 1842 441 491
1180 1873 1580 2273 537 587
4851 2901 5251 3301 604 654
3835 718 4235 1118 841 891
2370 128 2770 528 816 866
983 1490 1383 1890 538 588
5171 2081 5571 2481 366 416
798 481 1198 881 660 710
40 458 440 858 394 444
4160 2136 4560 2536 428 478
1255 1048 1655 1448 622 672
2735 2432 3135 2832 362 412
327 1382 727 1782 771 821
4816 1599 5216 1999 846 896
5200 1371 5600 1771 413 463
4662 1870 5062 2270 790 840
2116 1560 2516 1960 400 450
2320 667 2720 1067 521 571
4756 1954 5156 2354 338 388
354 866 754 1266 756 806
4756 1235 5156 1635 611 661
2382 2861 2782 3261 437 487
2322 63 2722 463 598 648
433 1858 833 2258 851 901
3089 3003 3489 3403 507 557
3203 3500 3603 3900 513 563
3752 3484 4152 3884 400 450
4613 2626 5013 3026 517 567
4030 357 4430 757 608 658
2048 731 2448 1131 393 443
423 29 823 429 560 610
3205 2713 3605 3113 403 453
1007 3454 1407 3854 651 701
4122 3062 4522 3462 517 567
2624 2255 3024 2655 752 802
2077 580 2477 980 499 549
3149 3128 3549 3528 488 538
444 2688 844 3088 466 516
2764 3341 3164 3741 476 526
5023 1944 5423 2344 575 625
3378 2145 3778 2545 819 869
1647 1389 2047 1789 476 526
316 1529 716 1929 834 884
4840 2436 5240 2836 783 833
1148 18 1548 418 549 599
2759 2848 3159 3248 456 506
891 1412 1291 1812 428 478
2786 2962 3186 3362 530 580
3075 382 3475 782 629 679
758 2828 1158 3228 481 531
4824 1875 5224 2275 751 801
512 848 912 1248 379 429
1716 1446 2116 1846 765 815
5003 2804 5403 3204 834 884
3117 2598 3517 2998 855 905
1709 231 2109 631 682 732
4297 2803 4697 3203 772 822
1189 2997 1589 3397 661 711
2439 2856 2839 3256 494 544
4073 3320 4473 3720 542 592
136 3028 536 3428 615 665
4495 2010 4895 2410 375 425
4034 2398 4434 2798 415 465
2953 446 3353 846 523 573
5059 1306 5459 1706 597 647
4972 3052 5372 3452 808 858
2206 1153 2606 1553 509 559
2788 3269 3188 3669 378 428
4284 1864 4684 2264 791 841
4332 3301 4732 3701 833 883
5393 811 5793 1211 460 510
5403 1650 5803 2050 682 732
3448 1517 3848 1917 830 880
2406 1939 2806 2339 347 397
4869 3263 5269 3663 453 503
789 3414 1189 3814 587 637
1559 131 1959 531 552 602
2315 1445 2715 1845 475 525
3594 1027 3994 1427 794 844
2717 1348 3117 1748 466 516
3635 2566 4035 2966 444 494
2853 3536 3253 3936 861 911
883 923 1283 1323 671 721
5198 3376 5598 3776 582 632
1599 2896 1999 3296 810 860
1524 3593 1924 3993 785 835
1239 585 1639 985 606 656
2480 1788 2880 2188 426 476
3873 2997 4273 3397 850 900
4980 1375 5380 1775 420 470
1869 244 2269 644 395 445
2997 1120 3397 1520 525 575
4539 1833 4939 2233 815 865
2526 1179 2926 1579 570 620
2789 2624 3189 3024 714 764
2070 2364 2470 2764 735 785
214 2870 614 3270 576 626
1991 1693 2391 2093 655 705
2185 2104 2585 2504 453 503
2204 274 2604 674 458 508
4131 3105 4531 3505 850 900
2162 2116 2562 2516 453 503
2017 467 2417 867 385 435
1701 256 2101 656 576 626
3622 2842 4022 3242 791 841
4644 2194 5044 2594 619 669
2994 1727 3394 2127 804 854
2794 62 3194 462 787 837
3797 1664 4197 2064 425 475
4156 359 4556 759 703 753
1463 1096 1863 1496 415 465
4793 750 5193 1150 477 527
3556 1346 3956 1746 604 654
4076 1135 4476 1535 605 655
3547 1984 3947 2384 723 773
1006 1097 1406 1497 344 394
539 2067 939 2467 443 493
3701 3389 4101 3789 762 812
4653 3249 5053 3649 582 632
2144 2555 2544 2955 698 748
1152 2681 1552 3081 349 399
670 270 1070 670 684 734
1132 45 1532 445 801 851
4513 3256 4913 3656 652 702
2142 281 2542 681 470 520
3 945 403 1345 599 649
2727 3431 3127 3831 416 466
5404 1897 5804 2297 408 458
1704 3147 2104 3547 611 661
2133 2084 2533 2484 860 910
3454 2583 3854 2983 504 554
1793 3566 2193 3966 548 598
4754 3550 5154 3950 617 667
3472 3002 3872 3402 477 527
5404 88 5804 488 859 909
3291 1250 3691 1650 672 722
4655 899 5055 1299 690 740
4485 763 4885 1163 853 903
2698 2995 3098 3395 838 888
3091 2985 3491 3385 418 468
4696 3185 5096 3585 485 535
3533 1090 3933 1490 592 642
1834 2561 2234 2961 352 402
592 3252 992 3652 523 573
1321 698 1721 1098 356 406
2126 483 2526 883 447 497
4015 105 4415 505 558 608
2399 1631 2799 2031 795 845
981 2758 1381 3158 496 546
1850 1044 2250 1444 432 482
1709 1134 2109 1534 437 487
4590 1527 4990 1927 771 821
3158 3076 3558 3476 444 494
3986 3152 4386 3552 449 499
3584 3503 3984 3903 818 868
4094 2319 4494 2719 351 401
2956 2054 3356 2454 645 695
335 1028 735 1428 689 739
1634 2068 2034 2468 591 641
3117 1119 3517 1519 834 884
1791 2357 2191 2757 643 693
1111 2091 1511 2491 677 727
307 2378 707 2778 375 425
1254 1076 1654 1476 789 839
2298 2699 2698 3099 478 528
841 1641 1241 2041 739 789
3051 1245 3451 1645 817 867
2701 3338 3101 3738 820 870
1714 2063 2114 2463 456 506
5351 3435 5751 3835 755 805
694 3237 1094 3637 707 757
3323 3146 3723 3546 462 512
3010 69 3410 469 556 606
4783 1679 5183 2079 723 773
3478 425 3878 825 342 392
732 2117 1132 2517 485 535
1234 36 1634 436 735 785
3873 909 4273 1309 506 556
2730 1255 3130 1655 783 833
4541 3253 4941 3653 390 440
274 2836 674 3236 441 491
2522 556 2922 956 791 841
2428 1542 2828 1942 538 588
589 1668 989 2068 809 859
3553 1995 3953 2395 662 712
4338 2427 4738 2827 859 909
1282 1680 1682 2080 608 658
536 1810 936 2210 461 511
2118 1753 2518 2153 526 576
2538 2997 2938 3397 776 826
4911 40 5311 440 372 422
3026 351 3426 751 395 445
872 329 1272 729 658 708
4197 841 4597 1241 672 722
3373 2383 3773 2783 854 904
1014 452 1414 852 819 869
523 1800 923 2200 441 491
5266 471 5666 871 692 742
1623 3404 2023 3804 510 560
5067 1277 5467 1677 506 556
1748 1707 2148 2107 571 621
3559 150 3959 550 795 845
376 3351 776 3751 494 544
337 2088 737 2488 697 747
534 129 934 529 701 751
1569 921 1969 1321 792 842
4489 2980 4889 3380 837 887
2525 1232 2925 1632 427 477
2112 3206 2512 3606 503 553
541 1446 941 1846 494 544
2666 715 3066 1115 664 714
444 249 844 649 591 641
4716 2114 5116 2514 728 778
4149 649 4549 1049 749 799
5090 2052 5490 2452 565 615
3086 3209 3486 3609 501 551
2162 2944 2562 3344 551 601
1351 2358 1751 2758 707 757
3752 3261 4152 3661 600 650
3481 1713 3881 2113 631 681
3074 711 3474 1111 747 797
4881 297 5281 697 421 471
1046 821 1446 1221 767 817
3639 521 4039 921 524 574
533 239 933 639 801 851
544 2358 944 2758 780 830
5001 1637 5401 2037 698 748
666 3478 1066 3878 378 428
1125 1150 1525 1550 666 716
5438 3169 5838 3569 683 733
2034 2100 2434 2500 844 894
1295 2669 1695 3069 576 626
1340 2937 1740 3337 863 913
2545 1143 2945 1543 774 824
2684 885 3084 1285 669 719
2292 203 2692 603 668 718
374 1527 774 1927 663 713
4299 636 4699 1036 628 678
269 272 669 672 372 422
3840 40 4240 440 342 392
2425 2896 2825 3296 662 712
1252 843 1652 1243 850 900
3644 753 4044 1153 633 683
3750 3228 4150 3628 403 453
278 1717 678 2117 537 587
3760 1291 4160 1691 737 787
959 2139 1359 2539 358 408
2671 934 3071 1334 669 719
1928 2124 2328 2524 705 755
5361 1187 5761 1587 694 744
442 3438 842 3838 438 488
1128 295 1528 695 839 889
3981 767 4381 1167 400 450
4923 3584 5323 3984 817 867
2150 2066 2550 2466 450 500
4201 1562 4601 1962 781 831
1053 2341 1453 2741 427 477
585 2437 985 2837 803 853
3463 3239 3863 3639 581 631
2808 204 3208 604 371 421
4058 103 4458 503 520 570
1243 1435 1643 1835 445 495
3978 2687 4378 3087 422 472
157 3196 557 3596 659 709
331 2014 731 2414 822 872
2058 2116 2458 2516 680 730
2189 1035 2589 1435 845 895
3977 296 4377 696 555 605
3716 2628 4116 3028 347 397
4240 518 4640 918 536 586
1384 3301 1784 3701 601 651
451 3068 851 3468 551 601
2694 664 3094 1064 653 703
3753 1372 4153 1772 395 445
1936 288 2336 688 372 422
2963 60 3363 460 748 798
5153 467 5553 867 342 392
4341 1559 4741 1959 757 807
319 669 719 1069 744 794
772 1430 1172 1830 635 685
5305 2939 5705 3339 787 837
4108 1432 4508 1832 529 579
872 2317 1272 2717 609 659
5019 2759 5419 3159 808 858
24 651 424 1051 554 604
4360 1660 4760 2060 733 783
3343 1656 3743 2056 488 538
3466 2981 3866 3381 401 451
190 870 590 1270 694 744
4982 72 5382 472 521 571
2080 2301 2480 2701 479 529
667 1968 1067 2368 435 485
2303 508 2703 908 532 582
399 2119 799 2519 821 871
237 703 637 1103 816 866
2465 3387 2865 3787 756 806
1137 3574 1537 3974 422 472
1321 208 1721 608 850 900
4115 208 4515 608 676 726
2669 1089 3069 1489 404 454
1223 1280 1623 1680 793 843
4039 481 4439 881 739 789
3249 3269 3649 3669 735 785
4742 3108 5142 3508 818 868
3950 1370 4350 1770 764 814
248 1362 648 1762 362 412
4601 3146 5001 3546 481 531
715 3587 1115 3987 634 684
1250 2154 1650 2554 680 730
1083 3117 1483 3517 498 548
3864 2214 4264 2614 632 682
1454 2384 1854 2784 480 530
524 2968 924 3368 479 529
2260 2683 2660 3083 655 705
3363 2778 3763 3178 673 723
1294 1231 1694 1631 468 518
415 1793 815 2193 717 767
4067 2521 4467 2921 729 779
2273 122 2673 522 603 653
3542 1159 3942 1559 380 430
4538 2103 4938 2503 525 575
2214 2585 2614 2985 653 703
5242 42 5642 442 827 877
2480 1604 2880 2004 470 520
5210 2188 5610 2588 557 607
224 406 624 806 515 565
3748 1156 4148 1556 482 532
595 1391 995 1791 825 875
407 2247 807 2647 475 525
4734 333 5134 733 510 560
5365 919 5765 1319 505 555
3836 2614 4236 3014 354 404
1310 2879 1710 3279 460 510
1350 801 1750 1201 413 463
3257 71 3657 471 448 498
2979 2986 3379 3386 430 480
762 107 1162 507 385 435
4087 272 4487 672 456 506
224 794 624 1194 661 711
1305 2317 1705 2717 816 866
3287 176 3687 576 554 604
4594 2277 4994 2677 417 467
1238 3220 1638 3620 548 598
4627 2373 5027 2773 808 858
3574 909 3974 1309 742 792
4007 1026 4407 1426 687 737
2093 1864 2493 2264 739 789
3373 2195 3773 2595 504 554
4227 1870 4627 2270 622 672
4049 3100 4449 3500 832 882
1256 3445 1656 3845 616 666
2949 2335 3349 2735 688 738
775 2936 1175 3336 593 643
2539 3200 2939 3600 505 555
2717 549 3117 949 838 888
3958 2862 4358 3262 724 774
3922 1253 4322 1653 340 390
3479 1989 3879 2389 360 410
978 2861 1378 3261 464 514
4828 1934 5228 2334 789 839
3442 1632 3842 2032 700 750
2500 783 2900 1183 612 662
396 3511 796 3911 542 592
1320 3402 1720 3802 860 910
1179 1839 1579 2239 833 883
669 3422 1069 3822 574 624
5332 2426 5732 2826 422 472
5362 468 5762 868 425 475
4848 1422 5248 1822 668 718
1136 390 1536 790 455 505
4166 1198 4566 1598 759 809
901 423 1301 823 460 510
3941 1852 4341 2252 729 779
3956 3012 4356 3412 405 455
132 1165 532 1565 488 538
4049 1752 4449 2152 363 413
1141 687 1541 1087 592 642
1507 3435 1907 3835 769 819
515 809 915 1209 815 865
5270 1879 5670 2279 455 505
3499 2545 3899 2945 710 760
1899 560 2299 960 524 574
855 2440 1255 2840 531 581
1142 1248 1542 1648 670 720
5300 2275 5700 2675 337 387
2601 379 3001 779 525 575
2444 2023 2844 2423 568 618
3310 3348 3710 3748 715 765
3553 2162 3953 2562 709 759
1272 3417 1672 3817 676 726
4174 1266 4574 1666 787 837
2256 3032 2656 3432 599 649
897 2297 1297 2697 386 436
493 3501 893 3901 600 650
2679 3427 3079 3827 429 479
3194 3331 3594 3731 369 419
2706 945 3106 1345 659 709
3986 2875 4386 3275 540 590
1513 1808 1913 2208 382 432
451 676 851 1076 516 566
1936 3470 2336 3870 498 548
4694 586 5094 986 470 520
4500 577 4900 977 836 886
2417 186 2817 586 372 422
153 2423 553 2823 728 778
2967 2182 3367 2582 473 523
4340 1796 4740 2196 652 702
5414 3461 5814 3861 467 517
5133 1320 5533 1720 596 646
4012 1293 4412 1693 462 512
2195 1658 2595 2058 712 762
305 780 705 1180 382 432
3117 1308 3517 1708 715 765
3484 1502 3884 1902 851 901
5425 2608 5825 3008 841 891
481 1211 881 1611 404 454
2135 2801 2535 3201 784 834
2266 108 2666 508 595 645
4183 2172 4583 2572 497 547
3120 3372 3520 3772 546 596
665 1434 1065 1834 835 885
3555 3315 3955 3715 479 529
915 663 1315 1063 760 810
1648 2978 2048 3378 708 758
806 2958 1206 3358 796 846
4262 1939 4662 2339 624 674
1449 1162 1849 1562 718 768
515 61 915 461 625 675
2883 2441 3283 2841 515 565
4625 3489 5025 3889 431 481
1066 3302 1466 3702 835 885
2146 1748 2546 2148 517 567
4557 3014 4957 3414 454 504
4794 1987 5194 2387 829 879
5275 2452 5675 2852 660 710
712 1142 1112 1542 582 632
2392 239 2792 639 452 502
3773 29 4173 429 830 880
4827 1301 5227 1701 512 562
5246 2355 5646 2755 811 861
3917 1812 4317 2212 517 567
3035 1912 3435 2312 814 864
342 1343 742 1743 377 427
4397 2924 4797 3324 393 443
5238 2465 5638 2865 567 617
2849 3155 3249 3555 595 645
590 3535 990 3935 792 842
3159 1294 3559 1694 549 599
5133 1652 5533 2052 653 703
4939 1089 5339 1489 700 750
572 1469 972 1869 374 424
3578 42 3978 442 417 467
4069 2216 4469 2616 727 777
2959 2961 3359 3361 638 688
4460 1655 4860 2055 521 571
1689 2766 2089 3166 835 885
1472 3124 1872 3524 533 583
2695 1798 3095 2198 803 853
3309 2452 3709 2852 599 649
3319 1833 3719 2233 591 641
5103 3432 5503 3832 627 677
4286 1258 4686 1658 644 694
2698 659 3098 1059 576 626
2650 468 3050 868 785 835
3178 581 3578 981 429 479
1555 3450 1955 3850 393 443
1370 2436 1770 2836 606 656
2453 1959 2853 2359 692 742
258 1468 658 1868 828 878
5053 2264 5453 2664 696 746
635 1012 1035 1412 454 504
4368 3124 4768 3524 846 896
3278 3310 3678 3710 732 782
271 2333 671 2733 399 449
5185 1026 5585 1426 430 480
4372 343 4772 743 528 578
681 1349 1081 1749 389 439
3023 377 3423 777 750 800
3674 231 4074 631 769 819
5205 472 5605 872 727 777
1673 2189 2073 2589 742 792
4848 1741 5248 2141 534 584
4548 99 4948 499 746 796
5157 60 5557 460 679 729
4193 2494 4593 2894 636 686
3553 3364 3953 3764 800 850
2049 3346 2449 3746 581 631
1467 452 1867 852 737 787
1626 3102 2026 3502 399 449
392 1435 792 1835 848 898
1401 304 1801 704 757 807
4315 1633 4715 2033 416 466
5416 986 5816 1386 380 430
4525 1115 4925 1515 359 409
1728 3415 2128 3815 768 818
3082 1267 3482 1667 678 728
4701 1721 5101 2121 358 408
5392 11 5792 411 357 407
5045 3208 5445 3608 750 800
3918 3487 4318 3887 412 462
1623 3111 2023 3511 510 560
4551 3094 4951 3494 634 684
3311 2957 3711 3357 732 782
1496 320 1896 720 426 476
1939 536 2339 936 550 600
4384 3121 4784 3521 670 720
2637 2726 3037 3126 451 501
2505 2210 2905 2610 718 768
1885 440 2285 840 550 600
4451 2177 4851 2577 378 428
1963 1272 2363 1672 840 890
4414 2935 4814 3335 760 810
2891 3214 3291 3614 580 630
2259 700 2659 1100 428 478
2234 2074 2634 2474 402 452
1569 1119 1969 1519 799 849
4131 2708 4531 3108 468 518
1089 2987 1489 3387 459 509
4791 1825 5191 2225 647 697
3418 2907 3818 3307 530 580
242 3484 642 3884 340 390
4982 3281 5382 3681 530 580
190 911 590 1311 338 388
2164 1889 2564 2289 861 911
4863 2221 5263 2621 539 589
4259 1139 4659 1539 859 909
1185 3511 1585 3911 545 595
27 2347 427 2747 707 757
1052 2769 1452 3169 804 854
3864 203 4264 603 722 772
1498 1736 1898 2136 781 831
3896 3278 4296 3678 662 712
4729 140 5129 540 594 644
1866 3062 2266 3462 479 529
2559 2492 2959 2892 652 702
2992 2566 3392 2966 765 815
2738 714 3138 1114 378 428
1242 1753 1642 2153 625 675
4201 1622 4601 2022 551 601
2305 760 2705 1160 652 702
320 3436 720 3836 441 491
210 1048 610 1448 387 437
947 2224 1347 2624 421 471
2860 2395 3260 2795 470 520
204 2262 604 2662 625 675
3219 1807 3619 2207 425 475
2905 2151 3305 2551 578 628
3395 309 3795 709 688 738
337 2869 737 3269 597 647
1399 2365 1799 2765 860 910
1996 1702 2396 2102 617 667
2370 765 2770 1165 398 448
4940 2254 5340 2654 361 411
4455 3479 4855 3879 755 805
3079 638 3479 1038 802 852
551 1643 951 2043 671 721
1128 3451 1528 3851 638 688
3119 2373 3519 2773 348 398
4302 2265 4702 2665 453 503
2852 786 3252 1186 858 908
70 1159 470 1559 649 699
332 1519 732 1919 516 566
2093 3053 2493 3453 502 552
4642 2300 5042 2700 339 389
4719 231 5119 631 448 498
2004 849 2404 1249 584 634
5247 3119 5647 3519 648 698
863 2062 1263 2462 682 732
3539 3033 3939 3433 692 742
4347 3472 4747 3872 366 416
5276 1119 5676 1519 546 596
1522 2430 1922 2830 774 824
4492 2761 4892 3161 608 658
1372 1318 1772 1718 343 393
778 3515 1178 3915 639 689
2916 2321 3316 2721 449 499
121 3146 521 3546 390 440
3619 937 4019 1337 667 717
3360 1116 3760 1516 859 909
4807 2950 5207 3350 664 714
1355 3112 1755 3512 359 409
756 1796 1156 2196 470 520
2187 1276 2587 1676 531 581
2899 1716 3299 2116 812 862
4469 2413 4869 2813 397 447
4536 986 4936 1386 559 609
3965 2098 4365 2498 790 840
1007 1997 1407 2397 863 913
4537 967 4937 1367 543 593
2534 1271 2934 1671 685 735
413 1606 813 2006 791 841
1437 3129 1837 3529 612 662
182 1669 582 2069 853 903
4497 277 4897 677 345 395
5266 674 5666 1074 425 475
4643 999 5043 1399 396 446
4634 592 5034 992 472 522
5360 1991 5760 2391 717 767
2244 2147 2644 2547 668 718
4265 3512 4665 3912 681 731
2327 2356 2727 2756 504 554
4268 3399 4668 3799 626 676
3922 1288 4322 1688 395 445
2903 875 3303 1275 364 414
20 1388 420 1788 504 554
4370 650 4770 1050 589 639
5110 2491 5510 2891 451 501
5239 2857 5639 3257 424 474
3251 2684 3651 3084 522 572
5068 2507 5468 2907 494 544
4617 166 5017 566 386 436
3568 2374 3968 2774 466 516
5241 3144 5641 3544 621 671
1255 732 1655 1132 729 779
5393 1384 5793 1784 492 542
2923 2403 3323 2803 499 549
4137 2683 4537 3083 444 494
2118 2233 2518 2633 464 514
3314 1539 3714 1939 594 644
1695 3078 2095 3478 478 528
4921 2431 5321 2831 746 796
2838 3293 3238 3693 516 566
2324 1012 2724 1412 838 888
998 2949 1398 3349 645 695
480 1597 880 1997 720 770
3472 2743 3872 3143 376 426
3736 182 4136 582 693 743
3343 1710 3743 2110 506 556
4777 1533 5177 1933 721 771
2591 3310 2991 3710 581 631
3615 1839 4015 2239 711 761
1857 407 2257 807 436 486
4777 901 5177 1301 607 657
5100 429 5500 829 719 769
3482 1375 3882 1775 520 570
5069 17 5469 417 704 754
1100 1535 1500 1935 714 764
1813 3309 2213 3709 418 468
1880 2505 2280 2905 396 446
4552 1807 4952 2207 833 883
3701 1630 4101 2030 831 881
4573 2142 4973 2542 439 489
2104 2116 2504 2516 560 610
4728 2606 5128 3006 670 720
2817 742 3217 1142 633 683
4329 3021 4729 3421 605 655
1620 1043 2020 1443 467 517
1706 510 2106 910 853 903
3826 56 4226 456 555 605
729 1218 1129 1618 605 655
4992 1384 5392 1784 862 912
2651 2985 3051 3385 681 731
1984 20 2384 420 489 539
5317 2796 5717 3196 785 835
3081 2878 3481 3278 825 875
882 3372 1282 3772 711 761
2507 3422 2907 3822 446 496
810 3209 1210 3609 669 719
2013 2352 2413 2752 495 545
10 1805 410 2205 518 568
271 3366 671 3766 490 540
970 1674 1370 2074 471 521
3965 156 4365 556 594 644
588 1803 988 2203 567 617
4257 1354 4657 1754 493 543
4696 182 5096 582 835 885
4411 1326 4811 1726 590 640
1938 1208 2338 1608 698 748
1970 3139 2370 3539 432 482
946 1841 1346 2241 625 675
856 1212 1256 1612 472 522
5400 211 5800 611 713 763
266 1560 666 1960 644 694
1003 1104 1403 1504 487 537
4651 3540 5051 3940 821 871
2830 1826 3230 2226 362 412
2748 3167 3148 3567 678 728
3461 2333 3861 2733 844 894
4114 1924 4514 2324 603 653
213 1417 613 1817 667 717
3685 2029 4085 2429 775 825
321 34 721 434 365 415
1407 1437 1807 1837 553 603
3171 2657 3571 3057 472 522
3242 2891 3642 3291 783 833
1822 2924 2222 3324 673 723
5236 438 5636 838 762 812
5424 3037 5824 3437 353 403
634 454 1034 854 585 635
882 2825 1282 3225 527 577
1052 571 1452 971 361 411
1416 659 1816 1059 767 817
2944 2674 3344 3074 544 594
1598 1659 1998 2059 757 807
3406 3020 3806 3420 794 844
2059 2419 2459 2819 564 614
1938 1547 2338 1947 811 861
5207 222 5607 622 736 786
44 580 444 980 418 468
4743 2741 5143 3141 480 530
1678 763 2078 1163 402 452
2274 2481 2674 2881 846 896
1362 1483 1762 1883 853 903
4651 260 5051 660 731 781
