100
3181 2932 3381 3132 734 754
2177 938 2377 1138 734 754
5570 3112 5770 3312 734 754
3992 2536 4192 2736 734 754
798 603 998 803 734 754
4870 846 5070 1046 734 754
4285 1541 4485 1741 734 754
2760 206 2960 406 734 754
4237 251 4437 451 734 754
404 1936 604 2136 734 754
389 3493 589 3693 734 754
2272 3000 2472 3200 734 754
4056 653 4256 853 734 754
3763 1128 3963 1328 734 754
1508 905 1708 1105 734 754
5412 1234 5612 1434 734 754
2267 3139 2467 3339 734 754
5580 2880 5780 3080 734 754
1081 1970 1281 2170 734 754
1497 2777 1697 2977 734 754
3080 1992 3280 2192 734 754
5158 1611 5358 1811 734 754
4083 3793 4283 3993 734 754
95 2346 295 2546 734 754
2597 446 2797 646 734 754
859 345 1059 545 734 754
4559 1814 4759 2014 734 754
976 3213 1176 3413 734 754
4033 1152 4233 1352 734 754
3939 1562 4139 1762 734 754
1043 644 1243 844 734 754
4362 1356 4562 1556 734 754
5507 429 5707 629 734 754
5354 164 5554 364 734 754
2516 3581 2716 3781 734 754
2674 433 2874 633 734 754
1708 494 1908 694 734 754
1604 2296 1804 2496 734 754
4469 3123 4669 3323 734 754
2677 3792 2877 3992 734 754
2123 584 2323 784 734 754
4336 2969 4536 3169 734 754
951 2943 1151 3143 734 754
3864 2596 4064 2796 734 754
4335 2922 4535 3122 734 754
4733 83 4933 283 734 754
156 884 356 1084 734 754
2895 2810 3095 3010 734 754
2116 3405 2316 3605 734 754
893 1442 1093 1642 734 754
3666 1376 3866 1576 734 754
4512 417 4712 617 734 754
42 3182 242 3382 734 754
5372 1618 5572 1818 734 754
2098 2815 2298 3015 734 754
144 1534 344 1734 734 754
228 1947 428 2147 734 754
5187 1259 5387 1459 734 754
4075 814 4275 1014 734 754
370 2915 570 3115 734 754
5421 412 5621 612 734 754
2354 2763 2554 2963 734 754
2918 3698 3118 3898 734 754
5524 339 5724 539 734 754
2140 1738 2340 1938 734 754
3873 1947 4073 2147 734 754
4193 2918 4393 3118 734 754
5463 444 5663 644 734 754
3143 537 3343 737 734 754
3030 264 3230 464 734 754
1962 3673 2162 3873 734 754
3746 682 3946 882 734 754
1937 1762 2137 1962 734 754
3293 2169 3493 2369 734 754
910 3526 1110 3726 734 754
2989 242 3189 442 734 754
3050 3543 3250 3743 734 754
551 2964 751 3164 734 754
4876 1769 5076 1969 734 754
5133 2203 5333 2403 734 754
1060 545 1260 745 734 754
1465 550 1665 750 734 754
393 444 593 644 734 754
3847 2754 4047 2954 734 754
765 787 965 987 734 754
2986 3596 3186 3796 734 754
4334 276 4534 476 734 754
4841 208 5041 408 734 754
4308 148 4508 348 734 754
850 2346 1050 2546 734 754
363 1392 563 1592 734 754
115 1542 315 1742 734 754
3389 1054 3589 1254 734 754
3589 35 3789 235 734 754
1026 1739 1226 1939 734 754
3848 259 4048 459 734 754
731 2589 931 2789 734 754
1546 2738 1746 2938 734 754
883 3334 1083 3534 734 754
4509 1006 4709 1206 734 754
