20
3046 2055 3056 2065 0 471
852 2669 862 2679 0 471
1413 205 1423 215 0 471
4304 1040 4314 1050 0 471
5756 1551 5766 1561 0 471
2586 3748 2596 3758 0 471
5432 2786 5442 2796 0 471
2465 1710 2475 1720 0 471
2839 26 2849 36 0 471
4481 2473 4491 2483 0 471
2900 642 2910 652 0 471
4883 2961 4893 2971 0 471
3657 3821 3667 3831 0 471
5773 2769 5783 2779 0 471
1753 1712 1763 1722 0 471
5451 2937 5461 2947 0 471
2326 681 2336 691 0 471
2859 3675 2869 3685 0 471
3903 2336 3913 2346 0 471
667 1997 677 2007 0 471
