20
571 2454 621 2504 337 914
765 1777 815 1827 337 914
3881 3620 3931 3670 337 914
3398 101 3448 151 337 914
2651 1498 2701 1548 337 914
4914 3616 4964 3666 337 914
3411 1758 3461 1808 337 914
5176 221 5226 271 337 914
76 1109 126 1159 337 914
705 56 755 106 337 914
5661 912 5711 962 337 914
2843 3545 2893 3595 337 914
2399 3539 2449 3589 337 914
2502 99 2552 149 337 914
1774 3503 1824 3553 337 914
719 111 769 161 337 914
2781 1550 2831 1600 337 914
808 1774 858 1824 337 914
2753 15 2803 65 337 914
702 1937 752 1987 337 914
