100
2456 3688 2506 3738 464 474
95 3545 145 3595 464 474
5720 1535 5770 1585 464 474
1786 2185 1836 2235 464 474
186 2694 236 2744 464 474
2926 2229 2976 2279 464 474
856 1460 906 1510 464 474
1332 3575 1382 3625 464 474
4123 2562 4173 2612 464 474
5441 3077 5491 3127 464 474
639 2800 689 2850 464 474
4766 3934 4816 3984 464 474
2807 1712 2857 1762 464 474
5602 3890 5652 3940 464 474
1774 1605 1824 1655 464 474
1808 2526 1858 2576 464 474
4987 2527 5037 2577 464 474
1889 2169 1939 2219 464 474
3219 56 3269 106 464 474
2017 3482 2067 3532 464 474
265 653 315 703 464 474
526 706 576 756 464 474
2241 3262 2291 3312 464 474
4399 899 4449 949 464 474
3038 501 3088 551 464 474
5105 2344 5155 2394 464 474
4497 3112 4547 3162 464 474
4226 2748 4276 2798 464 474
2875 3445 2925 3495 464 474
4700 3129 4750 3179 464 474
626 1463 676 1513 464 474
434 735 484 785 464 474
5758 2687 5808 2737 464 474
2086 3534 2136 3584 464 474
4673 2169 4723 2219 464 474
5264 404 5314 454 464 474
1928 3687 1978 3737 464 474
4733 416 4783 466 464 474
531 303 581 353 464 474
3416 351 3466 401 464 474
273 772 323 822 464 474
4592 2968 4642 3018 464 474
4157 502 4207 552 464 474
493 3620 543 3670 464 474
5738 3315 5788 3365 464 474
4563 3340 4613 3390 464 474
4584 3365 4634 3415 464 474
3533 299 3583 349 464 474
204 2459 254 2509 464 474
619 3706 669 3756 464 474
1277 1809 1327 1859 464 474
4024 2931 4074 2981 464 474
4555 132 4605 182 464 474
4722 3406 4772 3456 464 474
4982 3524 5032 3574 464 474
1538 670 1588 720 464 474
3751 795 3801 845 464 474
4235 3092 4285 3142 464 474
713 885 763 935 464 474
2032 156 2082 206 464 474
1476 3853 1526 3903 464 474
4371 508 4421 558 464 474
3149 2483 3199 2533 464 474
2166 279 2216 329 464 474
5079 3502 5129 3552 464 474
2439 1100 2489 1150 464 474
1550 3575 1600 3625 464 474
5581 1199 5631 1249 464 474
985 2289 1035 2339 464 474
2748 3573 2798 3623 464 474
5533 2704 5583 2754 464 474
4105 1070 4155 1120 464 474
1972 3363 2022 3413 464 474
4284 277 4334 327 464 474
4623 1835 4673 1885 464 474
2019 3928 2069 3978 464 474
4 2792 54 2842 464 474
2388 484 2438 534 464 474
1386 155 1436 205 464 474
5179 1748 5229 1798 464 474
222 228 272 278 464 474
3049 3311 3099 3361 464 474
5636 1791 5686 1841 464 474
5224 2991 5274 3041 464 474
234 644 284 694 464 474
4144 854 4194 904 464 474
3814 2337 3864 2387 464 474
3470 2328 3520 2378 464 474
2353 1567 2403 1617 464 474
2681 908 2731 958 464 474
1162 2470 1212 2520 464 474
4631 50 4681 100 464 474
3973 803 4023 853 464 474
1665 1498 1715 1548 464 474
4455 159 4505 209 464 474
3379 3478 3429 3528 464 474
1553 1006 1603 1056 464 474
3796 3053 3846 3103 464 474
2151 2829 2201 2879 464 474
903 1788 953 1838 464 474
