1000
1460 1116 1470 1126 491 591
1205 3017 1215 3027 650 750
1493 1834 1503 1844 662 762
1773 3474 1783 3484 419 519
410 1156 420 1166 513 613
3496 1102 3506 1112 404 504
5658 150 5668 160 578 678
3827 2837 3837 2847 498 598
4408 3395 4418 3405 813 913
1646 95 1656 105 809 909
2548 872 2558 882 585 685
2607 1148 2617 1158 691 791
4396 3584 4406 3594 473 573
3046 1857 3056 1867 479 579
210 1798 220 1808 400 500
4304 923 4314 933 521 621
995 1665 1005 1675 618 718
5432 810 5442 820 707 807
5021 1623 5031 1633 579 679
4481 2831 4491 2841 342 442
1693 2233 1703 2243 415 515
3657 420 3667 430 703 803
39 3378 49 3388 398 498
5451 119 5461 129 753 853
472 2473 482 2483 652 752
3903 2883 3913 2893 460 560
3829 2212 3839 2222 532 632
5472 1146 5482 1156 343 443
5786 2230 5796 2240 747 847
1331 1755 1341 1765 402 502
4232 823 4242 833 586 686
2135 551 2145 561 427 527
2078 1579 2088 1589 641 741
1250 1749 1260 1759 672 772
3577 544 3587 554 456 556
5166 736 5176 746 646 746
3682 1049 3692 1059 757 857
4785 3247 4795 3257 555 655
4318 573 4328 583 678 778
860 2025 870 2035 648 748
5568 1332 5578 1342 386 486
3496 1743 3506 1753 692 792
2462 3642 2472 3652 340 440
3182 2631 3192 2641 422 522
719 568 729 578 603 703
4796 3242 4806 3252 396 496
2224 455 2234 465 387 487
5037 2616 5047 2626 529 629
5478 1790 5488 1800 493 593
584 3593 594 3603 670 770
4349 496 4359 506 440 540
4652 1100 4662 1110 357 457
5150 3450 5160 3460 789 889
53 564 63 574 366 466
2170 543 2180 553 714 814
2464 1108 2474 1118 387 487
4216 1913 4226 1923 390 490
3895 2030 3905 2040 695 795
4823 229 4833 239 577 677
1123 3494 1133 3504 701 801
1488 2457 1498 2467 656 756
639 1933 649 1943 617 717
4390 2473 4400 2483 601 701
1008 3280 1018 3290 434 534
3404 1349 3414 1359 781 881
1342 363 1352 373 807 907
3669 1911 3679 1921 748 848
2405 3049 2415 3059 473 573
184 658 194 668 678 778
3476 1679 3486 1689 749 849
3007 1768 3017 1778 448 548
2818 1496 2828 1506 778 878
5782 2606 5792 2616 663 763
4851 757 4861 767 510 610
3207 1809 3217 1819 806 906
3098 725 3108 735 388 488
5642 749 5652 759 672 772
5079 1571 5089 1581 753 853
617 1818 627 1828 749 849
5716 3279 5726 3289 341 441
2844 3179 2854 3189 741 841
4334 3629 4344 3639 547 647
4703 124 4713 134 809 909
1743 1719 1753 1729 473 573
716 2610 726 2620 449 549
2262 964 2272 974 711 811
2394 265 2404 275 758 858
3799 3277 3809 3287 570 670
240 2436 250 2446 505 605
841 3575 851 3585 802 902
273 2206 283 2216 724 824
2175 24 2185 34 738 838
2885 1339 2895 1349 501 601
3113 2255 3123 2265 678 778
3245 2063 3255 2073 488 588
5156 2112 5166 2122 628 728
3736 3615 3746 3625 690 790
2653 1266 2663 1276 460 560
4314 2955 4324 2965 552 652
4601 1359 4611 1369 681 781
1159 534 1169 544 380 480
676 1485 686 1495 640 740
138 105 148 115 802 902
5327 612 5337 622 385 485
1451 1388 1461 1398 368 468
3379 2626 3389 2636 745 845
4075 1062 4085 1072 538 638
3352 2287 3362 2297 559 659
457 2266 467 2276 674 774
1839 2819 1849 2829 341 441
5232 2469 5242 2479 518 618
5498 406 5508 416 507 607
1141 2636 1151 2646 519 619
544 539 554 549 548 648
1771 2201 1781 2211 656 756
1235 1489 1245 1499 479 579
3350 1744 3360 1754 794 894
377 2467 387 2477 516 616
1948 2945 1958 2955 357 457
4621 3237 4631 3247 411 511
4937 3690 4947 3700 591 691
3167 3370 3177 3380 807 907
1488 3066 1498 3076 508 608
634 975 644 985 662 762
5248 2494 5258 2504 732 832
5383 2555 5393 2565 795 895
1895 1656 1905 1666 590 690
2200 3413 2210 3423 398 498
968 346 978 356 342 442
2515 1015 2525 1025 563 663
5611 1175 5621 1185 451 551
4963 2211 4973 2221 452 552
5548 2379 5558 2389 393 493
1051 2637 1061 2647 664 764
1103 3596 1113 3606 359 459
2852 2653 2862 2663 391 491
3846 59 3856 69 689 789
2331 866 2341 876 428 528
5337 993 5347 1003 709 809
1661 1094 1671 1104 439 539
2651 1609 2661 1619 576 676
4030 255 4040 265 678 778
3313 1429 3323 1439 437 537
3171 3777 3181 3787 438 538
2619 1469 2629 1479 490 590
2807 3075 2817 3085 764 864
3441 3716 3451 3726 523 623
1417 2760 1427 2770 700 800
5095 2674 5105 2684 373 473
2610 34 2620 44 590 690
2263 2068 2273 2078 398 498
5312 2108 5322 2118 454 554
1111 1147 1121 1157 750 850
660 2251 670 2261 505 605
2441 28 2451 38 372 472
2193 962 2203 972 747 847
3147 1242 3157 1252 731 831
5048 910 5058 920 355 455
4265 2616 4275 2626 710 810
3295 1101 3305 1111 698 798
3126 609 3136 619 694 794
2915 3928 2925 3938 738 838
265 2061 275 2071 396 496
2254 2228 2264 2238 750 850
422 1461 432 1471 550 650
3232 2594 3242 2604 771 871
1874 2675 1884 2685 513 613
2346 2614 2356 2624 607 707
2676 49 2686 59 517 617
2371 3193 2381 3203 691 791
941 1166 951 1176 678 778
4717 3560 4727 3570 793 893
2388 271 2398 281 752 852
4627 2326 4637 2336 654 754
2942 3141 2952 3151 675 775
5784 196 5794 206 343 443
2147 2169 2157 2179 638 738
4984 805 4994 815 716 816
370 2855 380 2865 465 565
759 2248 769 2258 799 899
5081 1395 5091 1405 542 642
1788 3979 1798 3989 635 735
2022 2511 2032 2521 792 892
4744 2982 4754 2992 802 902
4783 2038 4793 2048 355 455
4580 2935 4590 2945 366 466
2027 2645 2037 2655 769 869
271 2409 281 2419 527 627
679 2376 689 2386 537 637
1063 3548 1073 3558 623 723
1040 2273 1050 2283 667 767
3734 3150 3744 3160 625 725
400 512 410 522 749 849
4493 3639 4503 3649 621 721
5077 2786 5087 2796 656 756
1952 1028 1962 1038 440 540
503 3338 513 3348 409 509
452 3645 462 3655 812 912
5674 573 5684 583 340 440
3504 3767 3514 3777 680 780
3673 457 3683 467 605 705
4970 1405 4980 1415 458 558
451 3802 461 3812 695 795
4166 3929 4176 3939 629 729
4779 3349 4789 3359 577 677
5232 2826 5242 2836 803 903
5477 943 5487 953 360 460
3360 3097 3370 3107 354 454
185 2112 195 2122 688 788
3683 3219 3693 3229 462 562
5102 1537 5112 1547 615 715
3069 2452 3079 2462 803 903
3676 347 3686 357 772 872
2490 962 2500 972 575 675
2728 1673 2738 1683 529 629
1189 1380 1199 1390 652 752
304 3781 314 3791 496 596
4251 2776 4261 2786 421 521
3168 2389 3178 2399 615 715
5716 3381 5726 3391 803 903
2826 2934 2836 2944 720 820
3519 181 3529 191 695 795
5699 1411 5709 1421 541 641
5464 1619 5474 1629 520 620
1476 1217 1486 1227 515 615
2492 2228 2502 2238 697 797
4633 925 4643 935 691 791
2572 1411 2582 1421 497 597
4121 1812 4131 1822 588 688
1140 3466 1150 3476 492 592
5117 1394 5127 1404 478 578
3761 1659 3771 1669 739 839
2041 2438 2051 2448 444 544
4088 402 4098 412 354 454
257 1857 267 1867 762 862
3308 3021 3318 3031 402 502
2509 3492 2519 3502 770 870
5489 3452 5499 3462 384 484
1795 2006 1805 2016 691 791
1122 1266 1132 1276 463 563
3475 2076 3485 2086 780 880
2294 3595 2304 3605 489 589
2176 1908 2186 1918 459 559
968 1353 978 1363 574 674
1159 2893 1169 2903 595 695
5477 3447 5487 3457 566 666
1300 2782 1310 2792 802 902
593 3915 603 3925 435 535
5457 1642 5467 1652 428 528
1567 2343 1577 2353 583 683
472 3030 482 3040 338 438
694 271 704 281 702 802
4225 2229 4235 2239 454 554
4478 2332 4488 2342 752 852
5390 3814 5400 3824 423 523
4133 3901 4143 3911 450 550
1050 68 1060 78 718 818
2924 1985 2934 1995 626 726
666 2318 676 2328 811 911
3606 503 3616 513 498 598
3373 768 3383 778 721 821
2935 2981 2945 2991 667 767
2371 1583 2381 1593 740 840
5253 626 5263 636 421 521
1855 511 1865 521 608 708
4096 2332 4106 2342 772 872
3623 1129 3633 1139 575 675
794 2771 804 2781 781 881
4779 2728 4789 2738 481 581
2030 2243 2040 2253 508 608
1030 3346 1040 3356 436 536
5254 3358 5264 3368 635 735
3184 3497 3194 3507 780 880
2827 1681 2837 1691 444 544
3000 877 3010 887 340 440
1182 3979 1192 3989 653 753
2851 1697 2861 1707 658 758
5004 806 5014 816 345 445
4554 1229 4564 1239 690 790
2657 2232 2667 2242 758 858
5182 2167 5192 2177 793 893
2468 1687 2478 1697 724 824
1041 2679 1051 2689 439 539
823 1765 833 1775 533 633
4764 516 4774 526 392 492
139 367 149 377 507 607
4894 1993 4904 2003 439 539
436 2322 446 2332 569 669
1351 1726 1361 1736 784 884
322 145 332 155 456 556
4635 2075 4645 2085 774 874
2323 3528 2333 3538 543 643
5830 268 5840 278 719 819
36 1097 46 1107 602 702
3385 2650 3395 2660 679 779
238 1447 248 1457 745 845
4203 1435 4213 1445 758 858
1410 1365 1420 1375 404 504
2166 782 2176 792 532 632
1115 3265 1125 3275 405 505
2440 1462 2450 1472 523 623
5018 1946 5028 1956 583 683
3972 2470 3982 2480 406 506
2486 1779 2496 1789 434 534
3388 1553 3398 1563 628 728
5375 1056 5385 1066 512 612
120 3504 130 3514 478 578
2136 2612 2146 2622 698 798
4142 801 4152 811 777 877
3333 3291 3343 3301 519 619
1744 1954 1754 1964 343 443
3030 571 3040 581 707 807
1676 3208 1686 3218 567 667
2403 2183 2413 2193 429 529
204 877 214 887 562 662
5674 1420 5684 1430 397 497
5138 2564 5148 2574 507 607
5642 1550 5652 1560 517 617
3320 700 3330 710 733 833
5355 3354 5365 3364 428 528
407 1676 417 1686 748 848
2621 3345 2631 3355 626 726
509 3908 519 3918 745 845
2051 2870 2061 2880 386 486
5133 3707 5143 3717 768 868
3007 2700 3017 2710 801 901
1742 2911 1752 2921 673 773
1861 3398 1871 3408 476 576
4774 1535 4784 1545 531 631
364 2097 374 2107 706 806
5710 3594 5720 3604 442 542
3608 3497 3618 3507 807 907
2757 3753 2767 3763 764 864
3448 464 3458 474 711 811
187 1014 197 1024 746 846
42 2965 52 2975 534 634
2556 3382 2566 3392 399 499
5700 3392 5710 3402 737 837
5779 3231 5789 3241 478 578
4783 3699 4793 3709 465 565
2365 3335 2375 3345 478 578
5480 100 5490 110 778 878
285 2549 295 2559 453 553
5329 1154 5339 1164 612 712
1841 474 1851 484 798 898
1688 625 1698 635 354 454
4713 650 4723 660 551 651
90 1498 100 1508 751 851
1443 2344 1453 2354 585 685
5639 3125 5649 3135 777 877
1164 3968 1174 3978 612 712
3143 180 3153 190 757 857
1008 711 1018 721 695 795
2628 1488 2638 1498 685 785
542 3004 552 3014 375 475
1412 984 1422 994 599 699
2415 3733 2425 3743 389 489
3142 2189 3152 2199 560 660
1773 2978 1783 2988 700 800
932 3645 942 3655 451 551
4663 3909 4673 3919 661 761
1185 996 1195 1006 406 506
1465 3159 1475 3169 560 660
4580 3028 4590 3038 670 770
3847 1831 3857 1841 561 661
1603 1433 1613 1443 492 592
1570 3187 1580 3197 810 910
4155 2492 4165 2502 399 499
1866 1978 1876 1988 689 789
5691 1648 5701 1658 791 891
5072 447 5082 457 358 458
223 1711 233 1721 411 511
2455 786 2465 796 438 538
1921 985 1931 995 554 654
2420 321 2430 331 410 510
5171 32 5181 42 467 567
4503 1594 4513 1604 668 768
2978 53 2988 63 348 448
4365 2512 4375 2522 727 827
5805 957 5815 967 622 722
5579 889 5589 899 399 499
547 1524 557 1534 408 508
5516 1426 5526 1436 443 543
1850 1308 1860 1318 387 487
159 281 169 291 513 613
363 1350 373 1360 383 483
195 3121 205 3131 662 762
3598 2961 3608 2971 448 548
2054 3059 2064 3069 517 617
3165 26 3175 36 531 631
2034 3111 2044 3121 680 780
1172 3487 1182 3497 663 763
3915 2915 3925 2925 548 648
1596 3789 1606 3799 410 510
946 1157 956 1167 732 832
1510 839 1520 849 560 660
4891 1893 4901 1903 602 702
998 2752 1008 2762 377 477
3496 302 3506 312 678 778
2589 2126 2599 2136 576 676
1819 1891 1829 1901 450 550
4106 1658 4116 1668 725 825
1692 762 1702 772 595 695
2863 2365 2873 2375 565 665
1559 2700 1569 2710 449 549
200 2086 210 2096 574 674
5485 557 5495 567 741 841
5048 2934 5058 2944 658 758
4925 3666 4935 3676 812 912
2120 511 2130 521 492 592
3968 3172 3978 3182 534 634
4386 1416 4396 1426 377 477
241 3135 251 3145 567 667
2260 1011 2270 1021 661 761
4932 2719 4942 2729 709 809
435 3788 445 3798 409 509
794 1577 804 1587 613 713
1903 820 1913 830 619 719
3680 489 3690 499 538 638
2348 1266 2358 1276 624 724
4753 1563 4763 1573 447 547
3417 3728 3427 3738 349 449
1041 3267 1051 3277 732 832
1542 717 1552 727 703 803
2835 2245 2845 2255 411 511
3716 2640 3726 2650 580 680
1393 364 1403 374 552 652
759 1303 769 1313 446 546
2810 1839 2820 1849 779 879
3062 2276 3072 2286 534 634
4103 3976 4113 3986 684 784
1921 3226 1931 3236 460 560
2152 3298 2162 3308 655 755
2808 201 2818 211 572 672
4600 291 4610 301 695 795
1107 3891 1117 3901 807 907
2040 1115 2050 1125 594 694
3372 501 3382 511 789 889
20 2606 30 2616 431 531
2740 2352 2750 2362 727 827
1989 1013 1999 1023 474 574
3264 3376 3274 3386 750 850
3592 2111 3602 2121 567 667
4743 1118 4753 1128 558 658
3146 3022 3156 3032 572 672
3733 1796 3743 1806 576 676
4788 3607 4798 3617 422 522
1275 1287 1285 1297 459 559
4607 3637 4617 3647 419 519
3124 789 3134 799 429 529
703 1991 713 2001 778 878
568 2439 578 2449 472 572
5514 3483 5524 3493 627 727
1241 2024 1251 2034 388 488
4632 2768 4642 2778 342 442
1029 1594 1039 1604 417 517
3660 3517 3670 3527 453 553
4407 158 4417 168 516 616
5558 3179 5568 3189 717 817
413 1682 423 1692 618 718
5224 1936 5234 1946 744 844
2921 1547 2931 1557 490 590
4938 3743 4948 3753 455 555
1764 2225 1774 2235 480 580
2038 2037 2048 2047 653 753
229 3470 239 3480 526 626
1745 2435 1755 2445 420 520
2173 45 2183 55 518 618
1207 2408 1217 2418 797 897
2546 1770 2556 1780 470 570
4628 2861 4638 2871 659 759
5763 1940 5773 1950 622 722
4913 770 4923 780 698 798
1991 3076 2001 3086 639 739
1739 3609 1749 3619 593 693
1474 1399 1484 1409 392 492
627 3848 637 3858 604 704
3987 2590 3997 2600 361 461
1166 2141 1176 2151 739 839
452 533 462 543 717 817
4969 2547 4979 2557 462 562
5289 3805 5299 3815 744 844
4130 2757 4140 2767 341 441
2705 1271 2715 1281 351 451
4406 2985 4416 2995 494 594
52 310 62 320 555 655
3863 2820 3873 2830 688 788
4159 2061 4169 2071 458 558
5346 3796 5356 3806 522 622
1321 845 1331 855 782 882
5688 496 5698 506 493 593
2498 2307 2508 2317 464 564
2032 3835 2042 3845 445 545
5549 841 5559 851 407 507
1000 1155 1010 1165 419 519
5764 446 5774 456 469 569
4730 2184 4740 2194 523 623
1170 3200 1180 3210 738 838
3090 1162 3100 1172 746 846
3715 92 3725 102 454 554
1910 146 1920 156 548 648
3833 3422 3843 3432 650 750
1434 2265 1444 2275 643 743
5459 3049 5469 3059 337 437
404 107 414 117 511 611
3352 3416 3362 3426 393 493
4115 24 4125 34 515 615
4850 998 4860 1008 593 693
2183 948 2193 958 727 827
4640 2014 4650 2024 618 718
1012 2353 1022 2363 722 822
2099 521 2109 531 611 711
5208 323 5218 333 546 646
4336 3754 4346 3764 678 778
4339 2489 4349 2499 396 496
3792 3503 3802 3513 739 839
2125 2354 2135 2364 567 667
5353 247 5363 257 561 661
3821 3235 3831 3245 439 539
2875 2378 2885 2388 716 816
157 2514 167 2524 554 654
2884 2523 2894 2533 364 464
1891 3951 1901 3961 421 521
2891 2649 2901 2659 686 786
5602 1837 5612 1847 751 851
5194 291 5204 301 626 726
1600 3301 1610 3311 369 469
1079 3454 1089 3464 716 816
1122 1574 1132 1584 490 590
2667 2814 2677 2824 651 751
1449 3277 1459 3287 362 462
5207 2345 5217 2355 641 741
3963 1827 3973 1837 370 470
2830 3988 2840 3998 808 908
5116 755 5126 765 524 624
1716 982 1726 992 573 673
1190 3329 1200 3339 460 560
3974 3831 3984 3841 765 865
3256 1108 3266 1118 388 488
4899 1713 4909 1723 525 625
5561 2056 5571 2066 429 529
2576 2113 2586 2123 560 660
3251 2404 3261 2414 641 741
1133 876 1143 886 807 907
2709 2897 2719 2907 371 471
2187 2975 2197 2985 750 850
3358 2236 3368 2246 511 611
2517 1420 2527 1430 361 461
2866 2388 2876 2398 377 477
3924 2007 3934 2017 661 761
2735 279 2745 289 639 739
1609 3708 1619 3718 453 553
1277 468 1287 478 609 709
5161 2492 5171 2502 640 740
4488 2070 4498 2080 492 592
2711 3417 2721 3427 506 606
1344 2070 1354 2080 493 593
3517 2944 3527 2954 742 842
797 3888 807 3898 347 447
1668 2485 1678 2495 746 846
1436 787 1446 797 417 517
3079 3684 3089 3694 744 844
2295 3925 2305 3935 600 700
3045 3338 3055 3348 750 850
179 2771 189 2781 785 885
4643 1364 4653 1374 416 516
4340 3329 4350 3339 684 784
4141 2398 4151 2408 760 860
660 1639 670 1649 593 693
2361 2161 2371 2171 639 739
952 3300 962 3310 533 633
5676 1508 5686 1518 369 469
5294 2125 5304 2135 370 470
908 1950 918 1960 767 867
1631 1860 1641 1870 524 624
2192 1612 2202 1622 557 657
2627 191 2637 201 399 499
4142 1446 4152 1456 552 652
1894 1194 1904 1204 490 590
3959 3437 3969 3447 804 904
4750 3815 4760 3825 792 892
2699 1843 2709 1853 680 780
3719 3606 3729 3616 512 612
2633 828 2643 838 560 660
922 1606 932 1616 577 677
4605 790 4615 800 717 817
4730 2650 4740 2660 674 774
2642 1274 2652 1284 529 629
1858 1221 1868 1231 687 787
1024 773 1034 783 609 709
5489 1654 5499 1664 628 728
5027 660 5037 670 497 597
2716 3088 2726 3098 401 501
2382 3268 2392 3278 678 778
1238 3775 1248 3785 712 812
3143 3390 3153 3400 476 576
1079 1100 1089 1110 526 626
4595 2611 4605 2621 583 683
2491 1576 2501 1586 669 769
4937 2012 4947 2022 488 588
2632 2088 2642 2098 342 442
210 2729 220 2739 429 529
3345 3066 3355 3076 632 732
3520 3609 3530 3619 582 682
1643 3932 1653 3942 561 661
5175 3518 5185 3528 756 856
2497 1604 2507 1614 509 609
5747 3984 5757 3994 686 786
3724 2510 3734 2520 476 576
3532 3981 3542 3991 581 681
1770 3853 1780 3863 368 468
4718 1186 4728 1196 440 540
5564 2577 5574 2587 440 540
3725 2889 3735 2899 619 719
1834 2186 1844 2196 575 675
814 2837 824 2847 622 722
3118 2494 3128 2504 442 542
3343 2192 3353 2202 371 471
452 2443 462 2453 601 701
3663 477 3673 487 382 482
2337 2672 2347 2682 461 561
5645 325 5655 335 728 828
1121 3690 1131 3700 570 670
5293 2270 5303 2280 751 851
4581 2559 4591 2569 509 609
221 1966 231 1976 771 871
1189 653 1199 663 648 748
2733 572 2743 582 807 907
5147 1105 5157 1115 392 492
1410 690 1420 700 763 863
139 3716 149 3726 492 592
3968 1911 3978 1921 687 787
1443 1997 1453 2007 740 840
5422 3049 5432 3059 469 569
4083 3921 4093 3931 597 697
2749 2940 2759 2950 797 897
4445 486 4455 496 533 633
3685 2915 3695 2925 382 482
2538 3091 2548 3101 692 792
2575 1910 2585 1920 574 674
5179 3354 5189 3364 751 851
457 153 467 163 628 728
4790 3852 4800 3862 382 482
418 1066 428 1076 447 547
4259 287 4269 297 701 801
4955 1326 4965 1336 429 529
1169 1414 1179 1424 722 822
5531 2282 5541 2292 658 758
3891 2132 3901 2142 419 519
382 1030 392 1040 449 549
2346 3443 2356 3453 466 566
4139 71 4149 81 519 619
5575 72 5585 82 523 623
1945 1531 1955 1541 563 663
2222 351 2232 361 725 825
3005 705 3015 715 556 656
4516 569 4526 579 563 663
2112 3823 2122 3833 581 681
2208 3822 2218 3832 455 555
4120 2521 4130 2531 793 893
4955 611 4965 621 589 689
1173 1808 1183 1818 402 502
422 1655 432 1665 508 608
5674 3765 5684 3775 759 859
4860 3203 4870 3213 407 507
4213 1515 4223 1525 594 694
4332 3254 4342 3264 347 447
1680 924 1690 934 744 844
2093 1433 2103 1443 473 573
3808 3117 3818 3127 768 868
2040 3896 2050 3906 510 610
1346 1519 1356 1529 442 542
2183 3358 2193 3368 781 881
3510 1292 3520 1302 692 792
3595 379 3605 389 541 641
4545 143 4555 153 363 463
3955 2673 3965 2683 578 678
4525 2252 4535 2262 544 644
3803 1926 3813 1936 582 682
2001 2300 2011 2310 701 801
3181 3555 3191 3565 536 636
5387 2001 5397 2011 693 793
3247 1702 3257 1712 400 500
185 1114 195 1124 649 749
3979 1007 3989 1017 384 484
886 118 896 128 395 495
1894 767 1904 777 352 452
5066 3522 5076 3532 479 579
3003 234 3013 244 545 645
3124 330 3134 340 593 693
3716 3954 3726 3964 602 702
225 2121 235 2131 751 851
1182 3858 1192 3868 628 728
1180 1224 1190 1234 658 758
3741 1213 3751 1223 531 631
5743 1423 5753 1433 574 674
1889 992 1899 1002 639 739
1720 1560 1730 1570 738 838
5386 1675 5396 1685 727 827
2697 392 2707 402 742 842
5443 828 5453 838 663 763
4004 2889 4014 2899 737 837
1254 3340 1264 3350 518 618
5208 2310 5218 2320 779 879
5563 329 5573 339 519 619
3764 153 3774 163 418 518
676 3541 686 3551 356 456
1782 1192 1792 1202 572 672
2098 964 2108 974 395 495
1123 792 1133 802 801 901
860 599 870 609 798 898
808 1564 818 1574 437 537
2054 83 2064 93 701 801
2012 1086 2022 1096 402 502
4549 1697 4559 1707 552 652
5662 2922 5672 2932 573 673
405 2504 415 2514 523 623
2334 2824 2344 2834 344 444
4854 3412 4864 3422 581 681
4515 511 4525 521 562 662
761 2434 771 2444 395 495
3140 2776 3150 2786 346 446
3894 2043 3904 2053 351 451
4206 3330 4216 3340 555 655
5256 2258 5266 2268 800 900
652 890 662 900 805 905
4119 3027 4129 3037 733 833
55 3293 65 3303 811 911
1218 873 1228 883 488 588
5636 1431 5646 1441 631 731
40 607 50 617 470 570
1537 3982 1547 3992 478 578
318 1710 328 1720 358 458
3467 1122 3477 1132 439 539
4530 2151 4540 2161 539 639
1090 3512 1100 3522 362 462
590 2981 600 2991 393 493
26 109 36 119 725 825
4862 79 4872 89 491 591
3381 1477 3391 1487 778 878
2539 3481 2549 3491 471 571
1045 3552 1055 3562 433 533
5537 3253 5547 3263 436 536
4258 2668 4268 2678 622 722
5050 2120 5060 2130 727 827
4481 79 4491 89 744 844
2382 2695 2392 2705 580 680
4989 2114 4999 2124 676 776
4503 1159 4513 1169 564 664
2100 3242 2110 3252 561 661
143 131 153 141 745 845
5225 627 5235 637 697 797
2993 2752 3003 2762 427 527
1021 568 1031 578 352 452
3515 3773 3525 3783 764 864
4069 1889 4079 1899 548 648
1184 1411 1194 1421 648 748
4810 3752 4820 3762 508 608
3341 1847 3351 1857 527 627
1675 2173 1685 2183 454 554
5448 3785 5458 3795 509 609
3039 3299 3049 3309 752 852
1193 2320 1203 2330 773 873
2381 2558 2391 2568 594 694
2086 1144 2096 1154 793 893
4840 3457 4850 3467 472 572
71 3413 81 3423 608 708
1559 3230 1569 3240 782 882
5651 642 5661 652 755 855
3396 2094 3406 2104 354 454
1855 2697 1865 2707 752 852
3569 3554 3579 3564 652 752
3750 1849 3760 1859 627 727
1484 3213 1494 3223 776 876
3180 3183 3190 3193 356 456
74 650 84 660 637 737
4629 2914 4639 2924 669 769
3264 697 3274 707 547 647
968 3332 978 3342 685 785
92 768 102 778 610 710
4889 1090 4899 1100 694 794
5367 1200 5377 1210 647 747
5224 962 5234 972 352 452
3149 3130 3159 3140 377 477
165 1903 175 1913 662 762
5616 2669 5626 2679 682 782
1778 949 1788 959 500 600
3646 533 3656 543 500 600
2219 418 2229 428 707 807
838 2451 848 2461 355 455
4859 3201 4869 3211 591 691
4387 936 4397 946 558 658
3992 3708 4002 3718 598 698
2715 2715 2725 2725 596 696
5088 1279 5098 1289 810 910
3066 3772 3076 3782 594 694
3639 63 3649 73 560 660
2576 784 2586 794 503 603
1437 3562 1447 3572 719 819
42 292 52 302 673 773
5466 3429 5476 3439 382 482
2072 1320 2082 1330 666 766
5091 746 5101 756 408 508
2309 1943 2319 1953 779 879
5345 3370 5355 3380 787 887
5093 2606 5103 2616 379 479
100 3529 110 3539 660 760
2354 3449 2364 3459 606 706
5609 3913 5619 3923 427 527
4380 1036 4390 1046 801 901
3061 428 3071 438 644 744
2240 3942 2250 3952 715 815
5133 42 5143 52 775 875
1622 50 1632 60 362 462
4368 727 4378 737 470 570
5553 1599 5563 1609 471 571
2812 3722 2822 3732 635 735
74 914 84 924 576 676
2514 76 2524 86 382 482
2842 3240 2852 3250 423 523
3424 2499 3434 2509 719 819
5439 3430 5449 3440 420 520
5294 3831 5304 3841 448 548
1148 189 1158 199 363 463
5229 2440 5239 2450 500 600
5131 3881 5141 3891 781 881
1769 1916 1779 1926 510 610
4614 2976 4624 2986 789 889
4580 715 4590 725 355 455
4634 3448 4644 3458 394 494
1137 346 1147 356 438 538
3235 3583 3245 3593 383 483
1339 3358 1349 3368 558 658
5749 1180 5759 1190 558 658
3431 3833 3441 3843 751 851
5563 1101 5573 1111 632 732
1273 3572 1283 3582 648 748
4474 2041 4484 2051 643 743
1557 718 1567 728 411 511
3962 2755 3972 2765 773 873
2255 1206 2265 1216 508 608
1649 491 1659 501 581 681
3762 2174 3772 2184 490 590
4218 3922 4228 3932 601 701
4638 1794 4648 1804 461 561
2937 3735 2947 3745 533 633
989 1749 999 1759 622 722
5286 2786 5296 2796 401 501
2088 3771 2098 3781 587 687
5572 788 5582 798 674 774
4767 1069 4777 1079 747 847
946 745 956 755 639 739
1699 869 1709 879 506 606
4339 3659 4349 3669 714 814
2032 559 2042 569 337 437
7 1992 17 2002 565 665
4924 1479 4934 1489 741 841
3211 2552 3221 2562 487 587
1010 205 1020 215 806 906
5054 3135 5064 3145 615 715
333 440 343 450 374 474
3325 448 3335 458 809 909
4075 375 4085 385 790 890
1771 3578 1781 3588 613 713
1541 880 1551 890 350 450
1607 1717 1617 1727 491 591
1079 1587 1089 1597 779 879
1230 3298 1240 3308 497 597
2855 3286 2865 3296 430 530
1057 1508 1067 1518 650 750
5631 718 5641 728 567 667
5017 3737 5027 3747 679 779
4546 697 4556 707 426 526
2148 3368 2158 3378 363 463
2041 3701 2051 3711 680 780
882 1111 892 1121 622 722
5288 3326 5298 3336 640 740
907 120 917 130 689 789
384 3877 394 3887 686 786
3656 2404 3666 2414 807 907
4634 479 4644 489 436 536
103 785 113 795 534 634
2670 77 2680 87 375 475
222 2452 232 2462 457 557
5080 360 5090 370 755 855
1785 1578 1795 1588 643 743
3534 2495 3544 2505 423 523
3590 3826 3600 3836 755 855
5164 2519 5174 2529 506 606
1284 3621 1294 3631 399 499
2837 3050 2847 3060 788 888
2172 482 2182 492 682 782
465 1120 475 1130 480 580
1789 585 1799 595 560 660
4237 2455 4247 2465 723 823
2897 1243 2907 1253 430 530
1528 2657 1538 2667 386 486
4888 1916 4898 1926 483 583
396 704 406 714 733 833
2569 3159 2579 3169 497 597
4481 3569 4491 3579 747 847
1632 275 1642 285 355 455
4869 243 4879 253 618 718
1245 2556 1255 2566 597 697
2420 222 2430 232 392 492
302 935 312 945 675 775
76 3428 86 3438 779 879
2727 3045 2737 3055 528 628
3333 1522 3343 1532 679 779
125 358 135 368 625 725
2592 2720 2602 2730 764 864
1555 1957 1565 1967 718 818
797 3608 807 3618 611 711
5139 1383 5149 1393 480 580
990 3338 1000 3348 373 473
1413 1853 1423 1863 560 660
1739 119 1749 129 540 640
5502 3008 5512 3018 729 829
4631 3988 4641 3998 517 617
2139 824 2149 834 551 651
5140 3504 5150 3514 416 516
4811 3107 4821 3117 490 590
4852 3341 4862 3351 640 740
4199 2951 4209 2961 460 560
341 906 351 916 575 675
3345 2891 3355 2901 417 517
4447 2167 4457 2177 557 657
3024 629 3034 639 567 667
3964 1806 3974 1816 446 546
3985 799 3995 809 663 763
3503 4 3513 14 352 452
2699 3752 2709 3762 803 903
1676 1197 1686 1207 602 702
1000 564 1010 574 507 607
1917 2796 1927 2806 779 879
4696 3361 4706 3371 445 545
130 1580 140 1590 722 822
1484 881 1494 891 549 649
1976 1170 1986 1180 593 693
2788 740 2798 750 719 819
4044 3177 4054 3187 740 840
4036 3221 4046 3231 457 557
639 451 649 461 400 500
4162 2467 4172 2477 769 869
99 293 109 303 753 853
5406 1258 5416 1268 719 819
3381 848 3391 858 485 585
3744 796 3754 806 585 685
4016 1732 4026 1742 529 629
2997 2041 3007 2051 425 525
676 1784 686 1794 487 587
2193 2850 2203 2860 721 821
4377 3594 4387 3604 728 828
418 3365 428 3375 812 912
4027 1123 4037 1133 619 719
202 1767 212 1777 642 742
5479 1819 5489 1829 632 732
982 3447 992 3457 663 763
5077 2526 5087 2536 487 587
4234 1625 4244 1635 690 790
289 2396 299 2406 646 746
2575 1613 2585 1623 698 798
2130 3881 2140 3891 506 606
2159 2413 2169 2423 591 691
1511 1766 1521 1776 794 894
2103 2359 2113 2369 530 630
649 2800 659 2810 786 886
5262 1440 5272 1450 517 617
3613 13 3623 23 486 586
1359 452 1369 462 727 827
5589 2733 5599 2743 413 513
82 2052 92 2062 606 706
4838 3244 4848 3254 620 720
854 2769 864 2779 517 617
1801 717 1811 727 655 755
5629 1372 5639 1382 498 598
2402 2001 2412 2011 352 452
5012 1077 5022 1087 367 467
5541 2622 5551 2632 717 817
2174 2765 2184 2775 713 813
1589 1170 1599 1180 445 545
4461 3612 4471 3622 392 492
2852 206 2862 216 461 561
5441 3290 5451 3300 492 592
363 1879 373 1889 483 583
5457 326 5467 336 716 816
3432 1159 3442 1169 468 568
1298 1445 1308 1455 438 538
2187 2252 2197 2262 548 648
1043 3731 1053 3741 471 571
4253 1901 4263 1911 414 514
442 2386 452 2396 684 784
5378 2810 5388 2820 690 790
16 684 26 694 526 626
3388 800 3398 810 447 547
3812 170 3822 180 359 459
2771 3531 2781 3541 456 556
3064 1709 3074 1719 710 810
1972 3364 1982 3374 749 849
957 2904 967 2914 722 822
