100
2456 3688 2506 3738 519 719
95 3545 145 3595 519 719
5720 1535 5770 1585 519 719
1786 2185 1836 2235 519 719
186 2694 236 2744 519 719
2926 2229 2976 2279 519 719
856 1460 906 1510 519 719
1332 3575 1382 3625 519 719
4123 2562 4173 2612 519 719
5441 3077 5491 3127 519 719
639 2800 689 2850 519 719
4766 3934 4816 3984 519 719
2807 1712 2857 1762 519 719
5602 3890 5652 3940 519 719
1774 1605 1824 1655 519 719
1808 2526 1858 2576 519 719
4987 2527 5037 2577 519 719
1889 2169 1939 2219 519 719
3219 56 3269 106 519 719
2017 3482 2067 3532 519 719
265 653 315 703 519 719
526 706 576 756 519 719
2241 3262 2291 3312 519 719
4399 899 4449 949 519 719
3038 501 3088 551 519 719
5105 2344 5155 2394 519 719
4497 3112 4547 3162 519 719
4226 2748 4276 2798 519 719
2875 3445 2925 3495 519 719
4700 3129 4750 3179 519 719
626 1463 676 1513 519 719
434 735 484 785 519 719
5758 2687 5808 2737 519 719
2086 3534 2136 3584 519 719
4673 2169 4723 2219 519 719
5264 404 5314 454 519 719
1928 3687 1978 3737 519 719
4733 416 4783 466 519 719
531 303 581 353 519 719
3416 351 3466 401 519 719
273 772 323 822 519 719
4592 2968 4642 3018 519 719
4157 502 4207 552 519 719
493 3620 543 3670 519 719
5738 3315 5788 3365 519 719
4563 3340 4613 3390 519 719
4584 3365 4634 3415 519 719
3533 299 3583 349 519 719
204 2459 254 2509 519 719
619 3706 669 3756 519 719
1277 1809 1327 1859 519 719
4024 2931 4074 2981 519 719
4555 132 4605 182 519 719
4722 3406 4772 3456 519 719
4982 3524 5032 3574 519 719
1538 670 1588 720 519 719
3751 795 3801 845 519 719
4235 3092 4285 3142 519 719
713 885 763 935 519 719
2032 156 2082 206 519 719
1476 3853 1526 3903 519 719
4371 508 4421 558 519 719
3149 2483 3199 2533 519 719
2166 279 2216 329 519 719
5079 3502 5129 3552 519 719
2439 1100 2489 1150 519 719
1550 3575 1600 3625 519 719
5581 1199 5631 1249 519 719
985 2289 1035 2339 519 719
2748 3573 2798 3623 519 719
5533 2704 5583 2754 519 719
4105 1070 4155 1120 519 719
1972 3363 2022 3413 519 719
4284 277 4334 327 519 719
4623 1835 4673 1885 519 719
2019 3928 2069 3978 519 719
4 2792 54 2842 519 719
2388 484 2438 534 519 719
1386 155 1436 205 519 719
5179 1748 5229 1798 519 719
222 228 272 278 519 719
3049 3311 3099 3361 519 719
5636 1791 5686 1841 519 719
5224 2991 5274 3041 519 719
234 644 284 694 519 719
4144 854 4194 904 519 719
3814 2337 3864 2387 519 719
3470 2328 3520 2378 519 719
2353 1567 2403 1617 519 719
2681 908 2731 958 519 719
1162 2470 1212 2520 519 719
4631 50 4681 100 519 719
3973 803 4023 853 519 719
1665 1498 1715 1548 519 719
4455 159 4505 209 519 719
3379 3478 3429 3528 519 719
1553 1006 1603 1056 519 719
3796 3053 3846 3103 519 719
2151 2829 2201 2879 519 719
903 1788 953 1838 519 719
