100
229 3837 329 3937 347 397
3334 3289 3434 3389 347 397
5400 3229 5500 3329 347 397
3732 3096 3832 3196 347 397
705 950 805 1050 347 397
2532 2918 2632 3018 347 397
4015 2864 4115 2964 347 397
4836 1383 4936 1483 347 397
1235 660 1335 760 347 397
1410 508 1510 608 347 397
1919 3856 2019 3956 347 397
3630 916 3730 1016 347 397
2001 2595 2101 2695 347 397
2708 206 2808 306 347 397
3789 2018 3889 2118 347 397
3677 2096 3777 2196 347 397
4152 3314 4252 3414 347 397
5526 1866 5626 1966 347 397
3498 1450 3598 1550 347 397
2566 4 2666 104 347 397
3058 421 3158 521 347 397
3533 1492 3633 1592 347 397
3659 1066 3759 1166 347 397
1914 1621 2014 1721 347 397
632 212 732 312 347 397
3229 2088 3329 2188 347 397
4524 3074 4624 3174 347 397
2308 2966 2408 3066 347 397
110 3081 210 3181 347 397
0 2068 100 2168 347 397
112 1685 212 1785 347 397
2730 500 2830 600 347 397
865 343 965 443 347 397
3441 1087 3541 1187 347 397
846 775 946 875 347 397
3378 1540 3478 1640 347 397
729 2609 829 2709 347 397
601 1828 701 1928 347 397
4906 3254 5006 3354 347 397
4094 95 4194 195 347 397
652 2926 752 3026 347 397
2348 2230 2448 2330 347 397
3254 2535 3354 2635 347 397
1325 1215 1425 1315 347 397
5038 1815 5138 1915 347 397
2077 261 2177 361 347 397
367 2141 467 2241 347 397
5334 1945 5434 2045 347 397
2135 1722 2235 1822 347 397
407 1624 507 1724 347 397
4407 2719 4507 2819 347 397
2250 1041 2350 1141 347 397
5510 3543 5610 3643 347 397
4890 3697 4990 3797 347 397
179 3666 279 3766 347 397
4472 3711 4572 3811 347 397
5379 3322 5479 3422 347 397
1372 2138 1472 2238 347 397
1101 3335 1201 3435 347 397
1070 1019 1170 1119 347 397
4576 1330 4676 1430 347 397
1468 2097 1568 2197 347 397
2766 636 2866 736 347 397
1541 650 1641 750 347 397
4648 3017 4748 3117 347 397
2695 2203 2795 2303 347 397
1099 133 1199 233 347 397
3816 1857 3916 1957 347 397
2609 3462 2709 3562 347 397
355 1267 455 1367 347 397
1573 139 1673 239 347 397
5278 3266 5378 3366 347 397
1825 464 1925 564 347 397
5211 2765 5311 2865 347 397
4160 798 4260 898 347 397
4431 3645 4531 3745 347 397
4793 3659 4893 3759 347 397
3856 293 3956 393 347 397
1772 1826 1872 1926 347 397
1532 1348 1632 1448 347 397
2711 3061 2811 3161 347 397
5100 125 5200 225 347 397
3986 242 4086 342 347 397
5232 1564 5332 1664 347 397
1505 3479 1605 3579 347 397
5302 378 5402 478 347 397
39 2504 139 2604 347 397
209 527 309 627 347 397
8 3742 108 3842 347 397
5343 1463 5443 1563 347 397
772 1771 872 1871 347 397
2528 114 2628 214 347 397
4745 1643 4845 1743 347 397
2195 1767 2295 1867 347 397
1406 3847 1506 3947 347 397
2563 512 2663 612 347 397
2768 112 2868 212 347 397
2739 3548 2839 3648 347 397
463 1215 563 1315 347 397
3526 1406 3626 1506 347 397
