20
3046 1857 3056 1867 337 914
852 2354 862 2364 337 914
1413 1396 1423 1406 337 914
4304 923 4314 933 337 914
5756 1705 5766 1715 337 914
2586 271 2596 281 337 914
5432 810 5442 820 337 914
2465 3461 2475 3471 337 914
2839 136 2849 146 337 914
4481 2831 4491 2841 337 914
2900 1445 2910 1455 337 914
4883 1103 4893 1113 337 914
3657 420 3667 430 337 914
5773 3404 5783 3414 337 914
1753 3458 1763 3468 337 914
5451 119 5461 129 337 914
2326 1172 2336 1182 337 914
2859 746 2869 756 337 914
3903 2883 3913 2893 337 914
667 313 677 323 337 914
