1000
1957 2626 2057 2726 452 652
3627 2064 3727 2164 558 758
1488 857 1588 957 493 693
1364 2301 1464 2401 514 714
1417 2520 1517 2620 549 749
5409 383 5509 483 488 688
3606 1595 3706 1695 623 823
4936 2930 5036 3030 525 725
5298 1116 5398 1216 598 798
2889 483 2989 583 510 710
5429 236 5529 336 564 764
4855 3476 4955 3576 593 793
5016 2315 5116 2415 449 649
1651 230 1751 330 429 629
2760 999 2860 1099 418 618
3121 3300 3221 3400 347 547
2064 2081 2164 2181 425 625
1273 2972 1373 3072 400 600
2514 1440 2614 1540 372 572
3082 3753 3182 3853 495 695
4812 2447 4912 2547 625 825
4606 3185 4706 3285 393 593
3617 2363 3717 2463 344 544
602 3125 702 3225 518 718
1770 412 1870 512 710 910
2763 794 2863 894 478 678
3619 604 3719 704 685 885
502 192 602 292 364 564
5651 2475 5751 2575 698 898
5416 583 5516 683 568 768
4080 2900 4180 3000 710 910
4153 194 4253 294 450 650
3523 3736 3623 3836 385 585
4230 1276 4330 1376 671 871
1345 1668 1445 1768 695 895
3685 879 3785 979 632 832
4071 540 4171 640 669 869
921 998 1021 1098 641 841
277 2530 377 2630 360 560
1144 3599 1244 3699 427 627
2329 2192 2429 2292 637 837
3519 2289 3619 2389 426 626
3276 970 3376 1070 429 629
1981 393 2081 493 379 579
1287 3441 1387 3541 710 910
3953 658 4053 758 712 912
2172 493 2272 593 432 632
3196 1126 3296 1226 712 912
3112 224 3212 324 410 610
5539 631 5639 731 352 552
972 2201 1072 2301 696 896
1623 2075 1723 2175 562 762
5252 3438 5352 3538 384 584
5100 3505 5200 3605 508 708
1768 2747 1868 2847 703 903
2769 2825 2869 2925 623 823
488 3285 588 3385 374 574
3181 2078 3281 2178 605 805
1525 645 1625 745 628 828
620 1461 720 1561 389 589
5327 2456 5427 2556 459 659
4164 2630 4264 2730 422 622
730 3424 830 3524 389 589
4842 3427 4942 3527 410 610
3508 1262 3608 1362 404 604
4367 3745 4467 3845 656 856
174 1300 274 1400 367 567
188 1022 288 1122 586 786
696 1256 796 1356 486 686
869 3126 969 3226 395 595
3511 2429 3611 2529 475 675
4656 1358 4756 1458 540 740
2635 797 2735 897 375 575
725 469 825 569 375 575
1460 2014 1560 2114 547 747
5574 2321 5674 2421 509 709
903 800 1003 900 600 800
5736 441 5836 541 538 738
1412 2369 1512 2469 663 863
2524 256 2624 356 670 870
3682 1286 3782 1386 501 701
671 2355 771 2455 552 752
5490 389 5590 489 599 799
2087 1324 2187 1424 687 887
749 861 849 961 575 775
4351 1749 4451 1849 592 792
3627 2910 3727 3010 683 883
5359 1077 5459 1177 436 636
1800 980 1900 1080 495 695
769 1860 869 1960 397 597
2333 1277 2433 1377 572 772
1444 1689 1544 1789 691 891
1712 3071 1812 3171 499 699
4973 3700 5073 3800 389 589
4036 1697 4136 1797 470 670
2408 2225 2508 2325 358 558
5562 2475 5662 2575 373 573
1638 1095 1738 1195 508 708
3412 511 3512 611 671 871
652 1824 752 1924 598 798
4602 1761 4702 1861 650 850
3211 2596 3311 2696 588 788
27 3191 127 3291 653 853
4534 2939 4634 3039 395 595
787 2308 887 2408 642 842
1176 660 1276 760 475 675
1451 2969 1551 3069 367 567
1964 3483 2064 3583 620 820
3263 1236 3363 1336 680 880
1572 3748 1672 3848 459 659
5709 977 5809 1077 668 868
2687 1853 2787 1953 680 880
4105 929 4205 1029 709 909
4526 2497 4626 2597 642 842
849 77 949 177 377 577
116 2334 216 2434 530 730
384 1810 484 1910 602 802
93 166 193 266 488 688
4602 2382 4702 2482 702 902
4783 2882 4883 2982 611 811
1404 875 1504 975 651 851
3647 1538 3747 1638 682 882
368 6 468 106 607 807
125 3253 225 3353 589 789
1598 622 1698 722 339 539
4188 2861 4288 2961 707 907
4009 1740 4109 1840 548 748
882 2389 982 2489 614 814
2741 595 2841 695 359 559
2068 3425 2168 3525 458 658
5256 3496 5356 3596 344 544
239 2568 339 2668 366 566
1708 586 1808 686 362 562
3951 3394 4051 3494 611 811
1126 3476 1226 3576 381 581
4397 2983 4497 3083 391 591
5116 79 5216 179 365 565
4182 2883 4282 2983 711 911
4665 521 4765 621 580 780
4089 3280 4189 3380 618 818
4578 552 4678 652 683 883
913 3770 1013 3870 617 817
2075 2927 2175 3027 423 623
134 356 234 456 475 675
5359 2300 5459 2400 662 862
1927 1190 2027 1290 612 812
1438 452 1538 552 516 716
4828 648 4928 748 604 804
156 1944 256 2044 649 849
4059 169 4159 269 603 803
4651 3354 4751 3454 400 600
3336 2076 3436 2176 354 554
4868 1617 4968 1717 361 561
2767 3389 2867 3489 690 890
4005 189 4105 289 425 625
3887 2937 3987 3037 700 900
1966 2792 2066 2892 340 540
1697 1494 1797 1594 687 887
3963 2680 4063 2780 473 673
23 3045 123 3145 438 638
4533 3360 4633 3460 362 562
4420 569 4520 669 520 720
1583 1140 1683 1240 636 836
2365 3007 2465 3107 700 900
895 514 995 614 571 771
2933 3536 3033 3636 634 834
2502 2104 2602 2204 603 803
5269 1447 5369 1547 434 634
3936 1795 4036 1895 573 773
3167 1173 3267 1273 400 600
1863 51 1963 151 609 809
4603 3039 4703 3139 378 578
1371 3297 1471 3397 365 565
5723 1254 5823 1354 582 782
1124 2417 1224 2517 450 650
3862 1284 3962 1384 598 798
5488 1540 5588 1640 583 783
1700 2389 1800 2489 511 711
3620 3075 3720 3175 649 849
5109 3046 5209 3146 518 718
5039 1067 5139 1167 347 547
2320 1739 2420 1839 576 776
843 1991 943 2091 431 631
4921 2035 5021 2135 691 891
1206 111 1306 211 504 704
4631 2805 4731 2905 408 608
2967 104 3067 204 694 894
3921 1196 4021 1296 611 811
2896 2428 2996 2528 510 710
4961 1174 5061 1274 489 689
3845 479 3945 579 651 851
5187 3704 5287 3804 569 769
1372 3458 1472 3558 463 663
832 3534 932 3634 634 834
190 386 290 486 652 852
894 2330 994 2430 339 539
5326 1199 5426 1299 404 604
422 1593 522 1693 664 864
1829 2306 1929 2406 499 699
2554 3885 2654 3985 447 647
575 2197 675 2297 610 810
2944 3847 3044 3947 467 667
3335 1420 3435 1520 438 638
3673 708 3773 808 514 714
3940 470 4040 570 601 801
5259 1718 5359 1818 700 900
563 3084 663 3184 394 594
1636 2207 1736 2307 607 807
4436 70 4536 170 421 621
2207 1155 2307 1255 412 612
5247 549 5347 649 460 660
1925 724 2025 824 462 662
301 2015 401 2115 356 556
2879 2511 2979 2611 538 738
2544 3001 2644 3101 609 809
1055 943 1155 1043 699 899
3597 3044 3697 3144 539 739
2208 2853 2308 2953 377 577
808 2815 908 2915 523 723
2293 2705 2393 2805 396 596
696 2451 796 2551 490 690
415 3779 515 3879 363 563
5530 3839 5630 3939 589 789
1297 2189 1397 2289 539 739
583 3611 683 3711 510 710
3025 1938 3125 2038 405 605
3776 904 3876 1004 601 801
4081 1553 4181 1653 376 576
3256 1577 3356 1677 471 671
4237 3283 4337 3383 634 834
3283 2753 3383 2853 599 799
2075 781 2175 881 601 801
3558 1214 3658 1314 357 557
5326 1571 5426 1671 648 848
124 2560 224 2660 596 796
3926 1998 4026 2098 352 552
3662 2852 3762 2952 695 895
1556 1651 1656 1751 514 714
3877 3257 3977 3357 455 655
4687 3681 4787 3781 604 804
451 1583 551 1683 621 821
2711 1256 2811 1356 592 792
1357 2178 1457 2278 644 844
2984 1056 3084 1156 417 617
5284 1808 5384 1908 454 654
4507 3377 4607 3477 611 811
2813 2963 2913 3063 535 735
3801 799 3901 899 427 627
3938 1143 4038 1243 630 830
4584 2753 4684 2853 577 777
2845 1937 2945 2037 704 904
5711 989 5811 1089 373 573
2116 1192 2216 1292 705 905
3884 3733 3984 3833 480 680
829 1593 929 1693 580 780
5016 3691 5116 3791 426 626
2801 105 2901 205 461 661
4254 2193 4354 2293 537 737
1975 2303 2075 2403 693 893
4960 3417 5060 3517 650 850
1331 3512 1431 3612 364 564
110 1441 210 1541 439 639
3374 3133 3474 3233 383 583
3199 2002 3299 2102 558 758
277 867 377 967 483 683
472 3537 572 3637 417 617
1969 306 2069 406 340 540
2691 1830 2791 1930 609 809
5298 3205 5398 3305 573 773
1634 1134 1734 1234 389 589
3233 3200 3333 3300 662 862
4251 3184 4351 3284 584 784
2211 3589 2311 3689 372 572
4765 41 4865 141 710 910
2862 1397 2962 1497 512 712
2893 1664 2993 1764 647 847
3070 1566 3170 1666 600 800
1572 1414 1672 1514 606 806
2200 759 2300 859 680 880
2599 3239 2699 3339 362 562
3271 2559 3371 2659 609 809
766 3152 866 3252 659 859
796 859 896 959 510 710
1395 772 1495 872 493 693
707 72 807 172 412 612
5302 1599 5402 1699 436 636
2972 2491 3072 2591 617 817
2814 1605 2914 1705 363 563
4447 3630 4547 3730 516 716
2999 3069 3099 3169 340 540
4537 685 4637 785 525 725
4650 2644 4750 2744 646 846
4002 3833 4102 3933 430 630
5414 3484 5514 3584 713 913
1711 3601 1811 3701 548 748
4650 3645 4750 3745 422 622
3223 599 3323 699 415 615
5692 77 5792 177 530 730
3266 1097 3366 1197 588 788
1798 469 1898 569 449 649
3474 1822 3574 1922 504 704
45 1803 145 1903 702 902
1504 3596 1604 3696 462 662
4874 1740 4974 1840 610 810
3992 21 4092 121 654 854
1166 1241 1266 1341 467 667
397 509 497 609 625 825
3647 640 3747 740 675 875
2667 395 2767 495 471 671
4844 3187 4944 3287 356 556
1296 395 1396 495 696 896
2141 1133 2241 1233 669 869
2404 1998 2504 2098 560 760
2328 1198 2428 1298 542 742
4967 2157 5067 2257 358 558
5289 3542 5389 3642 459 659
2853 3052 2953 3152 495 695
633 525 733 625 443 643
1996 1466 2096 1566 595 795
5649 1547 5749 1647 414 614
3108 2589 3208 2689 619 819
18 1376 118 1476 646 846
474 395 574 495 352 552
3292 3636 3392 3736 658 858
2956 2723 3056 2823 699 899
1730 1258 1830 1358 346 546
3713 2886 3813 2986 439 639
1197 2899 1297 2999 641 841
5064 128 5164 228 696 896
2462 818 2562 918 515 715
930 2785 1030 2885 550 750
3943 50 4043 150 554 754
64 3466 164 3566 478 678
2833 1024 2933 1124 447 647
5641 862 5741 962 697 897
1553 3001 1653 3101 415 615
3769 3534 3869 3634 484 684
651 2813 751 2913 366 566
2142 2882 2242 2982 399 599
5719 79 5819 179 642 842
5299 244 5399 344 398 598
1623 1121 1723 1221 706 906
4234 3841 4334 3941 355 555
2946 1197 3046 1297 395 595
1748 3594 1848 3694 581 781
5053 1328 5153 1428 557 757
2033 595 2133 695 445 645
731 1794 831 1894 368 568
2885 1550 2985 1650 394 594
4198 3825 4298 3925 479 679
5131 1115 5231 1215 552 752
3051 1158 3151 1258 555 755
3718 1430 3818 1530 384 584
2418 3574 2518 3674 431 631
2443 3423 2543 3523 602 802
1008 2296 1108 2396 507 707
950 203 1050 303 495 695
240 2527 340 2627 631 831
76 464 176 564 503 703
334 1944 434 2044 432 632
4029 3884 4129 3984 561 761
56 3764 156 3864 689 889
4395 3038 4495 3138 694 894
439 1116 539 1216 679 879
1397 1673 1497 1773 682 882
2536 267 2636 367 383 583
5407 2551 5507 2651 503 703
2299 200 2399 300 473 673
5344 1333 5444 1433 698 898
14 873 114 973 377 577
3512 1552 3612 1652 641 841
3912 961 4012 1061 348 548
3945 2718 4045 2818 620 820
998 2862 1098 2962 684 884
5416 2591 5516 2691 599 799
1726 192 1826 292 535 735
1273 2299 1373 2399 371 571
5539 2954 5639 3054 519 719
4879 1298 4979 1398 633 833
2177 1535 2277 1635 393 593
2737 935 2837 1035 621 821
5397 1861 5497 1961 401 601
2279 324 2379 424 668 868
3396 2902 3496 3002 377 577
236 1466 336 1566 677 877
432 688 532 788 364 564
357 2864 457 2964 702 902
408 2890 508 2990 682 882
1378 2047 1478 2147 560 760
3896 3295 3996 3395 541 741
2555 3430 2655 3530 682 882
1384 1029 1484 1129 380 580
440 1263 540 1363 364 564
5223 3111 5323 3211 652 852
4137 3788 4237 3888 344 544
4875 1068 4975 1168 614 814
4783 3018 4883 3118 642 842
2423 1736 2523 1836 670 870
1200 1321 1300 1421 383 583
716 455 816 555 481 681
1539 1257 1639 1357 629 829
887 2785 987 2885 413 613
4331 3346 4431 3446 524 724
3230 3006 3330 3106 492 692
4874 1974 4974 2074 664 864
4305 2842 4405 2942 512 712
3249 1901 3349 2001 647 847
3531 2697 3631 2797 652 852
4951 3037 5051 3137 407 607
906 2814 1006 2914 511 711
419 2315 519 2415 642 842
487 1070 587 1170 670 870
766 2189 866 2289 623 823
4090 846 4190 946 455 655
2924 1191 3024 1291 509 709
3247 3287 3347 3387 372 572
856 2672 956 2772 447 647
1297 2210 1397 2310 384 584
4977 2140 5077 2240 417 617
2900 1855 3000 1955 502 702
3597 750 3697 850 357 557
4436 3503 4536 3603 362 562
1612 3341 1712 3441 525 725
755 1528 855 1628 495 695
1898 1018 1998 1118 551 751
3439 449 3539 549 663 863
5618 891 5718 991 695 895
1735 2708 1835 2808 612 812
5697 1082 5797 1182 711 911
2034 2485 2134 2585 586 786
3496 2221 3596 2321 382 582
5328 144 5428 244 391 591
4336 1692 4436 1792 652 852
4298 1003 4398 1103 598 798
2703 3736 2803 3836 689 889
4426 2660 4526 2760 497 697
3948 616 4048 716 500 700
3414 3406 3514 3506 706 906
1719 621 1819 721 602 802
3262 3099 3362 3199 636 836
4867 1952 4967 2052 604 804
659 1991 759 2091 397 597
3713 387 3813 487 387 587
3866 575 3966 675 408 608
4656 3403 4756 3503 579 779
4372 3507 4472 3607 621 821
521 273 621 373 607 807
252 1523 352 1623 610 810
4311 417 4411 517 678 878
2110 343 2210 443 439 639
1185 2999 1285 3099 473 673
498 2738 598 2838 349 549
5039 2906 5139 3006 506 706
4938 1696 5038 1796 682 882
950 3131 1050 3231 695 895
715 3082 815 3182 647 847
2483 592 2583 692 488 688
1498 3106 1598 3206 613 813
4682 2878 4782 2978 434 634
1063 3486 1163 3586 397 597
5263 3514 5363 3614 679 879
3002 1283 3102 1383 569 769
714 2085 814 2185 463 663
2184 3713 2284 3813 711 911
780 1862 880 1962 371 571
4394 1675 4494 1775 549 749
1335 506 1435 606 687 887
1292 1623 1392 1723 461 661
1939 1879 2039 1979 691 891
4995 3143 5095 3243 439 639
3345 3365 3445 3465 379 579
750 3092 850 3192 403 603
5270 3067 5370 3167 496 696
2842 1025 2942 1125 368 568
3072 2690 3172 2790 431 631
242 3663 342 3763 476 676
4465 2145 4565 2245 409 609
4780 2311 4880 2411 502 702
1993 1782 2093 1882 688 888
5602 977 5702 1077 443 643
1047 1487 1147 1587 660 860
1549 2411 1649 2511 647 847
1865 1180 1965 1280 453 653
1847 702 1947 802 588 788
1244 20 1344 120 642 842
1008 2264 1108 2364 524 724
2407 63 2507 163 579 779
2182 1809 2282 1909 583 783
1833 2808 1933 2908 700 900
1405 632 1505 732 347 547
1410 1421 1510 1521 680 880
1368 729 1468 829 531 731
5389 1246 5489 1346 474 674
1598 2403 1698 2503 635 835
4767 2607 4867 2707 633 833
3642 1226 3742 1326 393 593
3723 2430 3823 2530 541 741
5238 2824 5338 2924 672 872
210 1379 310 1479 496 696
954 1222 1054 1322 709 909
2090 346 2190 446 694 894
1222 711 1322 811 458 658
5393 261 5493 361 444 644
2652 2063 2752 2163 396 596
1582 1837 1682 1937 383 583
66 1024 166 1124 462 662
4089 636 4189 736 699 899
1446 165 1546 265 412 612
3765 1922 3865 2022 521 721
1003 3789 1103 3889 622 822
5609 188 5709 288 712 912
856 1815 956 1915 434 634
880 3122 980 3222 402 602
1806 1387 1906 1487 354 554
4928 2463 5028 2563 506 706
561 2469 661 2569 371 571
2303 1015 2403 1115 550 750
5712 3315 5812 3415 459 659
2043 3375 2143 3475 379 579
5164 2756 5264 2856 601 801
4997 1933 5097 2033 417 617
2954 1080 3054 1180 547 747
1508 2174 1608 2274 433 633
5495 2560 5595 2660 514 714
5032 1988 5132 2088 408 608
251 413 351 513 679 879
1089 2961 1189 3061 702 902
4974 2855 5074 2955 607 807
474 1673 574 1773 353 553
388 636 488 736 476 676
4564 2371 4664 2471 557 757
4164 1919 4264 2019 540 740
962 3892 1062 3992 582 782
352 3403 452 3503 341 541
351 3762 451 3862 628 828
2542 1502 2642 1602 700 900
1803 299 1903 399 681 881
2224 2038 2324 2138 594 794
62 330 162 430 403 603
4272 1000 4372 1100 367 567
291 2529 391 2629 357 557
4659 2611 4759 2711 372 572
2115 1656 2215 1756 434 634
4467 133 4567 233 647 847
3145 2083 3245 2183 613 813
3078 761 3178 861 464 664
4827 2539 4927 2639 649 849
5507 1877 5607 1977 553 753
5090 2090 5190 2190 372 572
430 0 530 100 415 615
2434 2264 2534 2364 605 805
5169 1607 5269 1707 645 845
660 1764 760 1864 370 570
1345 2256 1445 2356 554 754
2343 1743 2443 1843 659 859
2393 2212 2493 2312 681 881
2851 1425 2951 1525 585 785
4255 936 4355 1036 360 560
95 1106 195 1206 542 742
3988 3451 4088 3551 468 668
3734 3457 3834 3557 579 779
4451 3496 4551 3596 683 883
5114 181 5214 281 643 843
391 1307 491 1407 629 829
2670 1225 2770 1325 684 884
1373 1046 1473 1146 610 810
5337 3520 5437 3620 467 667
5435 2391 5535 2491 526 726
3893 1102 3993 1202 630 830
1325 1076 1425 1176 541 741
1450 815 1550 915 557 757
479 1445 579 1545 395 595
2517 428 2617 528 430 630
4491 669 4591 769 686 886
5128 3548 5228 3648 341 541
2385 3348 2485 3448 462 662
5635 829 5735 929 350 550
1928 2274 2028 2374 693 893
4173 511 4273 611 577 777
4319 1531 4419 1631 377 577
4454 2682 4554 2782 549 749
1826 2326 1926 2426 570 770
496 666 596 766 407 607
2785 2119 2885 2219 435 635
3744 2389 3844 2489 456 656
529 3217 629 3317 452 652
720 263 820 363 354 554
2534 101 2634 201 410 610
3379 3666 3479 3766 607 807
5009 1611 5109 1711 432 632
4567 1288 4667 1388 358 558
1704 2252 1804 2352 552 752
5506 1445 5606 1545 644 844
4971 298 5071 398 526 726
5678 116 5778 216 416 616
5110 2126 5210 2226 699 899
4 2068 104 2168 443 643
887 3462 987 3562 531 731
2817 2145 2917 2245 363 563
4499 3121 4599 3221 609 809
965 911 1065 1011 681 881
5700 232 5800 332 461 661
2513 3777 2613 3877 687 887
215 2926 315 3026 699 899
3298 3495 3398 3595 431 631
4301 2480 4401 2580 678 878
1529 1981 1629 2081 399 599
64 1421 164 1521 662 862
1833 3075 1933 3175 391 591
635 900 735 1000 467 667
236 2983 336 3083 629 829
454 2797 554 2897 601 801
3117 2670 3217 2770 653 853
2979 3266 3079 3366 479 679
3932 1400 4032 1500 516 716
4532 3362 4632 3462 469 669
4203 1913 4303 2013 455 655
5324 1219 5424 1319 527 727
4687 3877 4787 3977 648 848
5671 1849 5771 1949 371 571
2358 1897 2458 1997 545 745
5607 2656 5707 2756 401 601
5089 3724 5189 3824 494 694
1674 3894 1774 3994 376 576
5522 3464 5622 3564 576 776
5088 2550 5188 2650 421 621
1401 627 1501 727 612 812
4288 3663 4388 3763 501 701
5366 765 5466 865 624 824
1158 632 1258 732 592 792
2458 2328 2558 2428 677 877
4489 1615 4589 1715 434 634
2577 1220 2677 1320 363 563
4976 3673 5076 3773 401 601
420 1445 520 1545 533 733
4794 3180 4894 3280 402 602
4624 3558 4724 3658 423 623
1992 1905 2092 2005 548 748
3257 3545 3357 3645 422 622
4511 2344 4611 2444 365 565
649 609 749 709 619 819
3388 3819 3488 3919 573 773
2807 3067 2907 3167 530 730
917 3678 1017 3778 429 629
1803 3611 1903 3711 375 575
3656 366 3756 466 473 673
79 3702 179 3802 479 679
1571 2581 1671 2681 510 710
1972 2125 2072 2225 342 542
783 3556 883 3656 664 864
4227 2171 4327 2271 379 579
3180 2520 3280 2620 411 611
3804 705 3904 805 486 686
5445 1698 5545 1798 650 850
4591 2839 4691 2939 638 838
1021 1038 1121 1138 579 779
378 2747 478 2847 631 831
3510 790 3610 890 618 818
4883 1326 4983 1426 704 904
3015 2625 3115 2725 386 586
5360 13 5460 113 673 873
4000 3621 4100 3721 359 559
2870 1955 2970 2055 637 837
5102 1541 5202 1641 400 600
4190 1995 4290 2095 431 631
2213 861 2313 961 547 747
2306 1318 2406 1418 401 601
5011 1620 5111 1720 418 618
839 3671 939 3771 433 633
5081 561 5181 661 494 694
4474 3686 4574 3786 631 831
773 3199 873 3299 710 910
3106 1671 3206 1771 555 755
2798 3419 2898 3519 396 596
1320 1664 1420 1764 666 866
5663 19 5763 119 611 811
3918 96 4018 196 369 569
1353 1698 1453 1798 422 622
92 2256 192 2356 528 728
2107 3738 2207 3838 656 856
2441 652 2541 752 416 616
133 2970 233 3070 605 805
3550 105 3650 205 469 669
381 1969 481 2069 498 698
1811 2303 1911 2403 701 901
949 1449 1049 1549 514 714
5112 289 5212 389 631 831
3195 1570 3295 1670 481 681
5556 3429 5656 3529 381 581
5596 638 5696 738 625 825
36 1130 136 1230 508 708
1085 859 1185 959 707 907
1259 2198 1359 2298 453 653
3430 3202 3530 3302 386 586
1771 106 1871 206 570 770
473 2708 573 2808 684 884
2301 1413 2401 1513 525 725
3822 193 3922 293 571 771
4859 668 4959 768 452 652
1616 2451 1716 2551 678 878
3810 3607 3910 3707 652 852
350 3765 450 3865 632 832
3493 3628 3593 3728 614 814
5414 3461 5514 3561 403 603
2619 1536 2719 1636 434 634
2722 2012 2822 2112 587 787
457 3660 557 3760 418 618
5483 24 5583 124 337 537
1930 1850 2030 1950 392 592
819 3594 919 3694 360 560
4811 2439 4911 2539 560 760
229 2938 329 3038 657 857
3325 1508 3425 1608 544 744
1531 2155 1631 2255 655 855
1522 293 1622 393 434 634
5110 3376 5210 3476 549 749
1209 1148 1309 1248 460 660
1225 2950 1325 3050 425 625
3165 2548 3265 2648 550 750
2209 720 2309 820 502 702
2847 3252 2947 3352 570 770
481 3472 581 3572 548 748
2489 3488 2589 3588 696 896
3837 349 3937 449 412 612
2767 2407 2867 2507 464 664
1605 1965 1705 2065 671 871
1375 328 1475 428 625 825
3274 1560 3374 1660 551 751
1301 707 1401 807 610 810
5504 3427 5604 3527 503 703
828 627 928 727 644 844
3120 3558 3220 3658 484 684
1247 3035 1347 3135 355 555
5549 33 5649 133 536 736
3666 3162 3766 3262 640 840
4510 2256 4610 2356 426 626
5063 3228 5163 3328 447 647
1147 3183 1247 3283 443 643
3988 2147 4088 2247 377 577
4033 564 4133 664 682 882
2655 2028 2755 2128 627 827
4665 1177 4765 1277 397 597
5657 3445 5757 3545 350 550
2110 1291 2210 1391 619 819
3508 3266 3608 3366 465 665
4525 614 4625 714 628 828
5638 1860 5738 1960 642 842
2868 2846 2968 2946 555 755
2629 126 2729 226 455 655
4003 2645 4103 2745 593 793
2354 2073 2454 2173 646 846
1635 257 1735 357 545 745
2880 670 2980 770 426 626
2284 245 2384 345 687 887
4237 3234 4337 3334 574 774
25 341 125 441 592 792
3840 3828 3940 3928 624 824
5576 1074 5676 1174 655 855
2766 2688 2866 2788 374 574
3007 1575 3107 1675 507 707
319 2412 419 2512 390 590
2379 1923 2479 2023 709 909
272 3668 372 3768 404 604
2091 1473 2191 1573 700 900
1351 1927 1451 2027 591 791
2824 2885 2924 2985 342 542
4726 2703 4826 2803 458 658
1191 708 1291 808 672 872
4848 1331 4948 1431 638 838
3016 1414 3116 1514 434 634
4916 273 5016 373 708 908
2826 3836 2926 3936 657 857
1964 174 2064 274 681 881
1142 3187 1242 3287 378 578
4128 1058 4228 1158 444 644
2395 954 2495 1054 594 794
1023 3489 1123 3589 668 868
461 68 561 168 631 831
3025 92 3125 192 664 864
968 3529 1068 3629 472 672
3481 1480 3581 1580 650 850
1991 3663 2091 3763 415 615
4979 1286 5079 1386 655 855
3291 167 3391 267 364 564
5505 552 5605 652 574 774
4931 526 5031 626 389 589
2145 274 2245 374 406 606
436 3624 536 3724 570 770
743 2600 843 2700 373 573
93 3634 193 3734 605 805
1493 1905 1593 2005 682 882
73 2320 173 2420 622 822
5061 1654 5161 1754 381 581
4694 922 4794 1022 405 605
1062 2845 1162 2945 643 843
2916 1549 3016 1649 595 795
1046 3820 1146 3920 607 807
1284 657 1384 757 459 659
4820 3066 4920 3166 414 614
5021 3330 5121 3430 394 594
268 209 368 309 498 698
666 3026 766 3126 342 542
4959 15 5059 115 550 750
2522 1647 2622 1747 409 609
1346 812 1446 912 640 840
5557 3560 5657 3660 596 796
1435 1797 1535 1897 536 736
379 259 479 359 339 539
4508 1668 4608 1768 337 537
4812 810 4912 910 443 643
3366 3867 3466 3967 342 542
3098 3114 3198 3214 421 621
811 2213 911 2313 648 848
1484 1045 1584 1145 623 823
3773 3679 3873 3779 337 537
1149 2865 1249 2965 367 567
5389 376 5489 476 351 551
863 389 963 489 396 596
42 1222 142 1322 661 861
4222 2980 4322 3080 428 628
1463 1337 1563 1437 645 845
5291 3506 5391 3606 601 801
4299 1350 4399 1450 506 706
4654 1674 4754 1774 368 568
4203 1497 4303 1597 632 832
5667 2261 5767 2361 512 712
5669 366 5769 466 605 805
66 880 166 980 427 627
2732 3055 2832 3155 442 642
709 2156 809 2256 348 548
5314 264 5414 364 544 744
5332 84 5432 184 437 637
2536 1991 2636 2091 371 571
1885 2097 1985 2197 522 722
160 3299 260 3399 623 823
5002 2506 5102 2606 563 763
110 627 210 727 563 763
3590 707 3690 807 447 647
4338 1756 4438 1856 555 755
2227 2789 2327 2889 512 712
2071 1964 2171 2064 423 623
1494 1900 1594 2000 634 834
3042 3058 3142 3158 475 675
3444 3750 3544 3850 635 835
3080 3617 3180 3717 572 772
534 3841 634 3941 699 899
3802 3231 3902 3331 595 795
498 3567 598 3667 690 890
3520 2586 3620 2686 665 865
1427 105 1527 205 394 594
5289 1758 5389 1858 345 545
4534 2328 4634 2428 451 651
5006 1420 5106 1520 560 760
77 385 177 485 429 629
5329 896 5429 996 464 664
3108 1798 3208 1898 511 711
4822 203 4922 303 442 642
4106 2876 4206 2976 487 687
2132 1646 2232 1746 700 900
1079 817 1179 917 395 595
2210 1140 2310 1240 677 877
5097 383 5197 483 661 861
4696 2374 4796 2474 711 911
2991 55 3091 155 523 723
2973 1920 3073 2020 584 784
4801 3466 4901 3566 464 664
2550 3299 2650 3399 389 589
2624 640 2724 740 511 711
1766 2752 1866 2852 564 764
232 934 332 1034 352 552
5438 473 5538 573 390 590
2231 837 2331 937 387 587
4693 2522 4793 2622 640 840
3279 783 3379 883 460 660
3092 2025 3192 2125 595 795
365 658 465 758 417 617
2479 522 2579 622 700 900
1202 949 1302 1049 499 699
3878 2851 3978 2951 581 781
1441 1014 1541 1114 482 682
2716 691 2816 791 599 799
406 988 506 1088 602 802
149 332 249 432 566 766
1212 1393 1312 1493 339 539
4225 653 4325 753 390 590
3587 1506 3687 1606 394 594
2406 599 2506 699 527 727
5506 633 5606 733 554 754
322 3236 422 3336 587 787
1022 3499 1122 3599 575 775
2391 2239 2491 2339 540 740
2005 1845 2105 1945 519 719
4408 1452 4508 1552 348 548
3366 2028 3466 2128 439 639
1872 3630 1972 3730 600 800
4005 1624 4105 1724 627 827
2530 2130 2630 2230 685 885
552 1892 652 1992 375 575
1248 2799 1348 2899 661 861
91 2454 191 2554 604 804
4159 386 4259 486 559 759
1669 3624 1769 3724 543 743
591 2549 691 2649 642 842
985 931 1085 1031 710 910
5024 803 5124 903 493 693
237 288 337 388 588 788
3658 1292 3758 1392 700 900
545 438 645 538 400 600
4135 1169 4235 1269 568 768
1635 2594 1735 2694 354 554
229 1669 329 1769 620 820
2632 2985 2732 3085 460 660
4062 3629 4162 3729 480 680
35 1282 135 1382 606 806
2691 2484 2791 2584 390 590
138 88 238 188 675 875
1705 1997 1805 2097 351 551
4610 2412 4710 2512 702 902
2324 563 2424 663 475 675
1463 3587 1563 3687 637 837
3602 2031 3702 2131 634 834
5392 3284 5492 3384 708 908
3096 2637 3196 2737 553 753
1677 2791 1777 2891 632 832
3947 625 4047 725 632 832
850 3514 950 3614 402 602
2685 2783 2785 2883 574 774
500 407 600 507 364 564
37 3582 137 3682 527 727
3649 2001 3749 2101 635 835
5133 769 5233 869 577 777
4015 2770 4115 2870 539 739
1962 2578 2062 2678 690 890
673 2741 773 2841 581 781
27 1538 127 1638 587 787
967 1020 1067 1120 448 648
3176 1475 3276 1575 454 654
5678 294 5778 394 554 754
2724 412 2824 512 433 633
109 2998 209 3098 662 862
4103 2845 4203 2945 542 742
4559 1621 4659 1721 659 859
4109 906 4209 1006 381 581
1075 3083 1175 3183 570 770
2338 1630 2438 1730 364 564
4848 1529 4948 1629 533 733
2451 1620 2551 1720 698 898
4251 3900 4351 4000 385 585
2824 1575 2924 1675 374 574
494 3009 594 3109 388 588
5020 88 5120 188 352 552
3333 1238 3433 1338 525 725
825 695 925 795 488 688
1700 3591 1800 3691 494 694
786 1015 886 1115 388 588
3691 1394 3791 1494 502 702
4416 1689 4516 1789 486 686
2119 2030 2219 2130 542 742
1934 1576 2034 1676 695 895
5557 1257 5657 1357 686 886
4603 3073 4703 3173 510 710
4205 2488 4305 2588 709 909
4296 3677 4396 3777 354 554
5733 1260 5833 1360 479 679
4553 2036 4653 2136 574 774
1338 3484 1438 3584 512 712
1690 2723 1790 2823 708 908
4149 2477 4249 2577 561 761
3464 3040 3564 3140 556 756
2914 2172 3014 2272 484 684
1501 217 1601 317 635 835
4988 22 5088 122 423 623
158 3206 258 3306 584 784
2604 222 2704 322 372 572
3023 1955 3123 2055 396 596
4308 3480 4408 3580 685 885
5012 2427 5112 2527 607 807
2951 1664 3051 1764 524 724
2377 1191 2477 1291 483 683
373 2582 473 2682 486 686
3726 2293 3826 2393 583 783
5423 1660 5523 1760 338 538
3607 673 3707 773 354 554
5399 2524 5499 2624 368 568
1017 3002 1117 3102 462 662
3281 3121 3381 3221 386 586
4402 1623 4502 1723 645 845
3054 2693 3154 2793 596 796
1909 3214 2009 3314 483 683
3455 3513 3555 3613 552 752
2320 789 2420 889 436 636
2555 3422 2655 3522 685 885
3729 792 3829 892 466 666
3846 3129 3946 3229 513 713
3451 2488 3551 2588 630 830
1908 3558 2008 3658 639 839
1110 1863 1210 1963 339 539
2194 1532 2294 1632 441 641
4673 2389 4773 2489 378 578
530 922 630 1022 407 607
