1395
3328 4352 3455 4479 613 713
3328 2560 3455 2687 526 626
1920 3328 2047 3455 409 509
128 3072 255 3199 549 649
2944 3072 3071 3199 420 520
1280 2304 1407 2431 525 625
1920 3968 2047 4095 571 671
3200 768 3327 895 518 618
384 3712 511 3839 630 730
3328 3200 3455 3327 714 814
3328 5504 3455 5631 797 897
2816 4992 2943 5119 534 634
1024 128 1151 255 389 489
0 256 127 383 470 570
3200 5248 3327 5375 338 438
2176 3456 2303 3583 559 659
3072 1408 3199 1535 659 759
3328 3072 3455 3199 671 771
1792 1664 1919 1791 693 793
2048 0 2175 127 622 722
1664 512 1791 639 347 447
2304 2048 2431 2175 411 511
1152 1920 1279 2047 698 798
1536 4864 1663 4991 391 491
3328 1920 3455 2047 420 520
512 1536 639 1663 639 739
1536 1408 1663 1535 461 561
2304 5376 2431 5503 480 580
2688 3328 2815 3455 593 693
2560 2944 2687 3071 777 877
896 4736 1023 4863 472 572
2560 1536 2687 1663 392 492
1536 384 1663 511 489 589
1664 0 1791 127 544 644
3840 4224 3967 4351 604 704
256 3072 383 3199 498 598
1792 1152 1919 1279 658 758
3584 1152 3711 1279 361 461
512 2688 639 2815 606 706
768 1280 895 1407 474 574
128 2688 255 2815 739 839
1792 5376 1919 5503 589 689
2816 2688 2943 2815 597 697
2688 768 2815 895 717 817
2432 3072 2559 3199 648 748
3328 640 3455 767 524 624
256 2048 383 2175 462 562
2176 4224 2303 4351 493 593
2432 3456 2559 3583 382 482
768 0 895 127 744 844
3584 1024 3711 1151 705 805
3712 768 3839 895 795 895
2048 3840 2175 3967 341 441
0 5504 127 5631 589 689
1024 3968 1151 4095 776 876
512 2816 639 2943 351 451
3840 4608 3967 4735 340 440
256 1920 383 2047 423 523
2560 1280 2687 1407 494 594
896 384 1023 511 596 696
1024 3456 1151 3583 386 486
1024 3712 1151 3839 555 655
384 768 511 895 651 751
1152 384 1279 511 465 565
1280 4608 1407 4735 688 788
2048 2560 2175 2687 367 467
1920 5376 2047 5503 552 652
0 4224 127 4351 458 558
1536 2176 1663 2303 795 895
1920 3456 2047 3583 344 444
0 3200 127 3327 522 622
2176 2048 2303 2175 646 746
1920 4480 2047 4607 596 696
2688 2560 2815 2687 782 882
128 4736 255 4863 549 649
1152 3712 1279 3839 430 530
1536 256 1663 383 493 593
1920 4224 2047 4351 600 700
640 3840 767 3967 513 613
3712 1152 3839 1279 464 564
3328 2944 3455 3071 530 630
3584 1536 3711 1663 807 907
3456 896 3583 1023 445 545
0 2432 127 2559 460 560
2688 2176 2815 2303 508 608
0 5632 127 5759 407 507
1920 2944 2047 3071 474 574
256 5248 383 5375 511 611
2432 2304 2559 2431 419 519
3200 3456 3327 3583 558 658
640 1664 767 1791 770 870
640 4992 767 5119 469 569
3712 4864 3839 4991 702 802
2944 3200 3071 3327 533 633
384 2816 511 2943 523 623
1536 1920 1663 2047 577 677
2048 3712 2175 3839 489 589
2560 4864 2687 4991 738 838
3456 0 3583 127 698 798
2560 1024 2687 1151 470 570
1408 5248 1535 5375 746 846
1664 4352 1791 4479 406 506
512 0 639 127 779 879
2816 4224 2943 4351 454 554
896 3072 1023 3199 778 878
1280 5376 1407 5503 440 540
1024 4480 1151 4607 548 648
1280 5248 1407 5375 457 557
1792 1024 1919 1151 703 803
2304 3712 2431 3839 650 750
2944 512 3071 639 584 684
128 384 255 511 345 445
128 2048 255 2175 643 743
1408 1408 1535 1535 618 718
512 1280 639 1407 469 569
128 2816 255 2943 337 437
3328 3840 3455 3967 615 715
1920 1536 2047 1663 606 706
3200 3328 3327 3455 511 611
3072 2048 3199 2175 697 797
1920 2688 2047 2815 753 853
3712 5504 3839 5631 393 493
3456 4608 3583 4735 755 855
2176 4352 2303 4479 642 742
1536 2688 1663 2815 515 615
3584 5504 3711 5631 464 564
2816 4608 2943 4735 405 505
1664 3456 1791 3583 593 693
1152 1792 1279 1919 792 892
3200 0 3327 127 692 792
3072 256 3199 383 727 827
2176 2176 2303 2303 724 824
3584 1280 3711 1407 688 788
1408 128 1535 255 618 718
512 896 639 1023 364 464
3456 3200 3583 3327 652 752
2816 1536 2943 1663 722 822
3840 5632 3967 5759 501 601
3456 1152 3583 1279 698 798
3328 768 3455 895 611 711
2176 0 2303 127 337 437
1280 896 1407 1023 394 494
1920 1152 2047 1279 546 646
2176 512 2303 639 643 743
3712 3968 3839 4095 675 775
1280 5632 1407 5759 678 778
2688 384 2815 511 569 669
3328 3968 3455 4095 402 502
2048 1536 2175 1663 396 496
3072 1664 3199 1791 669 769
3840 3456 3967 3583 689 789
2944 1792 3071 1919 739 839
640 5248 767 5375 725 825
1408 4736 1535 4863 630 730
512 3840 639 3967 567 667
384 3328 511 3455 352 452
2944 384 3071 511 684 784
2304 1536 2431 1663 561 661
3840 3968 3967 4095 609 709
128 4224 255 4351 662 762
128 5120 255 5247 439 539
384 0 511 127 448 548
1792 128 1919 255 572 672
896 5248 1023 5375 716 816
3712 5120 3839 5247 655 755
2048 3200 2175 3327 525 625
768 768 895 895 554 654
2176 640 2303 767 563 663
1152 1152 1279 1279 616 716
2688 3456 2815 3583 364 464
0 2816 127 2943 764 864
0 3712 127 3839 616 716
2560 2432 2687 2559 421 521
2432 1664 2559 1791 496 596
640 3200 767 3327 372 472
3072 896 3199 1023 686 786
3584 5632 3711 5759 763 863
1536 1664 1663 1791 530 630
3072 3072 3199 3199 751 851
1024 2816 1151 2943 748 848
2816 3200 2943 3327 386 486
3584 1408 3711 1535 626 726
896 3968 1023 4095 673 773
2048 4096 2175 4223 774 874
512 4736 639 4863 369 469
3712 4096 3839 4223 426 526
256 3968 383 4095 716 816
2688 0 2815 127 716 816
768 1024 895 1151 576 676
768 256 895 383 437 537
1792 4352 1919 4479 490 590
1280 1664 1407 1791 605 705
2688 128 2815 255 474 574
1152 3456 1279 3583 651 751
2432 5376 2559 5503 507 607
512 3584 639 3711 792 892
128 3200 255 3327 362 462
1920 3712 2047 3839 651 751
1792 4480 1919 4607 542 642
2176 1664 2303 1791 641 741
2560 128 2687 255 678 778
3840 4864 3967 4991 418 518
128 1920 255 2047 370 470
2688 2944 2815 3071 763 863
1152 3200 1279 3327 503 603
2304 896 2431 1023 808 908
2048 2304 2175 2431 635 735
1280 1920 1407 2047 452 552
2304 2432 2431 2559 524 624
3712 4608 3839 4735 498 598
1408 3840 1535 3967 789 889
3328 4096 3455 4223 573 673
1280 1408 1407 1535 788 888
768 1152 895 1279 649 749
3072 1024 3199 1151 460 560
1280 3584 1407 3711 746 846
1024 5504 1151 5631 664 764
128 0 255 127 765 865
3072 1792 3199 1919 574 674
3456 3968 3583 4095 427 527
1024 4224 1151 4351 388 488
2432 2688 2559 2815 727 827
2688 5504 2815 5631 695 795
128 4864 255 4991 525 625
384 3200 511 3327 564 664
512 2304 639 2431 791 891
256 1664 383 1791 429 529
1664 1024 1791 1151 515 615
128 3968 255 4095 628 728
1664 2688 1791 2815 560 660
1408 896 1535 1023 343 443
768 2688 895 2815 493 593
512 4480 639 4607 641 741
2688 1408 2815 1535 779 879
2432 896 2559 1023 442 542
1792 4736 1919 4863 807 907
1792 2688 1919 2815 699 799
1280 3456 1407 3583 740 840
512 5376 639 5503 371 471
2048 5632 2175 5759 409 509
1280 128 1407 255 424 524
3712 5632 3839 5759 750 850
2944 2688 3071 2815 572 672
1280 1792 1407 1919 801 901
1408 2048 1535 2175 511 611
128 256 255 383 621 721
896 4096 1023 4223 659 759
3072 5504 3199 5631 361 461
384 1664 511 1791 572 672
3456 3584 3583 3711 419 519
3840 2304 3967 2431 377 477
2432 5120 2559 5247 623 723
2048 4992 2175 5119 809 909
2432 256 2559 383 661 761
3328 2176 3455 2303 737 837
3328 4480 3455 4607 559 659
0 4480 127 4607 639 739
1408 1536 1535 1663 755 855
128 1664 255 1791 738 838
3584 3328 3711 3455 453 553
1664 3840 1791 3967 502 602
256 128 383 255 670 770
3200 4352 3327 4479 609 709
896 1920 1023 2047 806 906
3840 384 3967 511 561 661
1920 256 2047 383 640 740
256 5632 383 5759 726 826
3456 5504 3583 5631 446 546
2688 1664 2815 1791 492 592
3456 4352 3583 4479 686 786
3712 3712 3839 3839 444 544
256 640 383 767 506 606
1024 1280 1151 1407 548 648
2944 1536 3071 1663 679 779
3456 2560 3583 2687 493 593
3584 4864 3711 4991 722 822
2944 3584 3071 3711 486 586
768 4736 895 4863 742 842
640 1792 767 1919 673 773
640 4224 767 4351 647 747
2944 2816 3071 2943 347 447
128 1408 255 1535 713 813
3584 4992 3711 5119 382 482
2560 4736 2687 4863 746 846
896 256 1023 383 487 587
3328 0 3455 127 782 882
2176 4736 2303 4863 417 517
3584 2304 3711 2431 789 889
128 2944 255 3071 724 824
3200 4096 3327 4223 744 844
128 768 255 895 354 454
256 2176 383 2303 338 438
2560 2176 2687 2303 600 700
896 4224 1023 4351 553 653
3072 5632 3199 5759 733 833
2048 3456 2175 3583 750 850
2944 3968 3071 4095 379 479
2432 1408 2559 1535 645 745
2688 4992 2815 5119 785 885
512 1152 639 1279 535 635
3456 5376 3583 5503 444 544
1408 2688 1535 2815 416 516
1664 1408 1791 1535 704 804
2432 2560 2559 2687 655 755
1792 2048 1919 2175 684 784
3456 1024 3583 1151 786 886
384 2176 511 2303 490 590
384 4864 511 4991 760 860
1152 4224 1279 4351 640 740
3584 5248 3711 5375 349 449
3584 5120 3711 5247 593 693
1408 2304 1535 2431 651 751
1664 128 1791 255 651 751
1792 3328 1919 3455 639 739
2304 4736 2431 4863 509 609
1536 128 1663 255 801 901
3712 3456 3839 3583 533 633
768 3712 895 3839 589 689
1408 2560 1535 2687 702 802
3584 768 3711 895 369 469
768 4224 895 4351 520 620
384 512 511 639 720 820
1280 384 1407 511 370 470
3712 2176 3839 2303 709 809
0 2560 127 2687 385 485
2688 5632 2815 5759 767 867
3712 1664 3839 1791 572 672
2816 5504 2943 5631 353 453
768 1920 895 2047 524 624
1024 2688 1151 2815 543 643
2048 2176 2175 2303 551 651
640 2944 767 3071 557 657
3584 4096 3711 4223 622 722
1664 3072 1791 3199 367 467
512 2944 639 3071 399 499
1152 768 1279 895 493 593
2176 2944 2303 3071 743 843
1024 3584 1151 3711 552 652
3840 896 3967 1023 365 465
1792 1536 1919 1663 495 595
640 512 767 639 490 590
2048 5120 2175 5247 621 721
1024 1152 1151 1279 735 835
1664 1152 1791 1279 804 904
3200 1280 3327 1407 372 472
3200 4480 3327 4607 430 530
3584 3840 3711 3967 792 892
2304 5120 2431 5247 569 669
2816 384 2943 511 683 783
256 0 383 127 680 780
2816 3840 2943 3967 527 627
3712 3584 3839 3711 792 892
1152 3840 1279 3967 512 612
768 3328 895 3455 561 661
768 1536 895 1663 687 787
3072 3328 3199 3455 560 660
3712 3328 3839 3455 440 540
0 5120 127 5247 445 545
1920 4992 2047 5119 577 677
2432 4608 2559 4735 627 727
0 2304 127 2431 578 678
2304 5504 2431 5631 717 817
3584 3712 3711 3839 371 471
3456 384 3583 511 386 486
1792 4992 1919 5119 674 774
1664 3200 1791 3327 359 459
512 2432 639 2559 468 568
3456 2944 3583 3071 529 629
768 3840 895 3967 500 600
2304 128 2431 255 496 596
896 1152 1023 1279 687 787
1920 640 2047 767 653 753
512 1024 639 1151 707 807
2048 2944 2175 3071 609 709
896 3712 1023 3839 643 743
3328 5248 3455 5375 742 842
2304 4992 2431 5119 628 728
1408 2944 1535 3071 547 647
1920 2048 2047 2175 423 523
2432 640 2559 767 497 597
2176 1920 2303 2047 340 440
3712 640 3839 767 614 714
3840 2048 3967 2175 401 501
3200 1536 3327 1663 515 615
2432 2048 2559 2175 764 864
768 5120 895 5247 678 778
1408 0 1535 127 665 765
384 4608 511 4735 390 490
3584 4352 3711 4479 712 812
640 3072 767 3199 354 454
1536 5120 1663 5247 606 706
0 2048 127 2175 476 576
1280 2560 1407 2687 660 760
1664 2304 1791 2431 566 666
2432 4224 2559 4351 526 626
2432 4480 2559 4607 520 620
640 3456 767 3583 514 614
2560 640 2687 767 583 683
2176 4608 2303 4735 638 738
1024 2176 1151 2303 677 777
128 1792 255 1919 669 769
2816 4096 2943 4223 438 538
128 1280 255 1407 442 542
2432 4736 2559 4863 488 588
1280 3072 1407 3199 636 736
2944 256 3071 383 675 775
2816 128 2943 255 342 442
2432 3200 2559 3327 450 550
640 1536 767 1663 408 508
3328 384 3455 511 429 529
1792 1280 1919 1407 537 637
3584 896 3711 1023 411 511
1664 384 1791 511 632 732
2944 4864 3071 4991 601 701
2048 640 2175 767 516 616
896 2688 1023 2815 582 682
896 3584 1023 3711 465 565
1152 896 1279 1023 367 467
1408 2816 1535 2943 561 661
1536 1792 1663 1919 364 464
128 1536 255 1663 384 484
3840 4736 3967 4863 756 856
3456 3712 3583 3839 503 603
3200 1024 3327 1151 707 807
1280 4096 1407 4223 509 609
3072 4608 3199 4735 618 718
640 3968 767 4095 340 440
256 768 383 895 686 786
3328 1280 3455 1407 791 891
3712 1280 3839 1407 567 667
384 3456 511 3583 476 576
1408 5120 1535 5247 646 746
768 3072 895 3199 668 768
3840 3200 3967 3327 581 681
1536 1536 1663 1663 723 823
3712 896 3839 1023 490 590
3840 4992 3967 5119 368 468
512 1664 639 1791 728 828
1280 4224 1407 4351 604 704
1536 5504 1663 5631 440 540
2048 3072 2175 3199 746 846
128 2432 255 2559 730 830
1280 5120 1407 5247 440 540
1408 768 1535 895 564 664
1152 2176 1279 2303 517 617
2176 5376 2303 5503 619 719
2304 3200 2431 3327 735 835
896 1280 1023 1407 646 746
1664 4608 1791 4735 575 675
2688 2688 2815 2815 408 508
1408 1792 1535 1919 599 699
1664 4992 1791 5119 622 722
3456 2304 3583 2431 351 451
2304 512 2431 639 765 865
1024 2048 1151 2175 442 542
2560 1152 2687 1279 523 623
2688 4352 2815 4479 496 596
3200 1664 3327 1791 371 471
2048 512 2175 639 798 898
1408 3328 1535 3455 473 573
3584 0 3711 127 601 701
1280 1536 1407 1663 460 560
1792 4864 1919 4991 708 808
1792 4096 1919 4223 382 482
3072 2688 3199 2815 631 731
2176 5120 2303 5247 617 717
3328 5120 3455 5247 461 561
384 1408 511 1535 662 762
3200 384 3327 511 531 631
3072 3584 3199 3711 728 828
2304 0 2431 127 691 791
1280 2816 1407 2943 464 564
768 4480 895 4607 570 670
768 128 895 255 721 821
3072 128 3199 255 617 717
3456 2432 3583 2559 751 851
640 2176 767 2303 526 626
1792 2432 1919 2559 539 639
2304 4352 2431 4479 509 609
2816 1920 2943 2047 765 865
1792 3840 1919 3967 610 710
128 3328 255 3455 771 871
2688 4864 2815 4991 499 599
768 512 895 639 550 650
640 4864 767 4991 648 748
768 5248 895 5375 530 630
1152 2944 1279 3071 736 836
896 2048 1023 2175 807 907
1792 256 1919 383 564 664
896 3840 1023 3967 647 747
512 640 639 767 392 492
3840 1536 3967 1663 755 855
640 3328 767 3455 770 870
3200 3968 3327 4095 763 863
2816 3968 2943 4095 800 900
1664 1536 1791 1663 513 613
512 3072 639 3199 492 592
3840 768 3967 895 447 547
2944 5120 3071 5247 765 865
768 5632 895 5759 687 787
512 5632 639 5759 765 865
3072 5120 3199 5247 568 668
384 4096 511 4223 740 840
3712 4480 3839 4607 521 621
2176 3968 2303 4095 475 575
2944 1280 3071 1407 469 569
2816 896 2943 1023 384 484
768 4608 895 4735 665 765
1536 3200 1663 3327 597 697
3456 1792 3583 1919 556 656
896 128 1023 255 542 642
640 4736 767 4863 797 897
2944 5248 3071 5375 513 613
1024 3840 1151 3967 704 804
1792 2560 1919 2687 533 633
2176 2432 2303 2559 348 448
3200 2560 3327 2687 347 447
2432 4352 2559 4479 382 482
640 128 767 255 744 844
2944 1920 3071 2047 574 674
1152 4608 1279 4735 692 792
2304 4224 2431 4351 800 900
256 3712 383 3839 441 541
896 4352 1023 4479 574 674
0 640 127 767 749 849
640 4608 767 4735 353 453
3840 2688 3967 2815 751 851
1152 1408 1279 1535 428 528
1280 2432 1407 2559 464 564
3200 2176 3327 2303 628 728
3712 384 3839 511 704 804
2688 1920 2815 2047 341 441
2304 1920 2431 2047 382 482
2944 5376 3071 5503 556 656
2432 1024 2559 1151 451 551
2688 3712 2815 3839 447 547
640 5120 767 5247 688 788
1920 4352 2047 4479 499 599
2176 2304 2303 2431 701 801
1920 128 2047 255 398 498
2304 2816 2431 2943 718 818
128 4608 255 4735 429 529
1152 2304 1279 2431 381 481
3072 4096 3199 4223 344 444
3072 5248 3199 5375 722 822
512 5504 639 5631 577 677
384 2944 511 3071 355 455
640 3584 767 3711 658 758
3712 4224 3839 4351 622 722
1408 4864 1535 4991 762 862
2816 2816 2943 2943 419 519
3200 5120 3327 5247 500 600
3712 1536 3839 1663 748 848
2944 896 3071 1023 449 549
1280 1280 1407 1407 738 838
1152 3968 1279 4095 610 710
2688 2048 2815 2175 466 566
2944 3456 3071 3583 601 701
256 3200 383 3327 627 727
3840 128 3967 255 519 619
2176 3328 2303 3455 341 441
2432 3584 2559 3711 517 617
1024 896 1151 1023 523 623
1024 4864 1151 4991 789 889
0 4736 127 4863 662 762
2304 1408 2431 1535 563 663
256 5120 383 5247 422 522
1792 768 1919 895 462 562
2304 3968 2431 4095 725 825
3584 5376 3711 5503 786 886
1280 4864 1407 4991 523 623
2304 384 2431 511 556 656
1280 640 1407 767 804 904
3072 3968 3199 4095 567 667
128 4352 255 4479 563 663
3328 4864 3455 4991 639 739
3712 512 3839 639 808 908
1280 0 1407 127 581 681
3456 4736 3583 4863 483 583
1792 3712 1919 3839 542 642
1664 3968 1791 4095 455 555
768 4864 895 4991 491 591
128 3840 255 3967 706 806
256 4352 383 4479 793 893
512 768 639 895 604 704
3712 2944 3839 3071 556 656
768 1792 895 1919 589 689
1152 640 1279 767 659 759
3200 4992 3327 5119 746 846
384 1024 511 1151 402 502
2304 2560 2431 2687 364 464
1152 5632 1279 5759 750 850
3072 2944 3199 3071 508 608
1536 2816 1663 2943 550 650
3712 1792 3839 1919 725 825
3072 4992 3199 5119 759 859
1536 1024 1663 1151 776 876
256 384 383 511 737 837
1536 4096 1663 4223 407 507
512 4864 639 4991 614 714
1792 5632 1919 5759 635 735
896 512 1023 639 594 694
1024 5120 1151 5247 356 456
3840 2560 3967 2687 552 652
640 5632 767 5759 347 447
256 1280 383 1407 582 682
3328 4224 3455 4351 780 880
3328 3584 3455 3711 744 844
1664 2432 1791 2559 752 852
2048 1024 2175 1151 375 475
2560 5632 2687 5759 473 573
384 3968 511 4095 393 493
3456 5632 3583 5759 530 630
3840 1280 3967 1407 768 868
256 3584 383 3711 775 875
1280 256 1407 383 723 823
3200 1408 3327 1535 510 610
1024 1792 1151 1919 550 650
2304 3328 2431 3455 494 594
1280 3200 1407 3327 442 542
256 1152 383 1279 541 641
0 128 127 255 521 621
3840 1664 3967 1791 781 881
384 4480 511 4607 638 738
1024 512 1151 639 660 760
2944 1408 3071 1535 692 792
2432 1920 2559 2047 583 683
640 1152 767 1279 548 648
2816 5632 2943 5759 541 641
3456 4096 3583 4223 654 754
3328 4992 3455 5119 348 448
1536 1152 1663 1279 363 463
1536 2048 1663 2175 360 460
3200 1920 3327 2047 770 870
0 384 127 511 578 678
1792 5504 1919 5631 370 470
1152 5248 1279 5375 538 638
0 1792 127 1919 544 644
2688 5376 2815 5503 778 878
2944 4992 3071 5119 402 502
2304 256 2431 383 582 682
768 3200 895 3327 363 463
2688 2432 2815 2559 459 559
1664 1280 1791 1407 701 801
640 0 767 127 794 894
3200 4608 3327 4735 346 446
3456 2688 3583 2815 536 636
3456 4224 3583 4351 490 590
2560 1792 2687 1919 560 660
2432 5504 2559 5631 693 793
2560 4352 2687 4479 521 621
512 2176 639 2303 690 790
3072 4736 3199 4863 400 500
3072 5376 3199 5503 488 588
1280 4736 1407 4863 441 541
3072 2432 3199 2559 649 749
1024 0 1151 127 769 869
3840 512 3967 639 687 787
1664 5120 1791 5247 384 484
0 3968 127 4095 497 597
1408 1664 1535 1791 453 553
3328 2048 3455 2175 395 495
256 4224 383 4351 449 549
2176 2688 2303 2815 476 576
2432 768 2559 895 352 452
2816 2176 2943 2303 690 790
2048 4480 2175 4607 436 536
1280 768 1407 895 479 579
1664 2816 1791 2943 346 446
3584 128 3711 255 803 903
1536 896 1663 1023 545 645
1152 2048 1279 2175 591 691
640 256 767 383 352 452
0 896 127 1023 593 693
2176 384 2303 511 405 505
768 4096 895 4223 809 909
1920 1792 2047 1919 602 702
2048 256 2175 383 530 630
2048 4864 2175 4991 411 511
2816 2944 2943 3071 751 851
1408 5632 1535 5759 410 510
3072 1920 3199 2047 595 695
1536 4736 1663 4863 628 728
3456 256 3583 383 399 499
3584 3072 3711 3199 672 772
1920 1664 2047 1791 658 758
2688 4096 2815 4223 712 812
1152 4352 1279 4479 627 727
384 4224 511 4351 531 631
2304 4480 2431 4607 759 859
2560 3072 2687 3199 713 813
1408 1920 1535 2047 574 674
896 1792 1023 1919 743 843
256 3328 383 3455 348 448
1664 1920 1791 2047 639 739
1536 640 1663 767 758 858
3328 3328 3455 3455 627 727
640 1280 767 1407 738 838
256 3840 383 3967 350 450
1536 1280 1663 1407 636 736
3328 2688 3455 2815 727 827
3072 3200 3199 3327 558 658
3328 1792 3455 1919 340 440
512 5248 639 5375 742 842
2816 0 2943 127 740 840
1792 1408 1919 1535 811 911
2432 4096 2559 4223 663 763
256 2816 383 2943 454 554
2304 1792 2431 1919 527 627
1792 0 1919 127 737 837
512 2048 639 2175 392 492
512 3200 639 3327 600 700
1408 4096 1535 4223 518 618
3072 2816 3199 2943 609 709
640 768 767 895 589 689
2944 1664 3071 1791 779 879
512 2560 639 2687 453 553
0 1024 127 1151 487 587
1280 4480 1407 4607 519 619
1152 4096 1279 4223 573 673
1920 2304 2047 2431 358 458
2048 3968 2175 4095 418 518
1536 3840 1663 3967 736 836
1920 1408 2047 1535 764 864
3584 512 3711 639 356 456
2688 3584 2815 3711 562 662
3072 2304 3199 2431 635 735
3584 1792 3711 1919 572 672
128 2176 255 2303 412 512
768 896 895 1023 648 748
3072 1536 3199 1663 395 495
3072 3456 3199 3583 803 903
640 1920 767 2047 795 895
3840 1792 3967 1919 801 901
256 4096 383 4223 657 757
2304 1280 2431 1407 721 821
3456 640 3583 767 798 898
2944 4736 3071 4863 433 533
3200 128 3327 255 361 461
3072 4480 3199 4607 437 537
2560 3584 2687 3711 356 456
2944 3328 3071 3455 342 442
2560 1664 2687 1791 701 801
3072 640 3199 767 464 564
128 5376 255 5503 614 714
3456 1280 3583 1407 402 502
384 2432 511 2559 429 529
128 5504 255 5631 656 756
1408 4224 1535 4351 552 652
2176 3584 2303 3711 611 711
384 3584 511 3711 342 442
3328 1024 3455 1151 573 673
1280 3328 1407 3455 619 719
1792 1920 1919 2047 741 841
3200 3200 3327 3327 523 623
1024 256 1151 383 564 664
3328 3456 3455 3583 489 589
256 2688 383 2815 344 444
256 1024 383 1151 799 899
1536 3328 1663 3455 565 665
2944 128 3071 255 581 681
384 4736 511 4863 380 480
0 4608 127 4735 480 580
256 2432 383 2559 562 662
384 4992 511 5119 770 870
1664 3712 1791 3839 726 826
768 3456 895 3583 395 495
1152 3328 1279 3455 680 780
2176 2560 2303 2687 345 445
2048 1280 2175 1407 346 446
2560 1920 2687 2047 781 881
640 2304 767 2431 768 868
1408 3968 1535 4095 351 451
2944 3712 3071 3839 594 694
2816 2432 2943 2559 418 518
3072 2560 3199 2687 555 655
1152 2688 1279 2815 659 759
2432 4992 2559 5119 436 536
3712 2688 3839 2815 800 900
1920 384 2047 511 397 497
1152 5376 1279 5503 711 811
1920 5504 2047 5631 805 905
256 4480 383 4607 559 659
1536 768 1663 895 442 542
3712 2432 3839 2559 733 833
3840 3840 3967 3967 671 771
3840 640 3967 767 669 769
1920 2560 2047 2687 811 911
1152 4992 1279 5119 679 779
1152 4864 1279 4991 654 754
3072 768 3199 895 488 588
3456 768 3583 895 372 472
2304 3584 2431 3711 624 724
2944 5504 3071 5631 631 731
1792 5120 1919 5247 598 698
3072 4352 3199 4479 580 680
384 1280 511 1407 470 570
512 4224 639 4351 656 756
3712 128 3839 255 373 473
896 2816 1023 2943 478 578
2816 3456 2943 3583 665 765
3200 4224 3327 4351 340 440
2688 4608 2815 4735 358 458
1152 128 1279 255 606 706
640 1024 767 1151 597 697
1152 4480 1279 4607 439 539
1024 1408 1151 1535 750 850
512 1408 639 1535 442 542
2688 3968 2815 4095 539 639
2048 5248 2175 5375 736 836
3200 5632 3327 5759 428 528
384 640 511 767 362 462
256 896 383 1023 728 828
2048 1792 2175 1919 650 750
0 4992 127 5119 393 493
2944 2944 3071 3071 573 673
2176 4992 2303 5119 507 607
3584 2944 3711 3071 725 825
256 5376 383 5503 570 670
1920 3200 2047 3327 775 875
2432 3328 2559 3455 491 591
3712 2304 3839 2431 722 822
2944 2432 3071 2559 811 911
2560 5504 2687 5631 778 878
896 5504 1023 5631 465 565
0 4096 127 4223 521 621
1920 2176 2047 2303 471 571
3840 2944 3967 3071 598 698
128 896 255 1023 363 463
3584 384 3711 511 433 533
896 5120 1023 5247 666 766
1920 4736 2047 4863 618 718
2304 2688 2431 2815 436 536
384 5632 511 5759 687 787
640 640 767 767 813 913
1536 5376 1663 5503 622 722
2176 256 2303 383 716 816
2560 2560 2687 2687 749 849
768 1408 895 1535 727 827
2816 3712 2943 3839 367 467
1792 2304 1919 2431 597 697
2432 1792 2559 1919 744 844
640 2560 767 2687 795 895
384 256 511 383 511 611
2432 0 2559 127 580 680
768 2048 895 2175 374 474
1024 1920 1151 2047 747 847
2176 5248 2303 5375 676 776
896 3328 1023 3455 762 862
3200 4736 3327 4863 430 530
1280 2048 1407 2175 564 664
2688 2304 2815 2431 365 465
2944 2560 3071 2687 741 841
1024 2944 1151 3071 561 661
3456 4864 3583 4991 733 833
2944 0 3071 127 392 492
3584 4608 3711 4735 745 845
1920 4864 2047 4991 793 893
3328 5632 3455 5759 580 680
3456 2048 3583 2175 697 797
1408 5504 1535 5631 412 512
512 3456 639 3583 432 532
1408 3456 1535 3583 427 527
3840 4480 3967 4607 511 611
512 5120 639 5247 708 808
1920 512 2047 639 352 452
1024 768 1151 895 796 896
768 4352 895 4479 536 636
1408 384 1535 511 764 864
2176 896 2303 1023 635 735
2304 4864 2431 4991 566 666
2304 3072 2431 3199 548 648
0 0 127 127 565 665
896 2176 1023 2303 547 647
2816 5120 2943 5247 648 748
640 5376 767 5503 734 834
1024 1664 1151 1791 510 610
1152 0 1279 127 508 608
3840 4096 3967 4223 522 622
640 4352 767 4479 384 484
3328 512 3455 639 527 627
0 3584 127 3711 749 849
896 1664 1023 1791 413 513
384 2048 511 2175 454 554
512 512 639 639 422 522
1280 3712 1407 3839 809 909
1920 3072 2047 3199 509 609
2944 640 3071 767 756 856
0 2688 127 2815 788 888
1152 512 1279 639 752 852
1024 1536 1151 1663 640 740
3584 2048 3711 2175 386 486
1152 3072 1279 3199 773 873
1792 4224 1919 4351 656 756
3200 5376 3327 5503 486 586
1664 2560 1791 2687 594 694
3712 256 3839 383 672 772
1408 4608 1535 4735 394 494
3712 5248 3839 5375 793 893
1152 4736 1279 4863 548 648
2304 3456 2431 3583 692 792
1408 640 1535 767 472 572
2944 768 3071 895 685 785
0 3072 127 3199 369 469
2944 4352 3071 4479 608 708
2048 1408 2175 1535 520 620
1024 3328 1151 3455 766 866
256 1536 383 1663 782 882
2688 1024 2815 1151 617 717
1792 3456 1919 3583 474 574
384 1792 511 1919 755 855
2048 1920 2175 2047 807 907
1152 2816 1279 2943 813 913
1152 1536 1279 1663 354 454
3072 1152 3199 1279 447 547
2816 4480 2943 4607 421 521
0 1280 127 1407 752 852
3840 2432 3967 2559 545 645
2176 4096 2303 4223 364 464
3456 1664 3583 1791 652 752
128 1024 255 1151 410 510
640 384 767 511 593 693
1280 512 1407 639 627 727
3200 2816 3327 2943 369 469
3200 3072 3327 3199 361 461
2048 1664 2175 1791 776 876
896 4480 1023 4607 552 652
2560 2048 2687 2175 696 796
3200 2304 3327 2431 356 456
2304 4608 2431 4735 458 558
896 3200 1023 3327 357 457
1792 896 1919 1023 637 737
2176 4864 2303 4991 519 619
0 2944 127 3071 705 805
2176 768 2303 895 669 769
1152 3584 1279 3711 790 890
1920 0 2047 127 337 437
2944 4608 3071 4735 547 647
1920 5632 2047 5759 684 784
2816 2048 2943 2175 617 717
1408 1024 1535 1151 685 785
1792 512 1919 639 626 726
384 128 511 255 536 636
1792 2176 1919 2303 610 710
1664 4224 1791 4351 569 669
256 512 383 639 646 746
384 1920 511 2047 694 794
3200 3840 3327 3967 508 608
1664 4480 1791 4607 781 881
1664 4096 1791 4223 647 747
1536 2944 1663 3071 749 849
3072 2176 3199 2303 377 477
3840 3072 3967 3199 352 452
2304 2944 2431 3071 563 663
3840 3584 3967 3711 812 912
3840 0 3967 127 377 477
512 4992 639 5119 451 551
1664 2048 1791 2175 551 651
2304 1664 2431 1791 662 762
3584 1664 3711 1791 397 497
3200 4864 3327 4991 672 772
1792 640 1919 767 682 782
3584 4480 3711 4607 697 797
2560 256 2687 383 377 477
896 3456 1023 3583 500 600
2816 5248 2943 5375 479 579
1536 4480 1663 4607 756 856
3328 1408 3455 1535 500 600
384 5120 511 5247 689 789
3200 5504 3327 5631 627 727
3072 512 3199 639 707 807
256 1792 383 1919 486 586
2176 1536 2303 1663 365 465
3712 2048 3839 2175 355 455
1280 5504 1407 5631 759 859
2048 4224 2175 4351 523 623
2304 1152 2431 1279 591 691
1664 768 1791 895 566 666
0 768 127 895 694 794
2816 1792 2943 1919 558 658
768 2432 895 2559 399 499
2560 896 2687 1023 556 656
2816 3328 2943 3455 598 698
512 3968 639 4095 415 515
2048 5504 2175 5631 782 882
3712 4736 3839 4863 596 696
896 1408 1023 1535 381 481
2176 2816 2303 2943 345 445
2176 1152 2303 1279 810 910
128 1152 255 1279 706 806
128 4992 255 5119 405 505
1024 4992 1151 5119 594 694
768 1664 895 1791 501 601
1024 5632 1151 5759 692 792
2816 768 2943 895 560 660
384 1536 511 1663 664 764
1664 3328 1791 3455 357 457
2176 4480 2303 4607 503 603
1664 5376 1791 5503 753 853
2816 1280 2943 1407 635 735
2688 640 2815 767 719 819
1920 1920 2047 2047 572 672
1024 1024 1151 1151 785 885
0 3328 127 3455 673 773
2688 3840 2815 3967 591 691
2048 3328 2175 3455 656 756
640 4096 767 4223 382 482
1536 5632 1663 5759 368 468
2816 1024 2943 1151 408 508
2432 1536 2559 1663 666 766
128 5632 255 5759 589 689
2560 4096 2687 4223 471 571
2688 1536 2815 1663 408 508
640 5504 767 5631 373 473
3328 256 3455 383 475 575
1408 3200 1535 3327 779 879
2688 3072 2815 3199 558 658
3840 1024 3967 1151 519 619
512 384 639 511 787 887
256 2944 383 3071 555 655
256 1408 383 1535 337 437
0 1536 127 1663 379 479
2944 4224 3071 4351 738 838
1792 3072 1919 3199 501 601
1536 3712 1663 3839 660 760
3456 1920 3583 2047 485 585
1280 3840 1407 3967 754 854
3712 5376 3839 5503 606 706
0 5248 127 5375 577 677
3712 1920 3839 2047 694 794
1280 2176 1407 2303 427 527
1792 384 1919 511 482 582
384 5504 511 5631 378 478
640 4480 767 4607 801 901
2816 4864 2943 4991 744 844
384 384 511 511 632 732
1280 3968 1407 4095 644 744
2048 2048 2175 2175 789 889
384 2688 511 2815 589 689
256 256 383 383 715 815
3840 5504 3967 5631 641 741
2944 1152 3071 1279 364 464
3328 1152 3455 1279 775 875
1664 5248 1791 5375 638 738
1408 2432 1535 2559 803 903
128 4096 255 4223 362 462
1280 1024 1407 1151 603 703
0 1664 127 1791 548 648
1152 1024 1279 1151 470 570
2176 5632 2303 5759 577 677
1536 3072 1663 3199 692 792
3584 3968 3711 4095 471 571
2304 5248 2431 5375 545 645
3200 256 3327 383 542 642
2688 896 2815 1023 635 735
1536 2432 1663 2559 794 894
1920 4096 2047 4223 690 790
3840 5120 3967 5247 576 676
256 4864 383 4991 586 686
1536 2560 1663 2687 379 479
1664 1792 1791 1919 382 482
3200 896 3327 1023 602 702
1792 5248 1919 5375 450 550
768 5504 895 5631 423 523
2432 2176 2559 2303 590 690
2304 768 2431 895 380 480
2816 2560 2943 2687 719 819
2048 384 2175 511 346 446
128 128 255 255 759 859
2944 2304 3071 2431 420 520
1024 5376 1151 5503 650 750
3712 2560 3839 2687 586 686
896 5376 1023 5503 448 548
2688 5248 2815 5375 538 638
1408 4352 1535 4479 337 437
1152 1664 1279 1791 363 463
0 3840 127 3967 563 663
1408 1152 1535 1279 603 703
1792 1792 1919 1919 500 600
2816 2304 2943 2431 697 797
896 1536 1023 1663 769 869
2816 4736 2943 4863 781 881
768 3968 895 4095 354 454
2560 3712 2687 3839 426 526
1152 5120 1279 5247 510 610
3328 2816 3455 2943 578 678
1408 3712 1535 3839 809 909
3840 3328 3967 3455 789 889
2304 4096 2431 4223 743 843
2560 3968 2687 4095 581 681
2560 1408 2687 1535 355 455
1664 2176 1791 2303 788 888
2432 3840 2559 3967 773 873
2816 640 2943 767 394 494
3456 2176 3583 2303 801 901
3712 3200 3839 3327 549 649
3456 4480 3583 4607 438 538
3200 3712 3327 3839 632 732
2432 4864 2559 4991 484 584
1024 4096 1151 4223 383 483
1408 512 1535 639 715 815
512 3328 639 3455 797 897
2688 1792 2815 1919 558 658
2944 2048 3071 2175 349 449
512 1920 639 2047 447 547
2304 5632 2431 5759 558 658
1792 3968 1919 4095 779 879
1152 2432 1279 2559 674 774
128 3456 255 3583 751 851
1408 3584 1535 3711 391 491
2560 0 2687 127 483 583
2304 1024 2431 1151 632 732
768 384 895 511 359 459
896 4608 1023 4735 426 526
1536 2304 1663 2431 648 748
1408 1280 1535 1407 458 558
1152 2560 1279 2687 667 767
3328 128 3455 255 643 743
2688 1280 2815 1407 433 533
384 2304 511 2431 523 623
2816 3072 2943 3199 411 511
384 3072 511 3199 377 477
2688 3200 2815 3327 497 597
2048 4736 2175 4863 773 873
1536 0 1663 127 435 535
3328 5376 3455 5503 484 584
256 4992 383 5119 508 608
128 2560 255 2687 462 562
384 896 511 1023 779 879
3328 2432 3455 2559 581 681
256 4736 383 4863 508 608
2432 5248 2559 5375 681 781
1792 2816 1919 2943 490 590
2304 2176 2431 2303 655 755
2048 2816 2175 2943 619 719
0 4864 127 4991 601 701
2560 4480 2687 4607 803 903
256 2304 383 2431 510 610
1920 4608 2047 4735 461 561
2816 4352 2943 4479 740 840
1536 4992 1663 5119 565 665
3200 3584 3327 3711 533 633
2944 1024 3071 1151 484 584
896 4992 1023 5119 513 613
3840 3712 3967 3839 622 722
2560 5248 2687 5375 795 895
2432 2432 2559 2559 634 734
2560 2304 2687 2431 401 501
256 5504 383 5631 625 725
3712 4352 3839 4479 656 756
2048 2688 2175 2815 587 687
1664 640 1791 767 625 725
1152 5504 1279 5631 623 723
2688 2816 2815 2943 674 774
1536 4352 1663 4479 584 684
2688 4736 2815 4863 647 747
3584 256 3711 383 747 847
2944 5632 3071 5759 681 781
384 1152 511 1279 772 872
2432 3968 2559 4095 639 739
2048 2432 2175 2559 374 474
2176 1408 2303 1535 392 492
0 512 127 639 506 606
1664 256 1791 383 527 627
2048 768 2175 895 636 736
0 3456 127 3583 714 814
1536 3456 1663 3583 791 891
2688 5120 2815 5247 625 725
384 4352 511 4479 337 437
1920 1024 2047 1151 364 464
1408 256 1535 383 477 577
1920 5248 2047 5375 565 665
384 2560 511 2687 560 660
3456 3328 3583 3455 625 725
1408 4480 1535 4607 741 841
384 5248 511 5375 771 871
1664 4864 1791 4991 606 706
3584 2176 3711 2303 487 587
1792 3584 1919 3711 359 459
2432 1280 2559 1407 343 443
3072 3840 3199 3967 806 906
1664 1664 1791 1791 535 635
1792 2944 1919 3071 557 657
3200 640 3327 767 615 715
2560 3200 2687 3327 395 495
1024 384 1151 511 730 830
3456 3072 3583 3199 374 474
3712 3840 3839 3967 806 906
1024 5248 1151 5375 523 623
128 2304 255 2431 809 909
3584 2688 3711 2815 557 657
1536 3584 1663 3711 560 660
2560 768 2687 895 790 890
2560 4224 2687 4351 652 752
3840 5376 3967 5503 751 851
2560 3328 2687 3455 613 713
2560 5120 2687 5247 552 652
2816 3584 2943 3711 728 828
3840 2176 3967 2303 350 450
3456 4992 3583 5119 478 578
1280 4352 1407 4479 756 856
640 1408 767 1535 491 591
2816 1664 2943 1791 706 806
3200 1792 3327 1919 428 528
256 2560 383 2687 779 879
3584 2432 3711 2559 559 659
768 2816 895 2943 386 486
1920 5120 2047 5247 497 597
512 256 639 383 635 735
2944 4480 3071 4607 811 911
3456 1536 3583 1663 430 530
2816 512 2943 639 628 728
768 4992 895 5119 532 632
2176 3840 2303 3967 650 750
2688 1152 2815 1279 355 455
3840 1408 3967 1535 517 617
128 640 255 767 567 667
3584 1920 3711 2047 393 493
3072 4224 3199 4351 435 535
1280 1152 1407 1279 679 779
896 768 1023 895 791 891
512 3712 639 3839 655 755
1664 3584 1791 3711 426 526
3328 3712 3455 3839 694 794
640 2432 767 2559 493 593
1920 896 2047 1023 363 463
3328 2304 3455 2431 419 519
3456 5120 3583 5247 634 734
0 4352 127 4479 680 780
3072 1280 3199 1407 432 532
3072 4864 3199 4991 776 876
3840 1920 3967 2047 622 722
896 5632 1023 5759 586 686
0 5376 127 5503 594 694
640 896 767 1023 640 740
2048 4608 2175 4735 477 577
1664 2944 1791 3071 743 843
896 1024 1023 1151 689 789
3584 4736 3711 4863 638 738
3200 512 3327 639 564 664
3456 128 3583 255 686 786
2432 5632 2559 5759 731 831
2048 896 2175 1023 781 881
3584 4224 3711 4351 807 907
1920 3840 2047 3967 493 593
2560 512 2687 639 726 826
3072 0 3199 127 436 536
1408 3072 1535 3199 649 749
2176 3712 2303 3839 708 808
3712 3072 3839 3199 534 634
3328 896 3455 1023 515 615
128 3712 255 3839 611 711
3200 2944 3327 3071 375 475
0 1408 127 1535 604 704
640 2688 767 2815 491 591
512 4608 639 4735 457 557
3840 2816 3967 2943 556 656
896 2304 1023 2431 499 599
896 0 1023 127 755 855
3712 2816 3839 2943 422 522
3584 3456 3711 3583 595 695
640 3712 767 3839 643 743
3200 1152 3327 1279 708 808
3456 512 3583 639 770 870
1024 640 1151 767 423 523
256 4608 383 4735 534 634
2176 1792 2303 1919 434 534
2432 1152 2559 1279 755 855
2944 4096 3071 4223 812 912
3328 4736 3455 4863 661 761
2432 2944 2559 3071 506 606
3712 1408 3839 1535 610 710
1536 3968 1663 4095 578 678
3456 2816 3583 2943 399 499
2560 5376 2687 5503 529 629
1024 2432 1151 2559 660 760
2560 4608 2687 4735 788 888
2944 2176 3071 2303 629 729
256 3456 383 3583 496 596
3328 4608 3455 4735 682 782
128 512 255 639 349 449
768 2560 895 2687 600 700
2432 512 2559 639 480 580
2304 640 2431 767 791 891
512 128 639 255 390 490
2432 3712 2559 3839 560 660
896 4864 1023 4991 360 460
3456 5248 3583 5375 609 709
3584 2560 3711 2687 723 823
512 1792 639 1919 778 878
1152 1280 1279 1407 694 794
3584 3200 3711 3327 430 530
1792 4608 1919 4735 533 633
1536 5248 1663 5375 514 614
1024 2560 1151 2687 386 486
3584 640 3711 767 546 646
1024 3072 1151 3199 637 737
128 4480 255 4607 483 583
3456 3456 3583 3583 487 587
2560 2688 2687 2815 561 661
0 1920 127 2047 733 833
2560 384 2687 511 582 682
3200 2432 3327 2559 357 457
2048 128 2175 255 497 597
896 640 1023 767 645 745
1664 5632 1791 5759 476 576
3712 4992 3839 5119 747 847
768 2944 895 3071 619 719
2432 384 2559 511 768 868
1664 5504 1791 5631 355 455
128 5248 255 5375 414 514
384 3840 511 3967 780 880
1408 4992 1535 5119 618 718
1024 3200 1151 3327 483 583
768 2176 895 2303 683 783
2048 3584 2175 3711 597 697
1920 2816 2047 2943 706 806
512 4096 639 4223 707 807
2176 1280 2303 1407 392 492
1024 2304 1151 2431 615 715
896 896 1023 1023 597 697
3712 0 3839 127 675 775
1408 5376 1535 5503 634 734
2048 4352 2175 4479 794 894
1536 4224 1663 4351 779 879
3200 2048 3327 2175 684 784
2688 4224 2815 4351 526 626
896 2432 1023 2559 528 628
768 2304 895 2431 756 856
2688 512 2815 639 676 776
3200 2688 3327 2815 679 779
2304 2304 2431 2431 676 776
3456 3840 3583 3967 445 545
2688 256 2815 383 625 725
2432 128 2559 255 762 862
768 5376 895 5503 679 779
3456 1408 3583 1535 764 864
896 2560 1023 2687 695 795
1024 4352 1151 4479 484 584
768 640 895 767 718 818
1792 3200 1919 3327 713 813
2688 4480 2815 4607 487 587
2304 3840 2431 3967 611 711
2560 2816 2687 2943 443 543
2176 1024 2303 1151 633 733
1024 4736 1151 4863 480 580
1664 896 1791 1023 703 803
768 3584 895 3711 526 626
1536 512 1663 639 373 473
512 4352 639 4479 684 784
1664 4736 1791 4863 730 830
1920 2432 2047 2559 560 660
384 5376 511 5503 546 646
1280 2944 1407 3071 551 651
1920 768 2047 895 540 640
3328 1536 3455 1663 437 537
2560 4992 2687 5119 347 447
2560 3456 2687 3583 729 829
3328 1664 3455 1791 554 654
1280 4992 1407 5119 766 866
3840 1152 3967 1279 517 617
2176 3072 2303 3199 419 519
896 2944 1023 3071 628 728
1536 4608 1663 4735 551 651
3712 1024 3839 1151 708 808
2944 3840 3071 3967 503 603
2816 1152 2943 1279 416 516
640 2048 767 2175 658 758
2560 3840 2687 3967 787 887
3072 3712 3199 3839 490 590
3840 4352 3967 4479 563 663
2816 256 2943 383 687 787
2176 128 2303 255 640 740
640 2816 767 2943 763 863
3840 5248 3967 5375 793 893
3840 256 3967 383 460 560
2048 5376 2175 5503 429 529
3584 2816 3711 2943 609 709
1280 2688 1407 2815 575 675
128 3584 255 3711 392 492
2816 1408 2943 1535 479 579
1920 3584 2047 3711 417 517
1152 256 1279 383 615 715
1024 4608 1151 4735 614 714
2048 1152 2175 1279 557 657
1408 2176 1535 2303 341 441
3584 3584 3711 3711 714 814
1920 1280 2047 1407 567 667
0 1152 127 1279 659 759
2176 3200 2303 3327 455 555
2432 2816 2559 2943 446 546
2816 5376 2943 5503 765 865
3072 384 3199 511 463 563
0 2176 127 2303 663 763
2176 5504 2303 5631 503 603
