1000
521 2696 921 3096 591 601
4435 3238 4835 3638 764 774
156 1623 556 2023 589 599
3804 2689 4204 3089 343 353
3017 1625 3417 2025 776 786
869 2196 1269 2596 494 504
4455 2756 4855 3156 524 534
3668 2797 4068 3197 359 369
3117 3477 3517 3877 411 421
97 3116 497 3516 376 386
4091 1409 4491 1809 800 810
5392 100 5792 500 829 839
3701 2449 4101 2849 674 684
1709 3366 2109 3766 577 587
5322 2638 5722 3038 794 804
4655 294 5055 694 788 798
437 1196 837 1596 559 569
4719 2903 5119 3303 648 658
446 2000 846 2400 585 595
722 3498 1122 3898 643 653
5040 2566 5440 2966 518 528
4315 249 4715 649 881 891
2033 805 2433 1205 444 454
4672 3057 5072 3457 855 865
3009 1729 3409 2129 450 460
4227 1055 4627 1455 817 827
3020 2388 3420 2788 878 888
2022 1434 2422 1834 401 411
3526 2470 3926 2870 383 393
2371 418 2771 818 652 662
3599 975 3999 1375 844 854
4855 1146 5255 1546 711 721
321 568 721 968 486 496
720 864 1120 1264 485 495
1854 2632 2254 3032 716 726
4176 296 4576 696 353 363
552 2672 952 3072 818 828
3441 1713 3841 2113 467 477
504 2309 904 2709 456 466
2862 1663 3262 2063 357 367
44 1381 444 1781 646 656
1584 782 1984 1182 717 727
4869 3567 5269 3967 432 442
5281 802 5681 1202 693 703
4845 34 5245 434 543 553
3442 3321 3842 3721 437 447
3164 154 3564 554 763 773
4448 1022 4848 1422 674 684
1131 2557 1531 2957 352 362
4856 1647 5256 2047 611 621
22 1790 422 2190 559 569
5115 2881 5515 3281 442 452
3000 1568 3400 1968 611 621
1151 748 1551 1148 669 679
4241 805 4641 1205 569 579
1834 1960 2234 2360 424 434
719 1665 1119 2065 584 594
4233 1729 4633 2129 521 531
3515 564 3915 964 802 812
4970 1571 5370 1971 338 348
87 55 487 455 514 524
784 13 1184 413 703 713
1035 1081 1435 1481 649 659
4039 3247 4439 3647 499 509
5074 2263 5474 2663 338 348
3433 763 3833 1163 480 490
727 553 1127 953 438 448
73 2213 473 2613 563 573
2663 1765 3063 2165 419 429
3246 8 3646 408 627 637
2436 115 2836 515 574 584
2840 2886 3240 3286 634 644
917 2484 1317 2884 427 437
4414 3404 4814 3804 808 818
4851 3428 5251 3828 806 816
1949 3520 2349 3920 757 767
2028 1890 2428 2290 695 705
5375 201 5775 601 416 426
429 3077 829 3477 824 834
4646 181 5046 581 735 745
1118 2453 1518 2853 358 368
3628 2390 4028 2790 417 427
967 2294 1367 2694 451 461
4454 2222 4854 2622 668 678
4360 2341 4760 2741 899 909
5240 1948 5640 2348 744 754
3172 329 3572 729 859 869
4633 3333 5033 3733 793 803
409 1305 809 1705 796 806
4584 1429 4984 1829 636 646
677 2258 1077 2658 379 389
2222 3265 2622 3665 704 714
4876 2373 5276 2773 778 788
1356 2754 1756 3154 412 422
4020 3474 4420 3874 772 782
4497 1685 4897 2085 726 736
3658 1752 4058 2152 481 491
2230 45 2630 445 640 650
2849 287 3249 687 864 874
489 1224 889 1624 537 547
3522 2283 3922 2683 516 526
3817 1487 4217 1887 407 417
1337 1723 1737 2123 507 517
2754 364 3154 764 339 349
4165 233 4565 633 877 887
5294 1157 5694 1557 758 768
2650 3057 3050 3457 534 544
1139 38 1539 438 432 442
381 3106 781 3506 597 607
3998 2442 4398 2842 754 764
2877 2411 3277 2811 364 374
3576 1282 3976 1682 386 396
1721 2957 2121 3357 901 911
1155 1018 1555 1418 889 899
578 706 978 1106 616 626
2102 762 2502 1162 709 719
84 1043 484 1443 376 386
260 1878 660 2278 642 652
2137 3001 2537 3401 829 839
683 3043 1083 3443 763 773
3361 415 3761 815 743 753
2529 395 2929 795 812 822
3602 2646 4002 3046 640 650
259 2339 659 2739 732 742
5053 139 5453 539 468 478
3118 3120 3518 3520 348 358
1515 2165 1915 2565 696 706
1653 536 2053 936 522 532
8 1298 408 1698 697 707
5185 1718 5585 2118 548 558
4229 2441 4629 2841 842 852
346 56 746 456 496 506
548 3254 948 3654 713 723
3294 2953 3694 3353 595 605
455 2539 855 2939 581 591
4517 733 4917 1133 710 720
1886 204 2286 604 706 716
3533 1918 3933 2318 896 906
2592 801 2992 1201 678 688
2008 890 2408 1290 879 889
653 3116 1053 3516 718 728
1405 597 1805 997 853 863
2399 3329 2799 3729 636 646
230 1955 630 2355 567 577
4058 2604 4458 3004 696 706
3893 2382 4293 2782 734 744
1839 3561 2239 3961 356 366
856 2072 1256 2472 737 747
3769 3395 4169 3795 480 490
2146 1238 2546 1638 579 589
4676 1664 5076 2064 392 402
1275 3580 1675 3980 762 772
5355 3197 5755 3597 464 474
4194 1653 4594 2053 367 377
931 705 1331 1105 802 812
3497 492 3897 892 766 776
1251 2625 1651 3025 774 784
1463 2996 1863 3396 682 692
346 630 746 1030 611 621
786 426 1186 826 856 866
5407 3523 5807 3923 559 569
2113 1557 2513 1957 727 737
2134 278 2534 678 888 898
3455 849 3855 1249 721 731
3929 2040 4329 2440 613 623
1449 1281 1849 1681 679 689
3094 814 3494 1214 660 670
184 263 584 663 360 370
1693 36 2093 436 839 849
4772 2444 5172 2844 803 813
3425 2686 3825 3086 664 674
1183 277 1583 677 804 814
2016 924 2416 1324 605 615
318 756 718 1156 867 877
4639 3236 5039 3636 623 633
2714 2258 3114 2658 864 874
1314 3224 1714 3624 787 797
2279 983 2679 1383 347 357
1339 627 1739 1027 511 521
5141 440 5541 840 353 363
2072 3170 2472 3570 552 562
2563 3280 2963 3680 663 673
5328 2258 5728 2658 478 488
4525 1211 4925 1611 691 701
2099 282 2499 682 701 711
4109 1686 4509 2086 471 481
3485 2314 3885 2714 866 876
1478 2702 1878 3102 689 699
4992 2243 5392 2643 720 730
3806 1569 4206 1969 603 613
4148 524 4548 924 353 363
3420 2631 3820 3031 696 706
3736 2247 4136 2647 887 897
4667 1159 5067 1559 781 791
4229 216 4629 616 762 772
909 2970 1309 3370 604 614
1597 3498 1997 3898 454 464
4262 525 4662 925 700 710
3647 1514 4047 1914 604 614
1444 2902 1844 3302 798 808
5303 1440 5703 1840 483 493
5205 1325 5605 1725 554 564
5211 1324 5611 1724 409 419
1896 270 2296 670 754 764
1019 2521 1419 2921 483 493
1778 2020 2178 2420 887 897
1761 2536 2161 2936 856 866
1968 2181 2368 2581 645 655
2114 1359 2514 1759 897 907
3855 2207 4255 2607 587 597
1450 2146 1850 2546 864 874
2412 163 2812 563 745 755
4179 1631 4579 2031 556 566
1196 1023 1596 1423 438 448
3431 1062 3831 1462 745 755
2100 518 2500 918 579 589
1628 2589 2028 2989 704 714
59 295 459 695 889 899
4629 1449 5029 1849 482 492
1128 3185 1528 3585 804 814
4560 797 4960 1197 487 497
2750 503 3150 903 615 625
1996 2842 2396 3242 478 488
593 2859 993 3259 497 507
645 3224 1045 3624 549 559
3819 552 4219 952 491 501
142 2924 542 3324 460 470
2092 945 2492 1345 704 714
488 831 888 1231 824 834
4418 2006 4818 2406 586 596
4443 2261 4843 2661 887 897
426 364 826 764 739 749
3328 3332 3728 3732 862 872
2039 3196 2439 3596 696 706
1017 1736 1417 2136 594 604
1597 1475 1997 1875 766 776
116 831 516 1231 500 510
1215 1759 1615 2159 378 388
3982 2841 4382 3241 515 525
2529 1834 2929 2234 467 477
1026 2456 1426 2856 354 364
609 1161 1009 1561 638 648
1441 203 1841 603 593 603
2262 633 2662 1033 373 383
4267 1383 4667 1783 581 591
2883 3515 3283 3915 557 567
2774 346 3174 746 477 487
3005 1666 3405 2066 644 654
3634 3588 4034 3988 476 486
1288 2452 1688 2852 686 696
2534 2951 2934 3351 477 487
3930 2283 4330 2683 566 576
5346 370 5746 770 664 674
3654 634 4054 1034 848 858
4886 1753 5286 2153 580 590
1370 1840 1770 2240 641 651
118 868 518 1268 616 626
1272 250 1672 650 565 575
1484 350 1884 750 790 800
1556 2000 1956 2400 710 720
3030 2095 3430 2495 443 453
5221 223 5621 623 669 679
2801 3021 3201 3421 528 538
4853 347 5253 747 544 554
5097 2599 5497 2999 380 390
2303 2800 2703 3200 860 870
3194 2427 3594 2827 712 722
196 3238 596 3638 667 677
5408 1883 5808 2283 636 646
1047 1203 1447 1603 863 873
3403 2450 3803 2850 780 790
2620 878 3020 1278 341 351
2186 2760 2586 3160 414 424
979 3188 1379 3588 624 634
1261 2215 1661 2615 374 384
1858 1223 2258 1623 477 487
3091 1638 3491 2038 521 531
5170 2296 5570 2696 580 590
2783 2190 3183 2590 394 404
2441 1889 2841 2289 606 616
306 3264 706 3664 365 375
4355 554 4755 954 444 454
4756 3246 5156 3646 375 385
4609 1834 5009 2234 552 562
4690 2646 5090 3046 787 797
4758 1741 5158 2141 823 833
3307 380 3707 780 899 909
770 1522 1170 1922 661 671
1298 3325 1698 3725 841 851
3496 448 3896 848 758 768
3795 583 4195 983 655 665
2662 1644 3062 2044 703 713
5318 253 5718 653 603 613
3683 3031 4083 3431 545 555
2610 2544 3010 2944 671 681
4632 3482 5032 3882 523 533
4050 1442 4450 1842 494 504
1180 1873 1580 2273 456 466
4851 2901 5251 3301 676 686
3835 718 4235 1118 886 896
2370 128 2770 528 348 358
983 1490 1383 1890 770 780
5171 2081 5571 2481 826 836
798 481 1198 881 595 605
40 458 440 858 364 374
4160 2136 4560 2536 736 746
1255 1048 1655 1448 589 599
2735 2432 3135 2832 739 749
327 1382 727 1782 796 806
4816 1599 5216 1999 818 828
5200 1371 5600 1771 507 517
4662 1870 5062 2270 895 905
2116 1560 2516 1960 453 463
2320 667 2720 1067 790 800
4756 1954 5156 2354 421 431
354 866 754 1266 865 875
4756 1235 5156 1635 471 481
2382 2861 2782 3261 739 749
2322 63 2722 463 358 368
433 1858 833 2258 836 846
3089 3003 3489 3403 393 403
3203 3500 3603 3900 350 360
3752 3484 4152 3884 507 517
4613 2626 5013 3026 498 508
4030 357 4430 757 466 476
2048 731 2448 1131 745 755
423 29 823 429 389 399
3205 2713 3605 3113 622 632
1007 3454 1407 3854 431 441
4122 3062 4522 3462 722 732
2624 2255 3024 2655 846 856
2077 580 2477 980 748 758
3149 3128 3549 3528 863 873
444 2688 844 3088 480 490
2764 3341 3164 3741 360 370
5023 1944 5423 2344 530 540
3378 2145 3778 2545 692 702
1647 1389 2047 1789 663 673
316 1529 716 1929 648 658
4840 2436 5240 2836 671 681
1148 18 1548 418 579 589
2759 2848 3159 3248 479 489
891 1412 1291 1812 360 370
2786 2962 3186 3362 340 350
3075 382 3475 782 676 686
758 2828 1158 3228 384 394
4824 1875 5224 2275 494 504
512 848 912 1248 509 519
1716 1446 2116 1846 766 776
5003 2804 5403 3204 653 663
3117 2598 3517 2998 735 745
1709 231 2109 631 873 883
4297 2803 4697 3203 578 588
1189 2997 1589 3397 587 597
2439 2856 2839 3256 364 374
4073 3320 4473 3720 605 615
136 3028 536 3428 649 659
4495 2010 4895 2410 419 429
4034 2398 4434 2798 767 777
2953 446 3353 846 654 664
5059 1306 5459 1706 399 409
4972 3052 5372 3452 578 588
2206 1153 2606 1553 402 412
2788 3269 3188 3669 397 407
4284 1864 4684 2264 642 652
4332 3301 4732 3701 593 603
5393 811 5793 1211 377 387
5403 1650 5803 2050 350 360
3448 1517 3848 1917 773 783
2406 1939 2806 2339 823 833
4869 3263 5269 3663 770 780
789 3414 1189 3814 354 364
1559 131 1959 531 656 666
2315 1445 2715 1845 696 706
3594 1027 3994 1427 411 421
2717 1348 3117 1748 642 652
3635 2566 4035 2966 368 378
2853 3536 3253 3936 815 825
883 923 1283 1323 892 902
5198 3376 5598 3776 525 535
1599 2896 1999 3296 532 542
1524 3593 1924 3993 615 625
1239 585 1639 985 808 818
2480 1788 2880 2188 719 729
3873 2997 4273 3397 663 673
4980 1375 5380 1775 538 548
1869 244 2269 644 612 622
2997 1120 3397 1520 629 639
4539 1833 4939 2233 543 553
2526 1179 2926 1579 849 859
2789 2624 3189 3024 535 545
2070 2364 2470 2764 863 873
214 2870 614 3270 372 382
1991 1693 2391 2093 763 773
2185 2104 2585 2504 834 844
2204 274 2604 674 452 462
4131 3105 4531 3505 812 822
2162 2116 2562 2516 886 896
2017 467 2417 867 622 632
1701 256 2101 656 892 902
3622 2842 4022 3242 547 557
4644 2194 5044 2594 587 597
2994 1727 3394 2127 901 911
2794 62 3194 462 738 748
3797 1664 4197 2064 392 402
4156 359 4556 759 505 515
1463 1096 1863 1496 750 760
4793 750 5193 1150 657 667
3556 1346 3956 1746 638 648
4076 1135 4476 1535 683 693
3547 1984 3947 2384 411 421
1006 1097 1406 1497 456 466
539 2067 939 2467 529 539
3701 3389 4101 3789 534 544
4653 3249 5053 3649 788 798
2144 2555 2544 2955 549 559
1152 2681 1552 3081 389 399
670 270 1070 670 715 725
1132 45 1532 445 554 564
4513 3256 4913 3656 680 690
2142 281 2542 681 471 481
3 945 403 1345 564 574
2727 3431 3127 3831 479 489
5404 1897 5804 2297 755 765
1704 3147 2104 3547 618 628
2133 2084 2533 2484 500 510
3454 2583 3854 2983 582 592
1793 3566 2193 3966 642 652
4754 3550 5154 3950 793 803
3472 3002 3872 3402 687 697
5404 88 5804 488 749 759
3291 1250 3691 1650 753 763
4655 899 5055 1299 819 829
4485 763 4885 1163 377 387
2698 2995 3098 3395 460 470
3091 2985 3491 3385 362 372
4696 3185 5096 3585 817 827
3533 1090 3933 1490 539 549
1834 2561 2234 2961 415 425
592 3252 992 3652 615 625
1321 698 1721 1098 483 493
2126 483 2526 883 464 474
4015 105 4415 505 743 753
2399 1631 2799 2031 378 388
981 2758 1381 3158 572 582
1850 1044 2250 1444 641 651
1709 1134 2109 1534 797 807
4590 1527 4990 1927 462 472
3158 3076 3558 3476 514 524
3986 3152 4386 3552 605 615
3584 3503 3984 3903 444 454
4094 2319 4494 2719 669 679
2956 2054 3356 2454 438 448
335 1028 735 1428 896 906
1634 2068 2034 2468 892 902
3117 1119 3517 1519 510 520
1791 2357 2191 2757 547 557
1111 2091 1511 2491 551 561
307 2378 707 2778 893 903
1254 1076 1654 1476 829 839
2298 2699 2698 3099 709 719
841 1641 1241 2041 882 892
3051 1245 3451 1645 499 509
2701 3338 3101 3738 675 685
1714 2063 2114 2463 818 828
5351 3435 5751 3835 486 496
694 3237 1094 3637 706 716
3323 3146 3723 3546 826 836
3010 69 3410 469 546 556
4783 1679 5183 2079 446 456
3478 425 3878 825 740 750
732 2117 1132 2517 439 449
1234 36 1634 436 804 814
3873 909 4273 1309 476 486
2730 1255 3130 1655 630 640
4541 3253 4941 3653 869 879
274 2836 674 3236 800 810
2522 556 2922 956 382 392
2428 1542 2828 1942 808 818
589 1668 989 2068 425 435
3553 1995 3953 2395 635 645
4338 2427 4738 2827 476 486
1282 1680 1682 2080 784 794
536 1810 936 2210 459 469
2118 1753 2518 2153 694 704
2538 2997 2938 3397 845 855
4911 40 5311 440 452 462
3026 351 3426 751 796 806
872 329 1272 729 390 400
4197 841 4597 1241 357 367
3373 2383 3773 2783 492 502
1014 452 1414 852 601 611
523 1800 923 2200 661 671
5266 471 5666 871 704 714
1623 3404 2023 3804 632 642
5067 1277 5467 1677 796 806
1748 1707 2148 2107 778 788
3559 150 3959 550 883 893
376 3351 776 3751 400 410
337 2088 737 2488 739 749
534 129 934 529 745 755
1569 921 1969 1321 886 896
4489 2980 4889 3380 632 642
2525 1232 2925 1632 386 396
2112 3206 2512 3606 788 798
541 1446 941 1846 562 572
2666 715 3066 1115 612 622
444 249 844 649 835 845
4716 2114 5116 2514 708 718
4149 649 4549 1049 702 712
5090 2052 5490 2452 776 786
3086 3209 3486 3609 661 671
2162 2944 2562 3344 495 505
1351 2358 1751 2758 662 672
3752 3261 4152 3661 846 856
3481 1713 3881 2113 643 653
3074 711 3474 1111 691 701
4881 297 5281 697 408 418
1046 821 1446 1221 822 832
3639 521 4039 921 851 861
533 239 933 639 451 461
544 2358 944 2758 846 856
5001 1637 5401 2037 665 675
666 3478 1066 3878 734 744
1125 1150 1525 1550 722 732
5438 3169 5838 3569 359 369
2034 2100 2434 2500 606 616
1295 2669 1695 3069 706 716
1340 2937 1740 3337 637 647
2545 1143 2945 1543 900 910
2684 885 3084 1285 763 773
2292 203 2692 603 701 711
374 1527 774 1927 565 575
4299 636 4699 1036 651 661
269 272 669 672 376 386
3840 40 4240 440 823 833
2425 2896 2825 3296 388 398
1252 843 1652 1243 414 424
3644 753 4044 1153 832 842
3750 3228 4150 3628 880 890
278 1717 678 2117 793 803
3760 1291 4160 1691 444 454
959 2139 1359 2539 658 668
2671 934 3071 1334 460 470
1928 2124 2328 2524 677 687
5361 1187 5761 1587 554 564
442 3438 842 3838 527 537
1128 295 1528 695 820 830
3981 767 4381 1167 370 380
4923 3584 5323 3984 602 612
2150 2066 2550 2466 394 404
4201 1562 4601 1962 863 873
1053 2341 1453 2741 883 893
585 2437 985 2837 782 792
3463 3239 3863 3639 763 773
2808 204 3208 604 709 719
4058 103 4458 503 643 653
1243 1435 1643 1835 703 713
3978 2687 4378 3087 823 833
157 3196 557 3596 539 549
331 2014 731 2414 481 491
2058 2116 2458 2516 377 387
2189 1035 2589 1435 656 666
3977 296 4377 696 850 860
3716 2628 4116 3028 641 651
4240 518 4640 918 699 709
1384 3301 1784 3701 377 387
451 3068 851 3468 665 675
2694 664 3094 1064 571 581
3753 1372 4153 1772 525 535
1936 288 2336 688 505 515
2963 60 3363 460 836 846
5153 467 5553 867 491 501
4341 1559 4741 1959 359 369
319 669 719 1069 563 573
772 1430 1172 1830 745 755
5305 2939 5705 3339 555 565
4108 1432 4508 1832 816 826
872 2317 1272 2717 812 822
5019 2759 5419 3159 510 520
24 651 424 1051 744 754
4360 1660 4760 2060 372 382
3343 1656 3743 2056 551 561
3466 2981 3866 3381 563 573
190 870 590 1270 353 363
4982 72 5382 472 783 793
2080 2301 2480 2701 655 665
667 1968 1067 2368 647 657
2303 508 2703 908 688 698
399 2119 799 2519 568 578
237 703 637 1103 424 434
2465 3387 2865 3787 465 475
1137 3574 1537 3974 601 611
1321 208 1721 608 585 595
4115 208 4515 608 362 372
2669 1089 3069 1489 675 685
1223 1280 1623 1680 880 890
4039 481 4439 881 824 834
3249 3269 3649 3669 898 908
4742 3108 5142 3508 706 716
3950 1370 4350 1770 370 380
248 1362 648 1762 690 700
4601 3146 5001 3546 772 782
715 3587 1115 3987 900 910
1250 2154 1650 2554 400 410
1083 3117 1483 3517 631 641
3864 2214 4264 2614 802 812
1454 2384 1854 2784 566 576
524 2968 924 3368 903 913
2260 2683 2660 3083 652 662
3363 2778 3763 3178 490 500
1294 1231 1694 1631 758 768
415 1793 815 2193 422 432
4067 2521 4467 2921 636 646
2273 122 2673 522 622 632
3542 1159 3942 1559 768 778
4538 2103 4938 2503 451 461
2214 2585 2614 2985 556 566
5242 42 5642 442 696 706
2480 1604 2880 2004 721 731
5210 2188 5610 2588 731 741
224 406 624 806 815 825
3748 1156 4148 1556 469 479
595 1391 995 1791 590 600
407 2247 807 2647 858 868
4734 333 5134 733 537 547
5365 919 5765 1319 662 672
3836 2614 4236 3014 512 522
1310 2879 1710 3279 575 585
1350 801 1750 1201 780 790
3257 71 3657 471 427 437
2979 2986 3379 3386 553 563
762 107 1162 507 378 388
4087 272 4487 672 903 913
224 794 624 1194 360 370
1305 2317 1705 2717 513 523
3287 176 3687 576 521 531
4594 2277 4994 2677 785 795
1238 3220 1638 3620 400 410
4627 2373 5027 2773 434 444
3574 909 3974 1309 700 710
4007 1026 4407 1426 785 795
2093 1864 2493 2264 413 423
3373 2195 3773 2595 867 877
4227 1870 4627 2270 682 692
4049 3100 4449 3500 710 720
1256 3445 1656 3845 686 696
2949 2335 3349 2735 723 733
775 2936 1175 3336 540 550
2539 3200 2939 3600 868 878
2717 549 3117 949 455 465
3958 2862 4358 3262 700 710
3922 1253 4322 1653 379 389
3479 1989 3879 2389 760 770
978 2861 1378 3261 897 907
4828 1934 5228 2334 743 753
3442 1632 3842 2032 433 443
2500 783 2900 1183 795 805
396 3511 796 3911 870 880
1320 3402 1720 3802 832 842
1179 1839 1579 2239 491 501
669 3422 1069 3822 506 516
5332 2426 5732 2826 461 471
5362 468 5762 868 397 407
4848 1422 5248 1822 751 761
1136 390 1536 790 541 551
4166 1198 4566 1598 382 392
901 423 1301 823 391 401
3941 1852 4341 2252 581 591
3956 3012 4356 3412 818 828
132 1165 532 1565 634 644
4049 1752 4449 2152 521 531
1141 687 1541 1087 733 743
1507 3435 1907 3835 714 724
515 809 915 1209 492 502
5270 1879 5670 2279 851 861
3499 2545 3899 2945 462 472
1899 560 2299 960 743 753
855 2440 1255 2840 446 456
1142 1248 1542 1648 712 722
5300 2275 5700 2675 437 447
2601 379 3001 779 743 753
2444 2023 2844 2423 860 870
3310 3348 3710 3748 765 775
3553 2162 3953 2562 817 827
1272 3417 1672 3817 441 451
4174 1266 4574 1666 545 555
2256 3032 2656 3432 595 605
897 2297 1297 2697 481 491
493 3501 893 3901 672 682
2679 3427 3079 3827 464 474
3194 3331 3594 3731 578 588
2706 945 3106 1345 618 628
3986 2875 4386 3275 512 522
1513 1808 1913 2208 386 396
451 676 851 1076 654 664
1936 3470 2336 3870 823 833
4694 586 5094 986 874 884
4500 577 4900 977 359 369
2417 186 2817 586 526 536
153 2423 553 2823 723 733
2967 2182 3367 2582 679 689
4340 1796 4740 2196 448 458
5414 3461 5814 3861 427 437
5133 1320 5533 1720 361 371
4012 1293 4412 1693 404 414
2195 1658 2595 2058 505 515
305 780 705 1180 722 732
3117 1308 3517 1708 896 906
3484 1502 3884 1902 569 579
5425 2608 5825 3008 617 627
481 1211 881 1611 508 518
2135 2801 2535 3201 650 660
2266 108 2666 508 868 878
4183 2172 4583 2572 522 532
3120 3372 3520 3772 464 474
665 1434 1065 1834 863 873
3555 3315 3955 3715 728 738
915 663 1315 1063 755 765
1648 2978 2048 3378 651 661
806 2958 1206 3358 555 565
4262 1939 4662 2339 724 734
1449 1162 1849 1562 704 714
515 61 915 461 839 849
2883 2441 3283 2841 609 619
4625 3489 5025 3889 628 638
1066 3302 1466 3702 713 723
2146 1748 2546 2148 587 597
4557 3014 4957 3414 416 426
4794 1987 5194 2387 594 604
5275 2452 5675 2852 875 885
712 1142 1112 1542 444 454
2392 239 2792 639 714 724
3773 29 4173 429 596 606
4827 1301 5227 1701 683 693
5246 2355 5646 2755 432 442
3917 1812 4317 2212 412 422
3035 1912 3435 2312 857 867
342 1343 742 1743 823 833
4397 2924 4797 3324 368 378
5238 2465 5638 2865 792 802
2849 3155 3249 3555 609 619
590 3535 990 3935 494 504
3159 1294 3559 1694 758 768
5133 1652 5533 2052 800 810
4939 1089 5339 1489 673 683
572 1469 972 1869 506 516
3578 42 3978 442 758 768
4069 2216 4469 2616 753 763
2959 2961 3359 3361 779 789
4460 1655 4860 2055 583 593
1689 2766 2089 3166 383 393
1472 3124 1872 3524 502 512
2695 1798 3095 2198 804 814
3309 2452 3709 2852 593 603
3319 1833 3719 2233 578 588
5103 3432 5503 3832 548 558
4286 1258 4686 1658 750 760
2698 659 3098 1059 365 375
2650 468 3050 868 540 550
3178 581 3578 981 901 911
1555 3450 1955 3850 415 425
1370 2436 1770 2836 695 705
2453 1959 2853 2359 548 558
258 1468 658 1868 605 615
5053 2264 5453 2664 774 784
635 1012 1035 1412 388 398
4368 3124 4768 3524 788 798
3278 3310 3678 3710 662 672
271 2333 671 2733 432 442
5185 1026 5585 1426 696 706
4372 343 4772 743 775 785
681 1349 1081 1749 811 821
3023 377 3423 777 460 470
3674 231 4074 631 710 720
5205 472 5605 872 760 770
1673 2189 2073 2589 445 455
4848 1741 5248 2141 872 882
4548 99 4948 499 892 902
5157 60 5557 460 791 801
4193 2494 4593 2894 446 456
3553 3364 3953 3764 669 679
2049 3346 2449 3746 810 820
1467 452 1867 852 597 607
1626 3102 2026 3502 432 442
392 1435 792 1835 441 451
1401 304 1801 704 865 875
4315 1633 4715 2033 781 791
5416 986 5816 1386 539 549
4525 1115 4925 1515 732 742
1728 3415 2128 3815 868 878
3082 1267 3482 1667 505 515
4701 1721 5101 2121 662 672
5392 11 5792 411 627 637
5045 3208 5445 3608 547 557
3918 3487 4318 3887 560 570
1623 3111 2023 3511 601 611
4551 3094 4951 3494 721 731
3311 2957 3711 3357 675 685
1496 320 1896 720 853 863
1939 536 2339 936 717 727
4384 3121 4784 3521 626 636
2637 2726 3037 3126 452 462
2505 2210 2905 2610 604 614
1885 440 2285 840 574 584
4451 2177 4851 2577 734 744
1963 1272 2363 1672 877 887
4414 2935 4814 3335 544 554
2891 3214 3291 3614 771 781
2259 700 2659 1100 347 357
2234 2074 2634 2474 360 370
1569 1119 1969 1519 350 360
4131 2708 4531 3108 521 531
1089 2987 1489 3387 842 852
4791 1825 5191 2225 441 451
3418 2907 3818 3307 415 425
242 3484 642 3884 805 815
4982 3281 5382 3681 566 576
190 911 590 1311 516 526
2164 1889 2564 2289 857 867
4863 2221 5263 2621 849 859
4259 1139 4659 1539 458 468
1185 3511 1585 3911 855 865
27 2347 427 2747 794 804
1052 2769 1452 3169 436 446
3864 203 4264 603 558 568
1498 1736 1898 2136 750 760
3896 3278 4296 3678 839 849
4729 140 5129 540 384 394
1866 3062 2266 3462 419 429
2559 2492 2959 2892 828 838
2992 2566 3392 2966 728 738
2738 714 3138 1114 473 483
1242 1753 1642 2153 616 626
4201 1622 4601 2022 791 801
2305 760 2705 1160 735 745
320 3436 720 3836 844 854
210 1048 610 1448 395 405
947 2224 1347 2624 859 869
2860 2395 3260 2795 774 784
204 2262 604 2662 717 727
3219 1807 3619 2207 712 722
2905 2151 3305 2551 707 717
3395 309 3795 709 886 896
337 2869 737 3269 556 566
1399 2365 1799 2765 889 899
1996 1702 2396 2102 830 840
2370 765 2770 1165 847 857
4940 2254 5340 2654 472 482
4455 3479 4855 3879 388 398
3079 638 3479 1038 611 621
551 1643 951 2043 391 401
1128 3451 1528 3851 481 491
3119 2373 3519 2773 701 711
4302 2265 4702 2665 440 450
2852 786 3252 1186 801 811
70 1159 470 1559 370 380
332 1519 732 1919 629 639
2093 3053 2493 3453 880 890
4642 2300 5042 2700 605 615
4719 231 5119 631 516 526
2004 849 2404 1249 409 419
5247 3119 5647 3519 675 685
863 2062 1263 2462 884 894
3539 3033 3939 3433 682 692
4347 3472 4747 3872 524 534
5276 1119 5676 1519 808 818
1522 2430 1922 2830 777 787
4492 2761 4892 3161 619 629
1372 1318 1772 1718 661 671
778 3515 1178 3915 773 783
2916 2321 3316 2721 703 713
121 3146 521 3546 828 838
3619 937 4019 1337 820 830
3360 1116 3760 1516 727 737
4807 2950 5207 3350 638 648
1355 3112 1755 3512 603 613
756 1796 1156 2196 483 493
2187 1276 2587 1676 788 798
2899 1716 3299 2116 454 464
4469 2413 4869 2813 602 612
4536 986 4936 1386 437 447
3965 2098 4365 2498 386 396
1007 1997 1407 2397 592 602
4537 967 4937 1367 350 360
2534 1271 2934 1671 703 713
413 1606 813 2006 544 554
1437 3129 1837 3529 344 354
182 1669 582 2069 394 404
4497 277 4897 677 606 616
5266 674 5666 1074 746 756
4643 999 5043 1399 361 371
4634 592 5034 992 529 539
5360 1991 5760 2391 518 528
2244 2147 2644 2547 810 820
4265 3512 4665 3912 617 627
2327 2356 2727 2756 628 638
4268 3399 4668 3799 811 821
3922 1288 4322 1688 342 352
2903 875 3303 1275 703 713
20 1388 420 1788 387 397
4370 650 4770 1050 396 406
5110 2491 5510 2891 465 475
5239 2857 5639 3257 583 593
3251 2684 3651 3084 471 481
5068 2507 5468 2907 584 594
4617 166 5017 566 591 601
3568 2374 3968 2774 693 703
5241 3144 5641 3544 534 544
1255 732 1655 1132 370 380
5393 1384 5793 1784 383 393
2923 2403 3323 2803 840 850
4137 2683 4537 3083 706 716
2118 2233 2518 2633 402 412
3314 1539 3714 1939 881 891
1695 3078 2095 3478 892 902
4921 2431 5321 2831 867 877
2838 3293 3238 3693 380 390
2324 1012 2724 1412 509 519
998 2949 1398 3349 742 752
480 1597 880 1997 718 728
3472 2743 3872 3143 342 352
3736 182 4136 582 644 654
3343 1710 3743 2110 747 757
4777 1533 5177 1933 831 841
2591 3310 2991 3710 673 683
3615 1839 4015 2239 618 628
1857 407 2257 807 763 773
4777 901 5177 1301 578 588
5100 429 5500 829 504 514
3482 1375 3882 1775 844 854
5069 17 5469 417 514 524
1100 1535 1500 1935 641 651
1813 3309 2213 3709 851 861
1880 2505 2280 2905 694 704
4552 1807 4952 2207 871 881
3701 1630 4101 2030 494 504
4573 2142 4973 2542 384 394
2104 2116 2504 2516 833 843
4728 2606 5128 3006 839 849
2817 742 3217 1142 434 444
4329 3021 4729 3421 799 809
1620 1043 2020 1443 671 681
1706 510 2106 910 419 429
3826 56 4226 456 610 620
729 1218 1129 1618 591 601
4992 1384 5392 1784 851 861
2651 2985 3051 3385 786 796
1984 20 2384 420 376 386
5317 2796 5717 3196 358 368
3081 2878 3481 3278 572 582
882 3372 1282 3772 767 777
2507 3422 2907 3822 817 827
810 3209 1210 3609 529 539
2013 2352 2413 2752 880 890
10 1805 410 2205 467 477
271 3366 671 3766 890 900
970 1674 1370 2074 536 546
3965 156 4365 556 527 537
588 1803 988 2203 407 417
4257 1354 4657 1754 847 857
4696 182 5096 582 717 727
4411 1326 4811 1726 566 576
1938 1208 2338 1608 829 839
1970 3139 2370 3539 821 831
946 1841 1346 2241 835 845
856 1212 1256 1612 902 912
5400 211 5800 611 547 557
266 1560 666 1960 888 898
1003 1104 1403 1504 719 729
4651 3540 5051 3940 477 487
2830 1826 3230 2226 827 837
2748 3167 3148 3567 465 475
3461 2333 3861 2733 858 868
4114 1924 4514 2324 452 462
213 1417 613 1817 526 536
3685 2029 4085 2429 765 775
321 34 721 434 421 431
1407 1437 1807 1837 444 454
3171 2657 3571 3057 436 446
3242 2891 3642 3291 792 802
1822 2924 2222 3324 677 687
5236 438 5636 838 456 466
5424 3037 5824 3437 546 556
634 454 1034 854 636 646
882 2825 1282 3225 572 582
1052 571 1452 971 485 495
1416 659 1816 1059 361 371
2944 2674 3344 3074 901 911
1598 1659 1998 2059 659 669
3406 3020 3806 3420 645 655
2059 2419 2459 2819 866 876
1938 1547 2338 1947 503 513
5207 222 5607 622 354 364
44 580 444 980 845 855
4743 2741 5143 3141 760 770
1678 763 2078 1163 532 542
2274 2481 2674 2881 726 736
1362 1483 1762 1883 353 363
4651 260 5051 660 532 542
