100
229 3837 329 3937 464 474
3334 3289 3434 3389 464 474
5400 3229 5500 3329 464 474
3732 3096 3832 3196 464 474
705 950 805 1050 464 474
2532 2918 2632 3018 464 474
4015 2864 4115 2964 464 474
4836 1383 4936 1483 464 474
1235 660 1335 760 464 474
1410 508 1510 608 464 474
1919 3856 2019 3956 464 474
3630 916 3730 1016 464 474
2001 2595 2101 2695 464 474
2708 206 2808 306 464 474
3789 2018 3889 2118 464 474
3677 2096 3777 2196 464 474
4152 3314 4252 3414 464 474
5526 1866 5626 1966 464 474
3498 1450 3598 1550 464 474
2566 4 2666 104 464 474
3058 421 3158 521 464 474
3533 1492 3633 1592 464 474
3659 1066 3759 1166 464 474
1914 1621 2014 1721 464 474
632 212 732 312 464 474
3229 2088 3329 2188 464 474
4524 3074 4624 3174 464 474
2308 2966 2408 3066 464 474
110 3081 210 3181 464 474
0 2068 100 2168 464 474
112 1685 212 1785 464 474
2730 500 2830 600 464 474
865 343 965 443 464 474
3441 1087 3541 1187 464 474
846 775 946 875 464 474
3378 1540 3478 1640 464 474
729 2609 829 2709 464 474
601 1828 701 1928 464 474
4906 3254 5006 3354 464 474
4094 95 4194 195 464 474
652 2926 752 3026 464 474
2348 2230 2448 2330 464 474
3254 2535 3354 2635 464 474
1325 1215 1425 1315 464 474
5038 1815 5138 1915 464 474
2077 261 2177 361 464 474
367 2141 467 2241 464 474
5334 1945 5434 2045 464 474
2135 1722 2235 1822 464 474
407 1624 507 1724 464 474
4407 2719 4507 2819 464 474
2250 1041 2350 1141 464 474
5510 3543 5610 3643 464 474
4890 3697 4990 3797 464 474
179 3666 279 3766 464 474
4472 3711 4572 3811 464 474
5379 3322 5479 3422 464 474
1372 2138 1472 2238 464 474
1101 3335 1201 3435 464 474
1070 1019 1170 1119 464 474
4576 1330 4676 1430 464 474
1468 2097 1568 2197 464 474
2766 636 2866 736 464 474
1541 650 1641 750 464 474
4648 3017 4748 3117 464 474
2695 2203 2795 2303 464 474
1099 133 1199 233 464 474
3816 1857 3916 1957 464 474
2609 3462 2709 3562 464 474
355 1267 455 1367 464 474
1573 139 1673 239 464 474
5278 3266 5378 3366 464 474
1825 464 1925 564 464 474
5211 2765 5311 2865 464 474
4160 798 4260 898 464 474
4431 3645 4531 3745 464 474
4793 3659 4893 3759 464 474
3856 293 3956 393 464 474
1772 1826 1872 1926 464 474
1532 1348 1632 1448 464 474
2711 3061 2811 3161 464 474
5100 125 5200 225 464 474
3986 242 4086 342 464 474
5232 1564 5332 1664 464 474
1505 3479 1605 3579 464 474
5302 378 5402 478 464 474
39 2504 139 2604 464 474
209 527 309 627 464 474
8 3742 108 3842 464 474
5343 1463 5443 1563 464 474
772 1771 872 1871 464 474
2528 114 2628 214 464 474
4745 1643 4845 1743 464 474
2195 1767 2295 1867 464 474
1406 3847 1506 3947 464 474
2563 512 2663 612 464 474
2768 112 2868 212 464 474
2739 3548 2839 3648 464 474
463 1215 563 1315 464 474
3526 1406 3626 1506 464 474
