77
0 2048 511 2559 789 799
2048 3584 2559 4095 414 424
512 0 1023 511 451 461
3072 1536 3583 2047 540 550
1024 1024 1535 1535 344 354
1536 1024 2047 1535 739 749
512 3072 1023 3583 622 632
1536 1536 2047 2047 435 445
1024 2048 1535 2559 873 883
2048 3072 2559 3583 376 386
3072 512 3583 1023 505 515
1536 3072 2047 3583 654 664
512 4096 1023 4607 534 544
0 1024 511 1535 527 537
3072 4608 3583 5119 811 821
2560 512 3071 1023 649 659
2560 2048 3071 2559 678 688
512 3584 1023 4095 841 851
1024 5120 1535 5631 806 816
1536 3584 2047 4095 653 663
0 2560 511 3071 677 687
512 5120 1023 5631 427 437
2560 1024 3071 1535 817 827
512 512 1023 1023 456 466
512 1536 1023 2047 796 806
1536 4608 2047 5119 365 375
1024 2560 1535 3071 627 637
2560 3584 3071 4095 869 879
2560 4096 3071 4607 786 796
2560 1536 3071 2047 412 422
1024 4096 1535 4607 414 424
1536 2560 2047 3071 672 682
512 1024 1023 1535 424 434
3072 1024 3583 1535 463 473
0 1536 511 2047 875 885
2048 5120 2559 5631 366 376
3072 2560 3583 3071 866 876
2560 4608 3071 5119 528 538
0 4608 511 5119 399 409
1024 0 1535 511 770 780
3072 0 3583 511 568 578
1024 512 1535 1023 567 577
512 4608 1023 5119 455 465
1536 512 2047 1023 765 775
0 512 511 1023 692 702
3072 4096 3583 4607 865 875
3072 3584 3583 4095 445 455
0 0 511 511 467 477
2048 1024 2559 1535 802 812
1536 4096 2047 4607 348 358
2560 5120 3071 5631 718 728
1024 3072 1535 3583 510 520
2048 4096 2559 4607 373 383
1536 5120 2047 5631 566 576
512 2560 1023 3071 565 575
2560 2560 3071 3071 767 777
2048 2560 2559 3071 594 604
0 3584 511 4095 790 800
2048 0 2559 511 667 677
3072 3072 3583 3583 477 487
1024 3584 1535 4095 800 810
2560 3072 3071 3583 744 754
0 3072 511 3583 747 757
2048 512 2559 1023 888 898
2048 4608 2559 5119 806 816
3072 5120 3583 5631 718 728
0 4096 511 4607 852 862
1536 0 2047 511 768 778
1536 2048 2047 2559 844 854
512 2048 1023 2559 348 358
1024 1536 1535 2047 634 644
2560 0 3071 511 508 518
3072 2048 3583 2559 578 588
1024 4608 1535 5119 753 763
0 5120 511 5631 872 882
2048 1536 2559 2047 367 377
2048 2048 2559 2559 649 659
