20
5022 3897 5042 3917 337 914
2253 3257 2273 3277 337 914
5320 3270 5340 3290 337 914
5533 3017 5553 3037 337 914
5220 2227 5240 2247 337 914
1872 168 1892 188 337 914
3744 2130 3764 2150 337 914
2737 3973 2757 3993 337 914
1615 1314 1635 1334 337 914
5453 2291 5473 2311 337 914
2795 607 2815 627 337 914
927 2971 947 2991 337 914
4313 807 4333 827 337 914
2850 92 2870 112 337 914
3316 3120 3336 3140 337 914
5461 3944 5481 3964 337 914
3802 1691 3822 1711 337 914
4222 631 4242 651 337 914
1522 2495 1542 2515 337 914
2653 659 2673 679 337 914
