1000
521 2696 921 3096 390 590
4435 3238 4835 3638 536 736
156 1623 556 2023 479 679
3804 2689 4204 3089 640 840
3017 1625 3417 2025 617 817
869 2196 1269 2596 588 788
4455 2756 4855 3156 665 865
3668 2797 4068 3197 665 865
3117 3477 3517 3877 648 848
97 3116 497 3516 603 803
4091 1409 4491 1809 411 611
5392 100 5792 500 533 733
3701 2449 4101 2849 457 657
1709 3366 2109 3766 665 865
5322 2638 5722 3038 639 839
4655 294 5055 694 639 839
437 1196 837 1596 666 866
4719 2903 5119 3303 510 710
446 2000 846 2400 398 598
722 3498 1122 3898 599 799
5040 2566 5440 2966 506 706
4315 249 4715 649 446 646
2033 805 2433 1205 705 905
4672 3057 5072 3457 452 652
3009 1729 3409 2129 503 703
4227 1055 4627 1455 477 677
3020 2388 3420 2788 680 880
2022 1434 2422 1834 591 791
3526 2470 3926 2870 570 770
2371 418 2771 818 661 861
3599 975 3999 1375 664 864
4855 1146 5255 1546 669 869
321 568 721 968 388 588
720 864 1120 1264 376 576
1854 2632 2254 3032 561 761
4176 296 4576 696 394 594
552 2672 952 3072 578 778
3441 1713 3841 2113 613 813
504 2309 904 2709 450 650
2862 1663 3262 2063 437 637
44 1381 444 1781 389 589
1584 782 1984 1182 417 617
4869 3567 5269 3967 682 882
5281 802 5681 1202 548 748
4845 34 5245 434 685 885
3442 3321 3842 3721 639 839
3164 154 3564 554 677 877
4448 1022 4848 1422 411 611
1131 2557 1531 2957 695 895
4856 1647 5256 2047 458 658
22 1790 422 2190 680 880
5115 2881 5515 3281 436 636
3000 1568 3400 1968 480 680
1151 748 1551 1148 461 661
4241 805 4641 1205 496 696
1834 1960 2234 2360 374 574
719 1665 1119 2065 538 738
4233 1729 4633 2129 614 814
3515 564 3915 964 443 643
4970 1571 5370 1971 634 834
87 55 487 455 344 544
784 13 1184 413 654 854
1035 1081 1435 1481 353 553
4039 3247 4439 3647 621 821
5074 2263 5474 2663 708 908
3433 763 3833 1163 424 624
727 553 1127 953 616 816
73 2213 473 2613 697 897
2663 1765 3063 2165 567 767
3246 8 3646 408 679 879
2436 115 2836 515 341 541
2840 2886 3240 3286 396 596
917 2484 1317 2884 438 638
4414 3404 4814 3804 544 744
4851 3428 5251 3828 439 639
1949 3520 2349 3920 545 745
2028 1890 2428 2290 372 572
5375 201 5775 601 602 802
429 3077 829 3477 555 755
4646 181 5046 581 552 752
1118 2453 1518 2853 677 877
3628 2390 4028 2790 482 682
967 2294 1367 2694 444 644
4454 2222 4854 2622 668 868
4360 2341 4760 2741 562 762
5240 1948 5640 2348 625 825
3172 329 3572 729 519 719
4633 3333 5033 3733 370 570
409 1305 809 1705 493 693
4584 1429 4984 1829 543 743
677 2258 1077 2658 477 677
2222 3265 2622 3665 642 842
4876 2373 5276 2773 564 764
1356 2754 1756 3154 674 874
4020 3474 4420 3874 428 628
4497 1685 4897 2085 575 775
3658 1752 4058 2152 484 684
2230 45 2630 445 397 597
2849 287 3249 687 676 876
489 1224 889 1624 345 545
3522 2283 3922 2683 500 700
3817 1487 4217 1887 355 555
1337 1723 1737 2123 346 546
2754 364 3154 764 574 774
4165 233 4565 633 456 656
5294 1157 5694 1557 396 596
2650 3057 3050 3457 678 878
1139 38 1539 438 508 708
381 3106 781 3506 566 766
3998 2442 4398 2842 582 782
2877 2411 3277 2811 507 707
3576 1282 3976 1682 569 769
1721 2957 2121 3357 537 737
1155 1018 1555 1418 518 718
578 706 978 1106 429 629
2102 762 2502 1162 532 732
84 1043 484 1443 701 901
260 1878 660 2278 705 905
2137 3001 2537 3401 577 777
683 3043 1083 3443 435 635
3361 415 3761 815 485 685
2529 395 2929 795 491 691
3602 2646 4002 3046 684 884
259 2339 659 2739 573 773
5053 139 5453 539 423 623
3118 3120 3518 3520 362 562
1515 2165 1915 2565 591 791
1653 536 2053 936 503 703
8 1298 408 1698 536 736
5185 1718 5585 2118 614 814
4229 2441 4629 2841 368 568
346 56 746 456 643 843
548 3254 948 3654 702 902
3294 2953 3694 3353 592 792
455 2539 855 2939 476 676
4517 733 4917 1133 511 711
1886 204 2286 604 682 882
3533 1918 3933 2318 650 850
2592 801 2992 1201 512 712
2008 890 2408 1290 497 697
653 3116 1053 3516 437 637
1405 597 1805 997 538 738
2399 3329 2799 3729 581 781
230 1955 630 2355 353 553
4058 2604 4458 3004 449 649
3893 2382 4293 2782 583 783
1839 3561 2239 3961 499 699
856 2072 1256 2472 563 763
3769 3395 4169 3795 388 588
2146 1238 2546 1638 554 754
4676 1664 5076 2064 443 643
1275 3580 1675 3980 506 706
5355 3197 5755 3597 521 721
4194 1653 4594 2053 457 657
931 705 1331 1105 514 714
3497 492 3897 892 401 601
1251 2625 1651 3025 485 685
1463 2996 1863 3396 679 879
346 630 746 1030 359 559
786 426 1186 826 441 641
5407 3523 5807 3923 485 685
2113 1557 2513 1957 485 685
2134 278 2534 678 711 911
3455 849 3855 1249 700 900
3929 2040 4329 2440 403 603
1449 1281 1849 1681 640 840
3094 814 3494 1214 417 617
184 263 584 663 458 658
1693 36 2093 436 661 861
4772 2444 5172 2844 485 685
3425 2686 3825 3086 393 593
1183 277 1583 677 486 686
2016 924 2416 1324 588 788
318 756 718 1156 528 728
4639 3236 5039 3636 664 864
2714 2258 3114 2658 391 591
1314 3224 1714 3624 671 871
2279 983 2679 1383 499 699
1339 627 1739 1027 478 678
5141 440 5541 840 696 896
2072 3170 2472 3570 542 742
2563 3280 2963 3680 538 738
5328 2258 5728 2658 438 638
4525 1211 4925 1611 426 626
2099 282 2499 682 586 786
4109 1686 4509 2086 378 578
3485 2314 3885 2714 545 745
1478 2702 1878 3102 520 720
4992 2243 5392 2643 569 769
3806 1569 4206 1969 679 879
4148 524 4548 924 612 812
3420 2631 3820 3031 481 681
3736 2247 4136 2647 433 633
4667 1159 5067 1559 392 592
4229 216 4629 616 344 544
909 2970 1309 3370 392 592
1597 3498 1997 3898 351 551
4262 525 4662 925 338 538
3647 1514 4047 1914 364 564
1444 2902 1844 3302 450 650
5303 1440 5703 1840 669 869
5205 1325 5605 1725 701 901
5211 1324 5611 1724 355 555
1896 270 2296 670 563 763
1019 2521 1419 2921 422 622
1778 2020 2178 2420 563 763
1761 2536 2161 2936 699 899
1968 2181 2368 2581 676 876
2114 1359 2514 1759 694 894
3855 2207 4255 2607 480 680
1450 2146 1850 2546 392 592
2412 163 2812 563 599 799
4179 1631 4579 2031 548 748
1196 1023 1596 1423 340 540
3431 1062 3831 1462 441 641
2100 518 2500 918 651 851
1628 2589 2028 2989 669 869
59 295 459 695 594 794
4629 1449 5029 1849 683 883
1128 3185 1528 3585 679 879
4560 797 4960 1197 586 786
2750 503 3150 903 641 841
1996 2842 2396 3242 648 848
593 2859 993 3259 630 830
645 3224 1045 3624 642 842
3819 552 4219 952 690 890
142 2924 542 3324 378 578
2092 945 2492 1345 549 749
488 831 888 1231 339 539
4418 2006 4818 2406 567 767
4443 2261 4843 2661 517 717
426 364 826 764 521 721
3328 3332 3728 3732 530 730
2039 3196 2439 3596 525 725
1017 1736 1417 2136 696 896
1597 1475 1997 1875 410 610
116 831 516 1231 575 775
1215 1759 1615 2159 457 657
3982 2841 4382 3241 663 863
2529 1834 2929 2234 493 693
1026 2456 1426 2856 393 593
609 1161 1009 1561 381 581
1441 203 1841 603 342 542
2262 633 2662 1033 450 650
4267 1383 4667 1783 671 871
2883 3515 3283 3915 393 593
2774 346 3174 746 646 846
3005 1666 3405 2066 595 795
3634 3588 4034 3988 497 697
1288 2452 1688 2852 699 899
2534 2951 2934 3351 338 538
3930 2283 4330 2683 417 617
5346 370 5746 770 486 686
3654 634 4054 1034 443 643
4886 1753 5286 2153 506 706
1370 1840 1770 2240 605 805
118 868 518 1268 337 537
1272 250 1672 650 462 662
1484 350 1884 750 401 601
1556 2000 1956 2400 571 771
3030 2095 3430 2495 373 573
5221 223 5621 623 438 638
2801 3021 3201 3421 501 701
4853 347 5253 747 377 577
5097 2599 5497 2999 558 758
2303 2800 2703 3200 649 849
3194 2427 3594 2827 346 546
196 3238 596 3638 642 842
5408 1883 5808 2283 452 652
1047 1203 1447 1603 517 717
3403 2450 3803 2850 541 741
2620 878 3020 1278 545 745
2186 2760 2586 3160 573 773
979 3188 1379 3588 594 794
1261 2215 1661 2615 683 883
1858 1223 2258 1623 422 622
3091 1638 3491 2038 584 784
5170 2296 5570 2696 686 886
2783 2190 3183 2590 609 809
2441 1889 2841 2289 478 678
306 3264 706 3664 617 817
4355 554 4755 954 688 888
4756 3246 5156 3646 697 897
4609 1834 5009 2234 455 655
4690 2646 5090 3046 369 569
4758 1741 5158 2141 647 847
3307 380 3707 780 389 589
770 1522 1170 1922 688 888
1298 3325 1698 3725 503 703
3496 448 3896 848 652 852
3795 583 4195 983 541 741
2662 1644 3062 2044 620 820
5318 253 5718 653 577 777
3683 3031 4083 3431 575 775
2610 2544 3010 2944 617 817
4632 3482 5032 3882 585 785
4050 1442 4450 1842 340 540
1180 1873 1580 2273 681 881
4851 2901 5251 3301 370 570
3835 718 4235 1118 653 853
2370 128 2770 528 505 705
983 1490 1383 1890 582 782
5171 2081 5571 2481 603 803
798 481 1198 881 429 629
40 458 440 858 694 894
4160 2136 4560 2536 612 812
1255 1048 1655 1448 573 773
2735 2432 3135 2832 484 684
327 1382 727 1782 656 856
4816 1599 5216 1999 608 808
5200 1371 5600 1771 481 681
4662 1870 5062 2270 481 681
2116 1560 2516 1960 619 819
2320 667 2720 1067 427 627
4756 1954 5156 2354 401 601
354 866 754 1266 536 736
4756 1235 5156 1635 463 663
2382 2861 2782 3261 499 699
2322 63 2722 463 656 856
433 1858 833 2258 649 849
3089 3003 3489 3403 455 655
3203 3500 3603 3900 580 780
3752 3484 4152 3884 554 754
4613 2626 5013 3026 580 780
4030 357 4430 757 482 682
2048 731 2448 1131 540 740
423 29 823 429 627 827
3205 2713 3605 3113 707 907
1007 3454 1407 3854 372 572
4122 3062 4522 3462 409 609
2624 2255 3024 2655 344 544
2077 580 2477 980 684 884
3149 3128 3549 3528 545 745
444 2688 844 3088 532 732
2764 3341 3164 3741 701 901
5023 1944 5423 2344 655 855
3378 2145 3778 2545 595 795
1647 1389 2047 1789 456 656
316 1529 716 1929 649 849
4840 2436 5240 2836 438 638
1148 18 1548 418 432 632
2759 2848 3159 3248 363 563
891 1412 1291 1812 373 573
2786 2962 3186 3362 369 569
3075 382 3475 782 706 906
758 2828 1158 3228 355 555
4824 1875 5224 2275 609 809
512 848 912 1248 427 627
1716 1446 2116 1846 688 888
5003 2804 5403 3204 542 742
3117 2598 3517 2998 339 539
1709 231 2109 631 463 663
4297 2803 4697 3203 440 640
1189 2997 1589 3397 487 687
2439 2856 2839 3256 396 596
4073 3320 4473 3720 689 889
136 3028 536 3428 475 675
4495 2010 4895 2410 348 548
4034 2398 4434 2798 678 878
2953 446 3353 846 370 570
5059 1306 5459 1706 589 789
4972 3052 5372 3452 627 827
2206 1153 2606 1553 416 616
2788 3269 3188 3669 541 741
4284 1864 4684 2264 407 607
4332 3301 4732 3701 378 578
5393 811 5793 1211 357 557
5403 1650 5803 2050 603 803
3448 1517 3848 1917 444 644
2406 1939 2806 2339 569 769
4869 3263 5269 3663 666 866
789 3414 1189 3814 490 690
1559 131 1959 531 710 910
2315 1445 2715 1845 683 883
3594 1027 3994 1427 403 603
2717 1348 3117 1748 579 779
3635 2566 4035 2966 513 713
2853 3536 3253 3936 440 640
883 923 1283 1323 377 577
5198 3376 5598 3776 711 911
1599 2896 1999 3296 479 679
1524 3593 1924 3993 364 564
1239 585 1639 985 529 729
2480 1788 2880 2188 662 862
3873 2997 4273 3397 573 773
4980 1375 5380 1775 625 825
1869 244 2269 644 416 616
2997 1120 3397 1520 460 660
4539 1833 4939 2233 696 896
2526 1179 2926 1579 371 571
2789 2624 3189 3024 538 738
2070 2364 2470 2764 356 556
214 2870 614 3270 491 691
1991 1693 2391 2093 608 808
2185 2104 2585 2504 462 662
2204 274 2604 674 573 773
4131 3105 4531 3505 494 694
2162 2116 2562 2516 660 860
2017 467 2417 867 546 746
1701 256 2101 656 561 761
3622 2842 4022 3242 598 798
4644 2194 5044 2594 609 809
2994 1727 3394 2127 675 875
2794 62 3194 462 451 651
3797 1664 4197 2064 623 823
4156 359 4556 759 504 704
1463 1096 1863 1496 676 876
4793 750 5193 1150 599 799
3556 1346 3956 1746 338 538
4076 1135 4476 1535 689 889
3547 1984 3947 2384 516 716
1006 1097 1406 1497 643 843
539 2067 939 2467 343 543
3701 3389 4101 3789 562 762
4653 3249 5053 3649 457 657
2144 2555 2544 2955 679 879
1152 2681 1552 3081 650 850
670 270 1070 670 525 725
1132 45 1532 445 352 552
4513 3256 4913 3656 491 691
2142 281 2542 681 599 799
3 945 403 1345 428 628
2727 3431 3127 3831 446 646
5404 1897 5804 2297 395 595
1704 3147 2104 3547 508 708
2133 2084 2533 2484 496 696
3454 2583 3854 2983 633 833
1793 3566 2193 3966 625 825
4754 3550 5154 3950 493 693
3472 3002 3872 3402 408 608
5404 88 5804 488 520 720
3291 1250 3691 1650 411 611
4655 899 5055 1299 656 856
4485 763 4885 1163 462 662
2698 2995 3098 3395 357 557
3091 2985 3491 3385 517 717
4696 3185 5096 3585 354 554
3533 1090 3933 1490 586 786
1834 2561 2234 2961 344 544
592 3252 992 3652 685 885
1321 698 1721 1098 529 729
2126 483 2526 883 697 897
4015 105 4415 505 402 602
2399 1631 2799 2031 404 604
981 2758 1381 3158 479 679
1850 1044 2250 1444 369 569
1709 1134 2109 1534 416 616
4590 1527 4990 1927 521 721
3158 3076 3558 3476 456 656
3986 3152 4386 3552 615 815
3584 3503 3984 3903 359 559
4094 2319 4494 2719 669 869
2956 2054 3356 2454 542 742
335 1028 735 1428 389 589
1634 2068 2034 2468 344 544
3117 1119 3517 1519 465 665
1791 2357 2191 2757 573 773
1111 2091 1511 2491 513 713
307 2378 707 2778 611 811
1254 1076 1654 1476 608 808
2298 2699 2698 3099 575 775
841 1641 1241 2041 660 860
3051 1245 3451 1645 485 685
2701 3338 3101 3738 407 607
1714 2063 2114 2463 514 714
5351 3435 5751 3835 451 651
694 3237 1094 3637 699 899
3323 3146 3723 3546 523 723
3010 69 3410 469 586 786
4783 1679 5183 2079 481 681
3478 425 3878 825 520 720
732 2117 1132 2517 517 717
1234 36 1634 436 455 655
3873 909 4273 1309 363 563
2730 1255 3130 1655 685 885
4541 3253 4941 3653 395 595
274 2836 674 3236 582 782
2522 556 2922 956 609 809
2428 1542 2828 1942 622 822
589 1668 989 2068 667 867
3553 1995 3953 2395 645 845
4338 2427 4738 2827 615 815
1282 1680 1682 2080 497 697
536 1810 936 2210 457 657
2118 1753 2518 2153 586 786
2538 2997 2938 3397 477 677
4911 40 5311 440 597 797
3026 351 3426 751 393 593
872 329 1272 729 418 618
4197 841 4597 1241 569 769
3373 2383 3773 2783 666 866
1014 452 1414 852 571 771
523 1800 923 2200 606 806
5266 471 5666 871 468 668
1623 3404 2023 3804 679 879
5067 1277 5467 1677 588 788
1748 1707 2148 2107 686 886
3559 150 3959 550 545 745
376 3351 776 3751 690 890
337 2088 737 2488 655 855
534 129 934 529 510 710
1569 921 1969 1321 475 675
4489 2980 4889 3380 693 893
2525 1232 2925 1632 492 692
2112 3206 2512 3606 614 814
541 1446 941 1846 352 552
2666 715 3066 1115 407 607
444 249 844 649 648 848
4716 2114 5116 2514 592 792
4149 649 4549 1049 524 724
5090 2052 5490 2452 701 901
3086 3209 3486 3609 677 877
2162 2944 2562 3344 352 552
1351 2358 1751 2758 605 805
3752 3261 4152 3661 498 698
3481 1713 3881 2113 547 747
3074 711 3474 1111 589 789
4881 297 5281 697 433 633
1046 821 1446 1221 514 714
3639 521 4039 921 535 735
533 239 933 639 692 892
544 2358 944 2758 523 723
5001 1637 5401 2037 677 877
666 3478 1066 3878 632 832
1125 1150 1525 1550 444 644
5438 3169 5838 3569 457 657
2034 2100 2434 2500 508 708
1295 2669 1695 3069 533 733
1340 2937 1740 3337 362 562
2545 1143 2945 1543 652 852
2684 885 3084 1285 590 790
2292 203 2692 603 388 588
374 1527 774 1927 486 686
4299 636 4699 1036 487 687
269 272 669 672 509 709
3840 40 4240 440 489 689
2425 2896 2825 3296 370 570
1252 843 1652 1243 561 761
3644 753 4044 1153 619 819
3750 3228 4150 3628 423 623
278 1717 678 2117 463 663
3760 1291 4160 1691 350 550
959 2139 1359 2539 386 586
2671 934 3071 1334 587 787
1928 2124 2328 2524 430 630
5361 1187 5761 1587 379 579
442 3438 842 3838 341 541
1128 295 1528 695 494 694
3981 767 4381 1167 557 757
4923 3584 5323 3984 597 797
2150 2066 2550 2466 472 672
4201 1562 4601 1962 462 662
1053 2341 1453 2741 414 614
585 2437 985 2837 668 868
3463 3239 3863 3639 655 855
2808 204 3208 604 519 719
4058 103 4458 503 381 581
1243 1435 1643 1835 337 537
3978 2687 4378 3087 659 859
157 3196 557 3596 505 705
331 2014 731 2414 606 806
2058 2116 2458 2516 386 586
2189 1035 2589 1435 687 887
3977 296 4377 696 454 654
3716 2628 4116 3028 554 754
4240 518 4640 918 441 641
1384 3301 1784 3701 645 845
451 3068 851 3468 711 911
2694 664 3094 1064 523 723
3753 1372 4153 1772 703 903
1936 288 2336 688 585 785
2963 60 3363 460 597 797
5153 467 5553 867 375 575
4341 1559 4741 1959 346 546
319 669 719 1069 383 583
772 1430 1172 1830 504 704
5305 2939 5705 3339 374 574
4108 1432 4508 1832 412 612
872 2317 1272 2717 361 561
5019 2759 5419 3159 403 603
24 651 424 1051 423 623
4360 1660 4760 2060 519 719
3343 1656 3743 2056 475 675
3466 2981 3866 3381 671 871
190 870 590 1270 346 546
4982 72 5382 472 497 697
2080 2301 2480 2701 627 827
667 1968 1067 2368 669 869
2303 508 2703 908 697 897
399 2119 799 2519 583 783
237 703 637 1103 458 658
2465 3387 2865 3787 628 828
1137 3574 1537 3974 691 891
1321 208 1721 608 621 821
4115 208 4515 608 534 734
2669 1089 3069 1489 575 775
1223 1280 1623 1680 543 743
4039 481 4439 881 637 837
3249 3269 3649 3669 512 712
4742 3108 5142 3508 696 896
3950 1370 4350 1770 386 586
248 1362 648 1762 621 821
4601 3146 5001 3546 383 583
715 3587 1115 3987 538 738
1250 2154 1650 2554 645 845
1083 3117 1483 3517 372 572
3864 2214 4264 2614 603 803
1454 2384 1854 2784 623 823
524 2968 924 3368 469 669
2260 2683 2660 3083 579 779
3363 2778 3763 3178 607 807
1294 1231 1694 1631 601 801
415 1793 815 2193 403 603
4067 2521 4467 2921 418 618
2273 122 2673 522 677 877
3542 1159 3942 1559 701 901
4538 2103 4938 2503 687 887
2214 2585 2614 2985 548 748
5242 42 5642 442 542 742
2480 1604 2880 2004 690 890
5210 2188 5610 2588 409 609
224 406 624 806 576 776
3748 1156 4148 1556 691 891
595 1391 995 1791 392 592
407 2247 807 2647 339 539
4734 333 5134 733 619 819
5365 919 5765 1319 413 613
3836 2614 4236 3014 607 807
1310 2879 1710 3279 371 571
1350 801 1750 1201 597 797
3257 71 3657 471 550 750
2979 2986 3379 3386 582 782
762 107 1162 507 601 801
4087 272 4487 672 652 852
224 794 624 1194 524 724
1305 2317 1705 2717 525 725
3287 176 3687 576 689 889
4594 2277 4994 2677 492 692
1238 3220 1638 3620 597 797
4627 2373 5027 2773 345 545
3574 909 3974 1309 392 592
4007 1026 4407 1426 632 832
2093 1864 2493 2264 501 701
3373 2195 3773 2595 478 678
4227 1870 4627 2270 609 809
4049 3100 4449 3500 480 680
1256 3445 1656 3845 382 582
2949 2335 3349 2735 664 864
775 2936 1175 3336 445 645
2539 3200 2939 3600 573 773
2717 549 3117 949 684 884
3958 2862 4358 3262 400 600
3922 1253 4322 1653 713 913
3479 1989 3879 2389 471 671
978 2861 1378 3261 446 646
4828 1934 5228 2334 639 839
3442 1632 3842 2032 541 741
2500 783 2900 1183 569 769
396 3511 796 3911 616 816
1320 3402 1720 3802 680 880
1179 1839 1579 2239 606 806
669 3422 1069 3822 609 809
5332 2426 5732 2826 520 720
5362 468 5762 868 603 803
4848 1422 5248 1822 346 546
1136 390 1536 790 386 586
4166 1198 4566 1598 462 662
901 423 1301 823 510 710
3941 1852 4341 2252 384 584
3956 3012 4356 3412 608 808
132 1165 532 1565 438 638
4049 1752 4449 2152 379 579
1141 687 1541 1087 616 816
1507 3435 1907 3835 522 722
515 809 915 1209 652 852
5270 1879 5670 2279 452 652
3499 2545 3899 2945 441 641
1899 560 2299 960 627 827
855 2440 1255 2840 622 822
1142 1248 1542 1648 422 622
5300 2275 5700 2675 678 878
2601 379 3001 779 532 732
2444 2023 2844 2423 425 625
3310 3348 3710 3748 696 896
3553 2162 3953 2562 689 889
1272 3417 1672 3817 512 712
4174 1266 4574 1666 430 630
2256 3032 2656 3432 612 812
897 2297 1297 2697 535 735
493 3501 893 3901 442 642
2679 3427 3079 3827 639 839
3194 3331 3594 3731 641 841
2706 945 3106 1345 345 545
3986 2875 4386 3275 576 776
1513 1808 1913 2208 507 707
451 676 851 1076 524 724
1936 3470 2336 3870 602 802
4694 586 5094 986 453 653
4500 577 4900 977 664 864
2417 186 2817 586 454 654
153 2423 553 2823 472 672
2967 2182 3367 2582 441 641
4340 1796 4740 2196 706 906
5414 3461 5814 3861 416 616
5133 1320 5533 1720 473 673
4012 1293 4412 1693 437 637
2195 1658 2595 2058 425 625
305 780 705 1180 502 702
3117 1308 3517 1708 583 783
3484 1502 3884 1902 576 776
5425 2608 5825 3008 528 728
481 1211 881 1611 366 566
2135 2801 2535 3201 664 864
2266 108 2666 508 681 881
4183 2172 4583 2572 437 637
3120 3372 3520 3772 550 750
665 1434 1065 1834 478 678
3555 3315 3955 3715 654 854
915 663 1315 1063 526 726
1648 2978 2048 3378 366 566
806 2958 1206 3358 544 744
4262 1939 4662 2339 682 882
1449 1162 1849 1562 635 835
515 61 915 461 446 646
2883 2441 3283 2841 659 859
4625 3489 5025 3889 688 888
1066 3302 1466 3702 382 582
2146 1748 2546 2148 648 848
4557 3014 4957 3414 583 783
4794 1987 5194 2387 403 603
5275 2452 5675 2852 678 878
712 1142 1112 1542 373 573
2392 239 2792 639 688 888
3773 29 4173 429 446 646
4827 1301 5227 1701 444 644
5246 2355 5646 2755 441 641
3917 1812 4317 2212 500 700
3035 1912 3435 2312 370 570
342 1343 742 1743 482 682
4397 2924 4797 3324 366 566
5238 2465 5638 2865 600 800
2849 3155 3249 3555 584 784
590 3535 990 3935 689 889
3159 1294 3559 1694 486 686
5133 1652 5533 2052 698 898
4939 1089 5339 1489 595 795
572 1469 972 1869 392 592
3578 42 3978 442 568 768
4069 2216 4469 2616 348 548
2959 2961 3359 3361 601 801
4460 1655 4860 2055 602 802
1689 2766 2089 3166 558 758
1472 3124 1872 3524 401 601
2695 1798 3095 2198 465 665
3309 2452 3709 2852 446 646
3319 1833 3719 2233 592 792
5103 3432 5503 3832 537 737
4286 1258 4686 1658 630 830
2698 659 3098 1059 465 665
2650 468 3050 868 627 827
3178 581 3578 981 392 592
1555 3450 1955 3850 552 752
1370 2436 1770 2836 655 855
2453 1959 2853 2359 373 573
258 1468 658 1868 458 658
5053 2264 5453 2664 713 913
635 1012 1035 1412 377 577
4368 3124 4768 3524 443 643
3278 3310 3678 3710 492 692
271 2333 671 2733 633 833
5185 1026 5585 1426 518 718
4372 343 4772 743 410 610
681 1349 1081 1749 482 682
3023 377 3423 777 370 570
3674 231 4074 631 600 800
5205 472 5605 872 705 905
1673 2189 2073 2589 604 804
4848 1741 5248 2141 617 817
4548 99 4948 499 673 873
5157 60 5557 460 709 909
4193 2494 4593 2894 614 814
3553 3364 3953 3764 652 852
2049 3346 2449 3746 594 794
1467 452 1867 852 578 778
1626 3102 2026 3502 695 895
392 1435 792 1835 603 803
1401 304 1801 704 557 757
4315 1633 4715 2033 380 580
5416 986 5816 1386 707 907
4525 1115 4925 1515 533 733
1728 3415 2128 3815 453 653
3082 1267 3482 1667 594 794
4701 1721 5101 2121 685 885
5392 11 5792 411 703 903
5045 3208 5445 3608 648 848
3918 3487 4318 3887 567 767
1623 3111 2023 3511 496 696
4551 3094 4951 3494 475 675
3311 2957 3711 3357 537 737
1496 320 1896 720 497 697
1939 536 2339 936 613 813
4384 3121 4784 3521 689 889
2637 2726 3037 3126 422 622
2505 2210 2905 2610 674 874
1885 440 2285 840 688 888
4451 2177 4851 2577 349 549
1963 1272 2363 1672 367 567
4414 2935 4814 3335 632 832
2891 3214 3291 3614 632 832
2259 700 2659 1100 666 866
2234 2074 2634 2474 391 591
1569 1119 1969 1519 459 659
4131 2708 4531 3108 359 559
1089 2987 1489 3387 383 583
4791 1825 5191 2225 397 597
3418 2907 3818 3307 683 883
242 3484 642 3884 341 541
4982 3281 5382 3681 417 617
190 911 590 1311 468 668
2164 1889 2564 2289 487 687
4863 2221 5263 2621 669 869
4259 1139 4659 1539 378 578
1185 3511 1585 3911 550 750
27 2347 427 2747 476 676
1052 2769 1452 3169 449 649
3864 203 4264 603 403 603
1498 1736 1898 2136 530 730
3896 3278 4296 3678 686 886
4729 140 5129 540 486 686
1866 3062 2266 3462 580 780
2559 2492 2959 2892 337 537
2992 2566 3392 2966 337 537
2738 714 3138 1114 592 792
1242 1753 1642 2153 360 560
4201 1622 4601 2022 694 894
2305 760 2705 1160 476 676
320 3436 720 3836 471 671
210 1048 610 1448 636 836
947 2224 1347 2624 586 786
2860 2395 3260 2795 505 705
204 2262 604 2662 345 545
3219 1807 3619 2207 538 738
2905 2151 3305 2551 415 615
3395 309 3795 709 375 575
337 2869 737 3269 428 628
1399 2365 1799 2765 596 796
1996 1702 2396 2102 472 672
2370 765 2770 1165 437 637
4940 2254 5340 2654 497 697
4455 3479 4855 3879 371 571
3079 638 3479 1038 621 821
551 1643 951 2043 376 576
1128 3451 1528 3851 468 668
3119 2373 3519 2773 658 858
4302 2265 4702 2665 369 569
2852 786 3252 1186 393 593
70 1159 470 1559 457 657
332 1519 732 1919 340 540
2093 3053 2493 3453 353 553
4642 2300 5042 2700 647 847
4719 231 5119 631 369 569
2004 849 2404 1249 578 778
5247 3119 5647 3519 520 720
863 2062 1263 2462 451 651
3539 3033 3939 3433 356 556
4347 3472 4747 3872 593 793
5276 1119 5676 1519 547 747
1522 2430 1922 2830 655 855
4492 2761 4892 3161 536 736
1372 1318 1772 1718 705 905
778 3515 1178 3915 576 776
2916 2321 3316 2721 497 697
121 3146 521 3546 671 871
3619 937 4019 1337 347 547
3360 1116 3760 1516 355 555
4807 2950 5207 3350 712 912
1355 3112 1755 3512 583 783
756 1796 1156 2196 443 643
2187 1276 2587 1676 392 592
2899 1716 3299 2116 553 753
4469 2413 4869 2813 547 747
4536 986 4936 1386 695 895
3965 2098 4365 2498 549 749
1007 1997 1407 2397 616 816
4537 967 4937 1367 500 700
2534 1271 2934 1671 500 700
413 1606 813 2006 369 569
1437 3129 1837 3529 531 731
182 1669 582 2069 611 811
4497 277 4897 677 589 789
5266 674 5666 1074 435 635
4643 999 5043 1399 521 721
4634 592 5034 992 639 839
5360 1991 5760 2391 631 831
2244 2147 2644 2547 574 774
4265 3512 4665 3912 488 688
2327 2356 2727 2756 592 792
4268 3399 4668 3799 378 578
3922 1288 4322 1688 467 667
2903 875 3303 1275 342 542
20 1388 420 1788 674 874
4370 650 4770 1050 570 770
5110 2491 5510 2891 531 731
5239 2857 5639 3257 551 751
3251 2684 3651 3084 529 729
5068 2507 5468 2907 520 720
4617 166 5017 566 485 685
3568 2374 3968 2774 633 833
5241 3144 5641 3544 353 553
1255 732 1655 1132 343 543
5393 1384 5793 1784 479 679
2923 2403 3323 2803 596 796
4137 2683 4537 3083 674 874
2118 2233 2518 2633 437 637
3314 1539 3714 1939 616 816
1695 3078 2095 3478 546 746
4921 2431 5321 2831 428 628
2838 3293 3238 3693 633 833
2324 1012 2724 1412 566 766
998 2949 1398 3349 499 699
480 1597 880 1997 649 849
3472 2743 3872 3143 395 595
3736 182 4136 582 603 803
3343 1710 3743 2110 481 681
4777 1533 5177 1933 699 899
2591 3310 2991 3710 667 867
3615 1839 4015 2239 573 773
1857 407 2257 807 562 762
4777 901 5177 1301 372 572
5100 429 5500 829 435 635
3482 1375 3882 1775 344 544
5069 17 5469 417 436 636
1100 1535 1500 1935 529 729
1813 3309 2213 3709 477 677
1880 2505 2280 2905 421 621
4552 1807 4952 2207 553 753
3701 1630 4101 2030 678 878
4573 2142 4973 2542 567 767
2104 2116 2504 2516 480 680
4728 2606 5128 3006 396 596
2817 742 3217 1142 697 897
4329 3021 4729 3421 395 595
1620 1043 2020 1443 466 666
1706 510 2106 910 493 693
3826 56 4226 456 539 739
729 1218 1129 1618 471 671
4992 1384 5392 1784 460 660
2651 2985 3051 3385 597 797
1984 20 2384 420 389 589
5317 2796 5717 3196 440 640
3081 2878 3481 3278 537 737
882 3372 1282 3772 578 778
2507 3422 2907 3822 546 746
810 3209 1210 3609 369 569
2013 2352 2413 2752 568 768
10 1805 410 2205 639 839
271 3366 671 3766 609 809
970 1674 1370 2074 605 805
3965 156 4365 556 548 748
588 1803 988 2203 399 599
4257 1354 4657 1754 598 798
4696 182 5096 582 434 634
4411 1326 4811 1726 649 849
1938 1208 2338 1608 379 579
1970 3139 2370 3539 481 681
946 1841 1346 2241 626 826
856 1212 1256 1612 689 889
5400 211 5800 611 597 797
266 1560 666 1960 545 745
1003 1104 1403 1504 675 875
4651 3540 5051 3940 632 832
2830 1826 3230 2226 400 600
2748 3167 3148 3567 377 577
3461 2333 3861 2733 691 891
4114 1924 4514 2324 404 604
213 1417 613 1817 400 600
3685 2029 4085 2429 434 634
321 34 721 434 557 757
1407 1437 1807 1837 614 814
3171 2657 3571 3057 354 554
3242 2891 3642 3291 525 725
1822 2924 2222 3324 609 809
5236 438 5636 838 433 633
5424 3037 5824 3437 548 748
634 454 1034 854 645 845
882 2825 1282 3225 504 704
1052 571 1452 971 428 628
1416 659 1816 1059 689 889
2944 2674 3344 3074 387 587
1598 1659 1998 2059 524 724
3406 3020 3806 3420 675 875
2059 2419 2459 2819 383 583
1938 1547 2338 1947 462 662
5207 222 5607 622 472 672
44 580 444 980 417 617
4743 2741 5143 3141 442 642
1678 763 2078 1163 422 622
2274 2481 2674 2881 709 909
1362 1483 1762 1883 395 595
4651 260 5051 660 443 643
