1000
1460 1116 1470 1126 464 474
1205 3017 1215 3027 902 912
1493 1834 1503 1844 410 420
1773 3474 1783 3484 347 357
410 1156 420 1166 693 703
3496 1102 3506 1112 449 459
5658 150 5668 160 605 615
3827 2837 3837 2847 498 508
4408 3395 4418 3405 381 391
1646 95 1656 105 791 801
2548 872 2558 882 531 541
2607 1148 2617 1158 727 737
4396 3584 4406 3594 590 600
3046 1857 3056 1867 353 363
210 1798 220 1808 643 653
4304 923 4314 933 368 378
995 1665 1005 1675 654 664
5432 810 5442 820 419 429
5021 1623 5031 1633 723 733
4481 2831 4491 2841 495 505
1693 2233 1703 2243 451 461
3657 420 3667 430 559 569
39 3378 49 3388 524 534
5451 119 5461 129 771 781
472 2473 482 2483 409 419
3903 2883 3913 2893 514 524
3829 2212 3839 2222 451 461
5472 1146 5482 1156 739 749
5786 2230 5796 2240 873 883
1331 1755 1341 1765 654 664
4232 823 4242 833 811 821
2135 551 2145 561 841 851
2078 1579 2088 1589 677 687
1250 1749 1260 1759 456 466
3577 544 3587 554 627 637
5166 736 5176 746 412 422
3682 1049 3692 1059 424 434
4785 3247 4795 3257 366 376
4318 573 4328 583 399 409
860 2025 870 2035 567 577
5568 1332 5578 1342 692 702
3496 1743 3506 1753 467 477
2462 3642 2472 3652 718 728
3182 2631 3192 2641 566 576
719 568 729 578 594 604
4796 3242 4806 3252 477 487
2224 455 2234 465 747 757
5037 2616 5047 2626 718 728
5478 1790 5488 1800 844 854
584 3593 594 3603 508 518
4349 496 4359 506 872 882
4652 1100 4662 1110 348 358
5150 3450 5160 3460 861 871
53 564 63 574 897 907
2170 543 2180 553 696 706
2464 1108 2474 1118 459 469
4216 1913 4226 1923 867 877
3895 2030 3905 2040 704 714
4823 229 4833 239 568 578
1123 3494 1133 3504 800 810
1488 2457 1498 2467 584 594
639 1933 649 1943 896 906
4390 2473 4400 2483 475 485
1008 3280 1018 3290 794 804
3404 1349 3414 1359 709 719
1342 363 1352 373 510 520
3669 1911 3679 1921 775 785
2405 3049 2415 3059 392 402
184 658 194 668 525 535
3476 1679 3486 1689 668 678
3007 1768 3017 1778 421 431
2818 1496 2828 1506 706 716
5782 2606 5792 2616 519 529
4851 757 4861 767 744 754
3207 1809 3217 1819 410 420
3098 725 3108 735 343 353
5642 749 5652 759 618 628
5079 1571 5089 1581 510 520
617 1818 627 1828 902 912
5716 3279 5726 3289 602 612
2844 3179 2854 3189 849 859
4334 3629 4344 3639 412 422
4703 124 4713 134 503 513
1743 1719 1753 1729 446 456
716 2610 726 2620 737 747
2262 964 2272 974 666 676
2394 265 2404 275 857 867
3799 3277 3809 3287 642 652
240 2436 250 2446 388 398
841 3575 851 3585 892 902
273 2206 283 2216 787 797
2175 24 2185 34 450 460
2885 1339 2895 1349 879 889
3113 2255 3123 2265 444 454
3245 2063 3255 2073 803 813
5156 2112 5166 2122 430 440
3736 3615 3746 3625 699 709
2653 1266 2663 1276 784 794
4314 2955 4324 2965 741 751
4601 1359 4611 1369 627 637
1159 534 1169 544 839 849
676 1485 686 1495 829 839
138 105 148 115 838 848
5327 612 5337 622 610 620
1451 1388 1461 1398 422 432
3379 2626 3389 2636 349 359
4075 1062 4085 1072 898 908
3352 2287 3362 2297 649 659
457 2266 467 2276 845 855
1839 2819 1849 2829 350 360
5232 2469 5242 2479 563 573
5498 406 5508 416 732 742
1141 2636 1151 2646 366 376
544 539 554 549 764 774
1771 2201 1781 2211 836 846
1235 1489 1245 1499 416 426
3350 1744 3360 1754 902 912
377 2467 387 2477 480 490
1948 2945 1958 2955 591 601
4621 3237 4631 3247 654 664
4937 3690 4947 3700 591 601
3167 3370 3177 3380 852 862
1488 3066 1498 3076 418 428
634 975 644 985 833 843
5248 2494 5258 2504 570 580
5383 2555 5393 2565 597 607
1895 1656 1905 1666 374 384
2200 3413 2210 3423 767 777
968 346 978 356 522 532
2515 1015 2525 1025 545 555
5611 1175 5621 1185 559 569
4963 2211 4973 2221 434 444
5548 2379 5558 2389 663 673
1051 2637 1061 2647 547 557
1103 3596 1113 3606 359 369
2852 2653 2862 2663 688 698
3846 59 3856 69 410 420
2331 866 2341 876 590 600
5337 993 5347 1003 340 350
1661 1094 1671 1104 736 746
2651 1609 2661 1619 657 667
4030 255 4040 265 768 778
3313 1429 3323 1439 896 906
3171 3777 3181 3787 438 448
2619 1469 2629 1479 454 464
2807 3075 2817 3085 746 756
3441 3716 3451 3726 892 902
1417 2760 1427 2770 889 899
5095 2674 5105 2684 751 761
2610 34 2620 44 797 807
2263 2068 2273 2078 713 723
5312 2108 5322 2118 688 698
1111 1147 1121 1157 669 679
660 2251 670 2261 739 749
2441 28 2451 38 696 706
2193 962 2203 972 774 784
3147 1242 3157 1252 731 741
5048 910 5058 920 409 419
4265 2616 4275 2626 872 882
3295 1101 3305 1111 473 483
3126 609 3136 619 685 695
2915 3928 2925 3938 531 541
265 2061 275 2071 612 622
2254 2228 2264 2238 750 760
422 1461 432 1471 460 470
3232 2594 3242 2604 897 907
1874 2675 1884 2685 711 721
2346 2614 2356 2624 544 554
2676 49 2686 59 517 527
2371 3193 2381 3203 700 710
941 1166 951 1176 858 868
4717 3560 4727 3570 811 821
2388 271 2398 281 860 870
4627 2326 4637 2336 429 439
2942 3141 2952 3151 819 829
5784 196 5794 206 883 893
2147 2169 2157 2179 530 540
4984 805 4994 815 815 825
370 2855 380 2865 591 601
759 2248 769 2258 772 782
5081 1395 5091 1405 686 696
1788 3979 1798 3989 644 654
2022 2511 2032 2521 495 505
4744 2982 4754 2992 442 452
4783 2038 4793 2048 886 896
4580 2935 4590 2945 420 430
2027 2645 2037 2655 616 626
271 2409 281 2419 734 744
679 2376 689 2386 780 790
1063 3548 1073 3558 659 669
1040 2273 1050 2283 505 515
3734 3150 3744 3160 733 743
400 512 410 522 839 849
4493 3639 4503 3649 531 541
5077 2786 5087 2796 791 801
1952 1028 1962 1038 476 486
503 3338 513 3348 715 725
452 3645 462 3655 812 822
5674 573 5684 583 844 854
3504 3767 3514 3777 491 501
3673 457 3683 467 551 561
4970 1405 4980 1415 413 423
451 3802 461 3812 551 561
4166 3929 4176 3939 791 801
4779 3349 4789 3359 658 668
5232 2826 5242 2836 569 579
5477 943 5487 953 504 514
3360 3097 3370 3107 525 535
185 2112 195 2122 544 554
3683 3219 3693 3229 750 760
5102 1537 5112 1547 444 454
3069 2452 3079 2462 479 489
3676 347 3686 357 529 539
2490 962 2500 972 818 828
2728 1673 2738 1683 754 764
1189 1380 1199 1390 886 896
304 3781 314 3791 730 740
4251 2776 4261 2786 502 512
3168 2389 3178 2399 597 607
5716 3381 5726 3391 893 903
2826 2934 2836 2944 513 523
3519 181 3529 191 758 768
5699 1411 5709 1421 892 902
5464 1619 5474 1629 718 728
1476 1217 1486 1227 497 507
2492 2228 2502 2238 553 563
4633 925 4643 935 457 467
2572 1411 2582 1421 524 534
4121 1812 4131 1822 660 670
1140 3466 1150 3476 807 817
5117 1394 5127 1404 487 497
3761 1659 3771 1669 415 425
2041 2438 2051 2448 669 679
4088 402 4098 412 831 841
257 1857 267 1867 789 799
3308 3021 3318 3031 798 808
2509 3492 2519 3502 590 600
5489 3452 5499 3462 834 844
1795 2006 1805 2016 583 593
1122 1266 1132 1276 481 491
3475 2076 3485 2086 375 385
2294 3595 2304 3605 372 382
2176 1908 2186 1918 549 559
968 1353 978 1363 466 476
1159 2893 1169 2903 604 614
5477 3447 5487 3457 683 693
1300 2782 1310 2792 685 695
593 3915 603 3925 372 382
5457 1642 5467 1652 410 420
1567 2343 1577 2353 493 503
472 3030 482 3040 545 555
694 271 704 281 873 883
4225 2229 4235 2239 634 644
4478 2332 4488 2342 383 393
5390 3814 5400 3824 567 577
4133 3901 4143 3911 648 658
1050 68 1060 78 844 854
2924 1985 2934 1995 707 717
666 2318 676 2328 424 434
3606 503 3616 513 822 832
3373 768 3383 778 604 614
2935 2981 2945 2991 487 497
2371 1583 2381 1593 551 561
5253 626 5263 636 430 440
1855 511 1865 521 554 564
4096 2332 4106 2342 808 818
3623 1129 3633 1139 584 594
794 2771 804 2781 574 584
4779 2728 4789 2738 706 716
2030 2243 2040 2253 661 671
1030 3346 1040 3356 517 527
5254 3358 5264 3368 815 825
3184 3497 3194 3507 456 466
2827 1681 2837 1691 723 733
3000 877 3010 887 610 620
1182 3979 1192 3989 887 897
2851 1697 2861 1707 766 776
5004 806 5014 816 597 607
4554 1229 4564 1239 348 358
2657 2232 2667 2242 596 606
5182 2167 5192 2177 361 371
2468 1687 2478 1697 355 365
1041 2679 1051 2689 547 557
823 1765 833 1775 668 678
4764 516 4774 526 698 708
139 367 149 377 804 814
4894 1993 4904 2003 664 674
436 2322 446 2332 785 795
1351 1726 1361 1736 469 479
322 145 332 155 807 817
4635 2075 4645 2085 648 658
2323 3528 2333 3538 696 706
5830 268 5840 278 665 675
36 1097 46 1107 638 648
3385 2650 3395 2660 643 653
238 1447 248 1457 898 908
4203 1435 4213 1445 740 750
1410 1365 1420 1375 350 360
2166 782 2176 792 469 479
1115 3265 1125 3275 396 406
2440 1462 2450 1472 892 902
5018 1946 5028 1956 502 512
3972 2470 3982 2480 838 848
2486 1779 2496 1789 884 894
3388 1553 3398 1563 898 908
5375 1056 5385 1066 584 594
120 3504 130 3514 559 569
2136 2612 2146 2622 554 564
4142 801 4152 811 894 904
3333 3291 3343 3301 393 403
1744 1954 1754 1964 442 452
3030 571 3040 581 500 510
1676 3208 1686 3218 585 595
2403 2183 2413 2193 843 853
204 877 214 887 535 545
5674 1420 5684 1430 460 470
5138 2564 5148 2574 453 463
5642 1550 5652 1560 841 851
3320 700 3330 710 436 446
5355 3354 5365 3364 878 888
407 1676 417 1686 433 443
2621 3345 2631 3355 482 492
509 3908 519 3918 817 827
2051 2870 2061 2880 503 513
5133 3707 5143 3717 408 418
3007 2700 3017 2710 837 847
1742 2911 1752 2921 457 467
1861 3398 1871 3408 368 378
4774 1535 4784 1545 387 397
364 2097 374 2107 778 788
5710 3594 5720 3604 901 911
3608 3497 3618 3507 681 691
2757 3753 2767 3763 413 423
3448 464 3458 474 468 478
187 1014 197 1024 827 837
42 2965 52 2975 786 796
2556 3382 2566 3392 723 733
5700 3392 5710 3402 665 675
5779 3231 5789 3241 829 839
4783 3699 4793 3709 573 583
2365 3335 2375 3345 586 596
5480 100 5490 110 778 788
285 2549 295 2559 876 886
5329 1154 5339 1164 495 505
1841 474 1851 484 645 655
1688 625 1698 635 453 463
4713 650 4723 660 416 426
90 1498 100 1508 778 788
1443 2344 1453 2354 846 856
5639 3125 5649 3135 588 598
1164 3968 1174 3978 675 685
3143 180 3153 190 442 452
1008 711 1018 721 731 741
2628 1488 2638 1498 757 767
542 3004 552 3014 753 763
1412 984 1422 994 725 735
2415 3733 2425 3743 605 615
3142 2189 3152 2199 515 525
1773 2978 1783 2988 421 431
932 3645 942 3655 874 884
4663 3909 4673 3919 616 626
1185 996 1195 1006 712 722
1465 3159 1475 3169 875 885
4580 3028 4590 3038 679 689
3847 1831 3857 1841 759 769
1603 1433 1613 1443 339 349
1570 3187 1580 3197 567 577
4155 2492 4165 2502 498 508
1866 1978 1876 1988 527 537
5691 1648 5701 1658 512 522
5072 447 5082 457 691 701
223 1711 233 1721 681 691
2455 786 2465 796 357 367
1921 985 1931 995 824 834
2420 321 2430 331 410 420
5171 32 5181 42 557 567
4503 1594 4513 1604 749 759
2978 53 2988 63 564 574
4365 2512 4375 2522 880 890
5805 957 5815 967 505 515
5579 889 5589 899 759 769
547 1524 557 1534 345 355
5516 1426 5526 1436 371 381
1850 1308 1860 1318 666 676
159 281 169 291 450 460
363 1350 373 1360 707 717
195 3121 205 3131 626 636
3598 2961 3608 2971 475 485
2054 3059 2064 3069 499 509
3165 26 3175 36 585 595
2034 3111 2044 3121 770 780
1172 3487 1182 3497 636 646
3915 2915 3925 2925 557 567
1596 3789 1606 3799 374 384
946 1157 956 1167 561 571
1510 839 1520 849 776 786
4891 1893 4901 1903 521 531
998 2752 1008 2762 593 603
3496 302 3506 312 390 400
2589 2126 2599 2136 801 811
1819 1891 1829 1901 801 811
4106 1658 4116 1668 680 690
1692 762 1702 772 847 857
2863 2365 2873 2375 691 701
1559 2700 1569 2710 764 774
200 2086 210 2096 376 386
5485 557 5495 567 444 454
5048 2934 5058 2944 685 695
4925 3666 4935 3676 758 768
2120 511 2130 521 510 520
3968 3172 3978 3182 741 751
4386 1416 4396 1426 611 621
241 3135 251 3145 693 703
2260 1011 2270 1021 391 401
4932 2719 4942 2729 601 611
435 3788 445 3798 868 878
794 1577 804 1587 865 875
1903 820 1913 830 817 827
3680 489 3690 499 862 872
2348 1266 2358 1276 660 670
4753 1563 4763 1573 897 907
3417 3728 3427 3738 871 881
1041 3267 1051 3277 381 391
1542 717 1552 727 649 659
2835 2245 2845 2255 645 655
3716 2640 3726 2650 463 473
1393 364 1403 374 606 616
759 1303 769 1313 563 573
2810 1839 2820 1849 590 600
3062 2276 3072 2286 804 814
4103 3976 4113 3986 342 352
1921 3226 1931 3236 865 875
2152 3298 2162 3308 385 395
2808 201 2818 211 545 555
4600 291 4610 301 371 381
1107 3891 1117 3901 420 430
2040 1115 2050 1125 666 676
3372 501 3382 511 519 529
20 2606 30 2616 458 468
2740 2352 2750 2362 709 719
1989 1013 1999 1023 375 385
3264 3376 3274 3386 363 373
3592 2111 3602 2121 882 892
4743 1118 4753 1128 522 532
3146 3022 3156 3032 473 483
3733 1796 3743 1806 495 505
4788 3607 4798 3617 359 369
1275 1287 1285 1297 657 667
4607 3637 4617 3647 671 681
3124 789 3134 799 861 871
703 1991 713 2001 418 428
568 2439 578 2449 337 347
5514 3483 5524 3493 717 727
1241 2024 1251 2034 775 785
4632 2768 4642 2778 450 460
1029 1594 1039 1604 489 499
3660 3517 3670 3527 516 526
4407 158 4417 168 669 679
5558 3179 5568 3189 609 619
413 1682 423 1692 654 664
5224 1936 5234 1946 573 583
2921 1547 2931 1557 373 383
4938 3743 4948 3753 581 591
1764 2225 1774 2235 678 688
2038 2037 2048 2047 743 753
229 3470 239 3480 373 383
1745 2435 1755 2445 654 664
2173 45 2183 55 716 726
1207 2408 1217 2418 743 753
2546 1770 2556 1780 353 363
4628 2861 4638 2871 857 867
5763 1940 5773 1950 658 668
4913 770 4923 780 851 861
1991 3076 2001 3086 846 856
1739 3609 1749 3619 764 774
1474 1399 1484 1409 806 816
627 3848 637 3858 433 443
3987 2590 3997 2600 802 812
1166 2141 1176 2151 532 542
452 533 462 543 393 403
4969 2547 4979 2557 408 418
5289 3805 5299 3815 528 538
4130 2757 4140 2767 818 828
2705 1271 2715 1281 396 406
4406 2985 4416 2995 395 405
52 310 62 320 735 745
3863 2820 3873 2830 499 509
4159 2061 4169 2071 368 378
5346 3796 5356 3806 675 685
1321 845 1331 855 557 567
5688 496 5698 506 835 845
2498 2307 2508 2317 545 555
2032 3835 2042 3845 355 365
5549 841 5559 851 380 390
1000 1155 1010 1165 896 906
5764 446 5774 456 739 749
4730 2184 4740 2194 883 893
1170 3200 1180 3210 576 586
3090 1162 3100 1172 701 711
3715 92 3725 102 463 473
1910 146 1920 156 512 522
3833 3422 3843 3432 605 615
1434 2265 1444 2275 562 572
5459 3049 5469 3059 832 842
404 107 414 117 790 800
3352 3416 3362 3426 798 808
4115 24 4125 34 758 768
4850 998 4860 1008 701 711
2183 948 2193 958 592 602
4640 2014 4650 2024 429 439
1012 2353 1022 2363 902 912
2099 521 2109 531 881 891
5208 323 5218 333 429 439
4336 3754 4346 3764 723 733
4339 2489 4349 2499 558 568
3792 3503 3802 3513 496 506
2125 2354 2135 2364 432 442
5353 247 5363 257 399 409
3821 3235 3831 3245 493 503
2875 2378 2885 2388 356 366
157 2514 167 2524 338 348
2884 2523 2894 2533 742 752
1891 3951 1901 3961 772 782
2891 2649 2901 2659 884 894
5602 1837 5612 1847 553 563
5194 291 5204 301 842 852
1600 3301 1610 3311 387 397
1079 3454 1089 3464 365 375
1122 1574 1132 1584 886 896
2667 2814 2677 2824 678 688
1449 3277 1459 3287 434 444
5207 2345 5217 2355 767 777
3963 1827 3973 1837 811 821
2830 3988 2840 3998 790 800
5116 755 5126 765 632 642
1716 982 1726 992 726 736
1190 3329 1200 3339 901 911
3974 3831 3984 3841 378 388
3256 1108 3266 1118 721 731
4899 1713 4909 1723 354 364
5561 2056 5571 2066 438 448
2576 2113 2586 2123 470 480
3251 2404 3261 2414 362 372
1133 876 1143 886 708 718
2709 2897 2719 2907 695 705
2187 2975 2197 2985 480 490
3358 2236 3368 2246 853 863
2517 1420 2527 1430 775 785
2866 2388 2876 2398 746 756
3924 2007 3934 2017 355 365
2735 279 2745 289 756 766
1609 3708 1619 3718 750 760
1277 468 1287 478 744 754
5161 2492 5171 2502 541 551
4488 2070 4498 2080 753 763
2711 3417 2721 3427 398 408
1344 2070 1354 2080 547 557
3517 2944 3527 2954 490 500
797 3888 807 3898 383 393
1668 2485 1678 2495 647 657
1436 787 1446 797 552 562
3079 3684 3089 3694 699 709
2295 3925 2305 3935 384 394
3045 3338 3055 3348 453 463
179 2771 189 2781 857 867
4643 1364 4653 1374 758 768
4340 3329 4350 3339 414 424
4141 2398 4151 2408 391 401
660 1639 670 1649 728 738
2361 2161 2371 2171 612 622
952 3300 962 3310 560 570
5676 1508 5686 1518 675 685
5294 2125 5304 2135 523 533
908 1950 918 1960 632 642
1631 1860 1641 1870 740 750
2192 1612 2202 1622 575 585
2627 191 2637 201 345 355
4142 1446 4152 1456 435 445
1894 1194 1904 1204 652 662
3959 3437 3969 3447 903 913
4750 3815 4760 3825 576 586
2699 1843 2709 1853 590 600
3719 3606 3729 3616 728 738
2633 828 2643 838 830 840
922 1606 932 1616 469 479
4605 790 4615 800 627 637
4730 2650 4740 2660 800 810
2642 1274 2652 1284 565 575
1858 1221 1868 1231 642 652
1024 773 1034 783 447 457
5489 1654 5499 1664 790 800
5027 660 5037 670 884 894
2716 3088 2726 3098 896 906
2382 3268 2392 3278 372 382
1238 3775 1248 3785 496 506
3143 3390 3153 3400 656 666
1079 1100 1089 1110 706 716
4595 2611 4605 2621 592 602
2491 1576 2501 1586 435 445
4937 2012 4947 2022 560 570
2632 2088 2642 2098 675 685
210 2729 220 2739 438 448
3345 3066 3355 3076 623 633
3520 3609 3530 3619 348 358
1643 3932 1653 3942 345 355
5175 3518 5185 3528 450 460
2497 1604 2507 1614 401 411
5747 3984 5757 3994 641 651
3724 2510 3734 2520 638 648
3532 3981 3542 3991 770 780
1770 3853 1780 3863 341 351
4718 1186 4728 1196 854 864
5564 2577 5574 2587 665 675
3725 2889 3735 2899 799 809
1834 2186 1844 2196 485 495
814 2837 824 2847 487 497
3118 2494 3128 2504 901 911
3343 2192 3353 2202 488 498
452 2443 462 2453 610 620
3663 477 3673 487 877 887
2337 2672 2347 2682 830 840
5645 325 5655 335 422 432
1121 3690 1131 3700 507 517
5293 2270 5303 2280 706 716
4581 2559 4591 2569 356 366
221 1966 231 1976 816 826
1189 653 1199 663 639 649
2733 572 2743 582 762 772
5147 1105 5157 1115 743 753
1410 690 1420 700 745 755
139 3716 149 3726 861 871
3968 1911 3978 1921 426 436
1443 1997 1453 2007 479 489
5422 3049 5432 3059 739 749
4083 3921 4093 3931 651 661
2749 2940 2759 2950 725 735
4445 486 4455 496 506 516
3685 2915 3695 2925 562 572
2538 3091 2548 3101 629 639
2575 1910 2585 1920 376 386
5179 3354 5189 3364 805 815
457 153 467 163 655 665
4790 3852 4800 3862 508 518
418 1066 428 1076 564 574
4259 287 4269 297 782 792
4955 1326 4965 1336 744 754
1169 1414 1179 1424 470 480
5531 2282 5541 2292 460 470
3891 2132 3901 2142 428 438
382 1030 392 1040 386 396
2346 3443 2356 3453 439 449
4139 71 4149 81 447 457
5575 72 5585 82 496 506
1945 1531 1955 1541 626 636
2222 351 2232 361 770 780
3005 705 3015 715 817 827
4516 569 4526 579 743 753
2112 3823 2122 3833 851 861
2208 3822 2218 3832 869 879
4120 2521 4130 2531 703 713
4955 611 4965 621 760 770
1173 1808 1183 1818 366 376
422 1655 432 1665 679 689
5674 3765 5684 3775 642 652
4860 3203 4870 3213 722 732
4213 1515 4223 1525 603 613
4332 3254 4342 3264 671 681
1680 924 1690 934 465 475
2093 1433 2103 1443 842 852
3808 3117 3818 3127 894 904
2040 3896 2050 3906 726 736
1346 1519 1356 1529 676 686
2183 3358 2193 3368 430 440
3510 1292 3520 1302 791 801
3595 379 3605 389 658 668
4545 143 4555 153 606 616
3955 2673 3965 2683 344 354
4525 2252 4535 2262 508 518
3803 1926 3813 1936 654 664
2001 2300 2011 2310 809 819
3181 3555 3191 3565 455 465
5387 2001 5397 2011 828 838
3247 1702 3257 1712 337 347
185 1114 195 1124 712 722
3979 1007 3989 1017 672 682
886 118 896 128 584 594
1894 767 1904 777 865 875
5066 3522 5076 3532 785 795
3003 234 3013 244 860 870
3124 330 3134 340 422 432
3716 3954 3726 3964 404 414
225 2121 235 2131 598 608
1182 3858 1192 3868 466 476
1180 1224 1190 1234 721 731
3741 1213 3751 1223 729 739
5743 1423 5753 1433 682 692
1889 992 1899 1002 342 352
1720 1560 1730 1570 612 622
5386 1675 5396 1685 421 431
2697 392 2707 402 841 851
5443 828 5453 838 663 673
4004 2889 4014 2899 341 351
1254 3340 1264 3350 716 726
5208 2310 5218 2320 617 627
5563 329 5573 339 564 574
3764 153 3774 163 877 887
676 3541 686 3551 563 573
1782 1192 1792 1202 761 771
2098 964 2108 974 575 585
1123 792 1133 802 693 703
860 599 870 609 519 529
808 1564 818 1574 608 618
2054 83 2064 93 449 459
2012 1086 2022 1096 348 358
4549 1697 4559 1707 876 886
5662 2922 5672 2932 537 547
405 2504 415 2514 712 722
2334 2824 2344 2834 731 741
4854 3412 4864 3422 410 420
4515 511 4525 521 337 347
761 2434 771 2444 467 477
3140 2776 3150 2786 868 878
3894 2043 3904 2053 666 676
4206 3330 4216 3340 429 439
5256 2258 5266 2268 539 549
652 890 662 900 823 833
4119 3027 4129 3037 427 437
55 3293 65 3303 424 434
1218 873 1228 883 524 534
5636 1431 5646 1441 811 821
40 607 50 617 461 471
1537 3982 1547 3992 496 506
318 1710 328 1720 727 737
3467 1122 3477 1132 529 539
4530 2151 4540 2161 620 630
1090 3512 1100 3522 659 669
590 2981 600 2991 555 565
26 109 36 119 599 609
4862 79 4872 89 518 528
3381 1477 3391 1487 616 626
2539 3481 2549 3491 552 562
1045 3552 1055 3562 442 452
5537 3253 5547 3263 688 698
4258 2668 4268 2678 640 650
5050 2120 5060 2130 439 449
4481 79 4491 89 429 439
2382 2695 2392 2705 373 383
4989 2114 4999 2124 451 461
4503 1159 4513 1169 492 502
2100 3242 2110 3252 633 643
143 131 153 141 745 755
5225 627 5235 637 391 401
2993 2752 3003 2762 670 680
1021 568 1031 578 712 722
3515 3773 3525 3783 674 684
4069 1889 4079 1899 629 639
1184 1411 1194 1421 495 505
4810 3752 4820 3762 364 374
3341 1847 3351 1857 824 834
1675 2173 1685 2183 427 437
5448 3785 5458 3795 716 726
3039 3299 3049 3309 617 627
1193 2320 1203 2330 791 801
2381 2558 2391 2568 495 505
2086 1144 2096 1154 487 497
4840 3457 4850 3467 355 365
71 3413 81 3423 419 429
1559 3230 1569 3240 899 909
5651 642 5661 652 791 801
3396 2094 3406 2104 408 418
1855 2697 1865 2707 401 411
3569 3554 3579 3564 418 428
3750 1849 3760 1859 564 574
1484 3213 1494 3223 623 633
3180 3183 3190 3193 833 843
74 650 84 660 664 674
4629 2914 4639 2924 840 850
3264 697 3274 707 700 710
968 3332 978 3342 424 434
92 768 102 778 538 548
4889 1090 4899 1100 901 911
5367 1200 5377 1210 593 603
5224 962 5234 972 802 812
3149 3130 3159 3140 728 738
165 1903 175 1913 680 690
5616 2669 5626 2679 430 440
1778 949 1788 959 707 717
3646 533 3656 543 599 609
2219 418 2229 428 572 582
838 2451 848 2461 544 554
4859 3201 4869 3211 672 682
4387 936 4397 946 702 712
3992 3708 4002 3718 850 860
2715 2715 2725 2725 371 381
5088 1279 5098 1289 558 568
3066 3772 3076 3782 864 874
3639 63 3649 73 740 750
2576 784 2586 794 836 846
1437 3562 1447 3572 449 459
42 292 52 302 601 611
5466 3429 5476 3439 796 806
2072 1320 2082 1330 468 478
5091 746 5101 756 831 841
2309 1943 2319 1953 347 357
5345 3370 5355 3380 436 446
5093 2606 5103 2616 397 407
100 3529 110 3539 426 436
2354 3449 2364 3459 525 535
5609 3913 5619 3923 490 500
4380 1036 4390 1046 846 856
3061 428 3071 438 725 735
2240 3942 2250 3952 625 635
5133 42 5143 52 739 749
1622 50 1632 60 398 408
4368 727 4378 737 560 570
5553 1599 5563 1609 435 445
2812 3722 2822 3732 617 627
74 914 84 924 846 856
2514 76 2524 86 751 761
2842 3240 2852 3250 567 577
3424 2499 3434 2509 503 513
5439 3430 5449 3440 762 772
5294 3831 5304 3841 772 782
1148 189 1158 199 849 859
5229 2440 5239 2450 527 537
5131 3881 5141 3891 529 539
1769 1916 1779 1926 816 826
4614 2976 4624 2986 591 601
4580 715 4590 725 355 365
4634 3448 4644 3458 655 665
1137 346 1147 356 753 763
3235 3583 3245 3593 410 420
1339 3358 1349 3368 891 901
5749 1180 5759 1190 423 433
3431 3833 3441 3843 652 662
5563 1101 5573 1111 542 552
1273 3572 1283 3582 657 667
4474 2041 4484 2051 517 527
1557 718 1567 728 879 889
3962 2755 3972 2765 566 576
2255 1206 2265 1216 850 860
1649 491 1659 501 725 735
3762 2174 3772 2184 544 554
4218 3922 4228 3932 646 656
4638 1794 4648 1804 524 534
2937 3735 2947 3745 839 849
989 1749 999 1759 685 695
5286 2786 5296 2796 779 789
2088 3771 2098 3781 497 507
5572 788 5582 798 755 765
4767 1069 4777 1079 648 658
946 745 956 755 846 856
1699 869 1709 879 704 714
4339 3659 4349 3669 462 472
2032 559 2042 569 634 644
7 1992 17 2002 340 350
4924 1479 4934 1489 777 787
3211 2552 3221 2562 658 668
1010 205 1020 215 869 879
5054 3135 5064 3145 732 742
333 440 343 450 500 510
3325 448 3335 458 719 729
4075 375 4085 385 700 710
1771 3578 1781 3588 496 506
1541 880 1551 890 629 639
1607 1717 1617 1727 347 357
1079 1587 1089 1597 356 366
1230 3298 1240 3308 344 354
2855 3286 2865 3296 493 503
1057 1508 1067 1518 776 786
5631 718 5641 728 792 802
5017 3737 5027 3747 355 365
4546 697 4556 707 552 562
2148 3368 2158 3378 390 400
2041 3701 2051 3711 680 690
882 1111 892 1121 541 551
5288 3326 5298 3336 847 857
907 120 917 130 374 384
384 3877 394 3887 569 579
3656 2404 3666 2414 393 403
4634 479 4644 489 832 842
103 785 113 795 561 571
2670 77 2680 87 591 601
222 2452 232 2462 592 602
5080 360 5090 370 755 765
1785 1578 1795 1588 679 689
3534 2495 3544 2505 432 442
3590 3826 3600 3836 827 837
5164 2519 5174 2529 614 624
1284 3621 1294 3631 696 706
2837 3050 2847 3060 401 411
2172 482 2182 492 394 404
465 1120 475 1130 426 436
1789 585 1799 595 794 804
4237 2455 4247 2465 525 535
2897 1243 2907 1253 412 422
1528 2657 1538 2667 530 540
4888 1916 4898 1926 834 844
396 704 406 714 634 644
2569 3159 2579 3169 848 858
4481 3569 4491 3579 522 532
1632 275 1642 285 742 752
4869 243 4879 253 393 403
1245 2556 1255 2566 759 769
2420 222 2430 232 824 834
302 935 312 945 801 811
76 3428 86 3438 896 906
2727 3045 2737 3055 483 493
3333 1522 3343 1532 670 680
125 358 135 368 553 563
2592 2720 2602 2730 692 702
1555 1957 1565 1967 448 458
797 3608 807 3618 548 558
5139 1383 5149 1393 678 688
990 3338 1000 3348 463 473
1413 1853 1423 1863 758 768
1739 119 1749 129 900 910
5502 3008 5512 3018 855 865
4631 3988 4641 3998 481 491
2139 824 2149 834 623 633
5140 3504 5150 3514 506 516
4811 3107 4821 3117 697 707
4852 3341 4862 3351 685 695
4199 2951 4209 2961 496 506
341 906 351 916 521 531
3345 2891 3355 2901 381 391
4447 2167 4457 2177 719 729
3024 629 3034 639 594 604
3964 1806 3974 1816 374 384
3985 799 3995 809 420 430
3503 4 3513 14 613 623
2699 3752 2709 3762 506 516
1676 1197 1686 1207 503 513
1000 564 1010 574 660 670
1917 2796 1927 2806 833 843
4696 3361 4706 3371 877 887
130 1580 140 1590 623 633
1484 881 1494 891 567 577
1976 1170 1986 1180 854 864
2788 740 2798 750 683 693
4044 3177 4054 3187 839 849
4036 3221 4046 3231 412 422
639 451 649 461 778 788
4162 2467 4172 2477 382 392
99 293 109 303 699 709
5406 1258 5416 1268 593 603
3381 848 3391 858 548 558
3744 796 3754 806 432 442
4016 1732 4026 1742 826 836
2997 2041 3007 2051 677 687
676 1784 686 1794 838 848
2193 2850 2203 2860 847 857
4377 3594 4387 3604 431 441
418 3365 428 3375 506 516
4027 1123 4037 1133 664 674
202 1767 212 1777 894 904
5479 1819 5489 1829 803 813
982 3447 992 3457 645 655
5077 2526 5087 2536 676 686
4234 1625 4244 1635 366 376
289 2396 299 2406 367 377
2575 1613 2585 1623 824 834
2130 3881 2140 3891 902 912
2159 2413 2169 2423 573 583
1511 1766 1521 1776 857 867
2103 2359 2113 2369 485 495
649 2800 659 2810 498 508
5262 1440 5272 1450 616 626
3613 13 3623 23 567 577
1359 452 1369 462 673 683
5589 2733 5599 2743 341 351
82 2052 92 2062 381 391
4838 3244 4848 3254 431 441
854 2769 864 2779 364 374
1801 717 1811 727 727 737
5629 1372 5639 1382 750 760
2402 2001 2412 2011 622 632
5012 1077 5022 1087 556 566
5541 2622 5551 2632 582 592
2174 2765 2184 2775 686 696
1589 1170 1599 1180 643 653
4461 3612 4471 3622 824 834
2852 206 2862 216 605 615
5441 3290 5451 3300 582 592
363 1879 373 1889 357 367
5457 326 5467 336 824 834
3432 1159 3442 1169 774 784
1298 1445 1308 1455 609 619
2187 2252 2197 2262 701 711
1043 3731 1053 3741 822 832
4253 1901 4263 1911 873 883
442 2386 452 2396 882 892
5378 2810 5388 2820 771 781
16 684 26 694 472 482
3388 800 3398 810 789 799
3812 170 3822 180 476 486
2771 3531 2781 3541 816 826
3064 1709 3074 1719 836 846
1972 3364 1982 3374 749 759
957 2904 967 2914 785 795
