1395
3328 4352 3455 4479 451 851
3328 2560 3455 2687 358 758
1920 3328 2047 3455 400 800
128 3072 255 3199 435 835
2944 3072 3071 3199 495 895
1280 2304 1407 2431 354 754
1920 3968 2047 4095 391 791
3200 768 3327 895 506 906
384 3712 511 3839 447 847
3328 3200 3455 3327 513 913
3328 5504 3455 5631 365 765
2816 4992 2943 5119 378 778
1024 128 1151 255 461 861
0 256 127 383 368 768
3200 5248 3327 5375 464 864
2176 3456 2303 3583 475 875
3072 1408 3199 1535 362 762
3328 3072 3455 3199 497 897
1792 1664 1919 1791 501 901
2048 0 2175 127 406 806
1664 512 1791 639 485 885
2304 2048 2431 2175 480 880
1152 1920 1279 2047 353 753
1536 4864 1663 4991 502 902
3328 1920 3455 2047 468 868
512 1536 639 1663 396 796
1536 1408 1663 1535 374 774
2304 5376 2431 5503 450 850
2688 3328 2815 3455 479 879
2560 2944 2687 3071 483 883
896 4736 1023 4863 427 827
2560 1536 2687 1663 416 816
1536 384 1663 511 504 904
1664 0 1791 127 490 890
3840 4224 3967 4351 337 737
256 3072 383 3199 489 889
1792 1152 1919 1279 511 911
3584 1152 3711 1279 391 791
512 2688 639 2815 486 886
768 1280 895 1407 444 844
128 2688 255 2815 391 791
1792 5376 1919 5503 337 737
2816 2688 2943 2815 489 889
2688 768 2815 895 342 742
2432 3072 2559 3199 372 772
3328 640 3455 767 443 843
256 2048 383 2175 480 880
2176 4224 2303 4351 397 797
2432 3456 2559 3583 427 827
768 0 895 127 471 871
3584 1024 3711 1151 471 871
3712 768 3839 895 402 802
2048 3840 2175 3967 437 837
0 5504 127 5631 487 887
1024 3968 1151 4095 395 795
512 2816 639 2943 396 796
3840 4608 3967 4735 373 773
256 1920 383 2047 432 832
2560 1280 2687 1407 509 909
896 384 1023 511 338 738
1024 3456 1151 3583 401 801
1024 3712 1151 3839 426 826
384 768 511 895 417 817
1152 384 1279 511 396 796
1280 4608 1407 4735 406 806
2048 2560 2175 2687 421 821
1920 5376 2047 5503 375 775
0 4224 127 4351 407 807
1536 2176 1663 2303 480 880
1920 3456 2047 3583 347 747
0 3200 127 3327 342 742
2176 2048 2303 2175 361 761
1920 4480 2047 4607 347 747
2688 2560 2815 2687 494 894
128 4736 255 4863 366 766
1152 3712 1279 3839 382 782
1536 256 1663 383 424 824
1920 4224 2047 4351 513 913
640 3840 767 3967 447 847
3712 1152 3839 1279 341 741
3328 2944 3455 3071 470 870
3584 1536 3711 1663 408 808
3456 896 3583 1023 406 806
0 2432 127 2559 397 797
2688 2176 2815 2303 385 785
0 5632 127 5759 464 864
1920 2944 2047 3071 456 856
256 5248 383 5375 421 821
2432 2304 2559 2431 386 786
3200 3456 3327 3583 456 856
640 1664 767 1791 422 822
640 4992 767 5119 451 851
3712 4864 3839 4991 372 772
2944 3200 3071 3327 506 906
384 2816 511 2943 337 737
1536 1920 1663 2047 442 842
2048 3712 2175 3839 417 817
2560 4864 2687 4991 375 775
3456 0 3583 127 512 912
2560 1024 2687 1151 383 783
1408 5248 1535 5375 386 786
1664 4352 1791 4479 340 740
512 0 639 127 407 807
2816 4224 2943 4351 400 800
896 3072 1023 3199 502 902
1280 5376 1407 5503 440 840
1024 4480 1151 4607 446 846
1280 5248 1407 5375 412 812
1792 1024 1919 1151 439 839
2304 3712 2431 3839 383 783
2944 512 3071 639 416 816
128 384 255 511 399 799
128 2048 255 2175 454 854
1408 1408 1535 1535 489 889
512 1280 639 1407 460 860
128 2816 255 2943 502 902
3328 3840 3455 3967 444 844
1920 1536 2047 1663 402 802
3200 3328 3327 3455 409 809
3072 2048 3199 2175 493 893
1920 2688 2047 2815 348 748
3712 5504 3839 5631 498 898
3456 4608 3583 4735 434 834
2176 4352 2303 4479 384 784
1536 2688 1663 2815 494 894
3584 5504 3711 5631 434 834
2816 4608 2943 4735 489 889
1664 3456 1791 3583 401 801
1152 1792 1279 1919 477 877
3200 0 3327 127 491 891
3072 256 3199 383 448 848
2176 2176 2303 2303 349 749
3584 1280 3711 1407 499 899
1408 128 1535 255 345 745
512 896 639 1023 412 812
3456 3200 3583 3327 487 887
2816 1536 2943 1663 449 849
3840 5632 3967 5759 348 748
3456 1152 3583 1279 389 789
3328 768 3455 895 374 774
2176 0 2303 127 394 794
1280 896 1407 1023 472 872
1920 1152 2047 1279 441 841
2176 512 2303 639 511 911
3712 3968 3839 4095 447 847
1280 5632 1407 5759 387 787
2688 384 2815 511 503 903
3328 3968 3455 4095 381 781
2048 1536 2175 1663 456 856
3072 1664 3199 1791 402 802
3840 3456 3967 3583 365 765
2944 1792 3071 1919 472 872
640 5248 767 5375 386 786
1408 4736 1535 4863 462 862
512 3840 639 3967 342 742
384 3328 511 3455 370 770
2944 384 3071 511 387 787
2304 1536 2431 1663 498 898
3840 3968 3967 4095 435 835
128 4224 255 4351 350 750
128 5120 255 5247 475 875
384 0 511 127 373 773
1792 128 1919 255 362 762
896 5248 1023 5375 464 864
3712 5120 3839 5247 385 785
2048 3200 2175 3327 441 841
768 768 895 895 437 837
2176 640 2303 767 497 897
1152 1152 1279 1279 457 857
2688 3456 2815 3583 493 893
0 2816 127 2943 362 762
0 3712 127 3839 337 737
2560 2432 2687 2559 451 851
2432 1664 2559 1791 466 866
640 3200 767 3327 339 739
3072 896 3199 1023 389 789
3584 5632 3711 5759 343 743
1536 1664 1663 1791 509 909
3072 3072 3199 3199 433 833
1024 2816 1151 2943 466 866
2816 3200 2943 3327 398 798
3584 1408 3711 1535 461 861
896 3968 1023 4095 424 824
2048 4096 2175 4223 447 847
512 4736 639 4863 414 814
3712 4096 3839 4223 429 829
256 3968 383 4095 485 885
2688 0 2815 127 464 864
768 1024 895 1151 417 817
768 256 895 383 410 810
1792 4352 1919 4479 481 881
1280 1664 1407 1791 383 783
2688 128 2815 255 450 850
1152 3456 1279 3583 510 910
2432 5376 2559 5503 510 910
512 3584 639 3711 498 898
128 3200 255 3327 437 837
1920 3712 2047 3839 438 838
1792 4480 1919 4607 482 882
2176 1664 2303 1791 380 780
2560 128 2687 255 417 817
3840 4864 3967 4991 511 911
128 1920 255 2047 385 785
2688 2944 2815 3071 355 755
1152 3200 1279 3327 467 867
2304 896 2431 1023 391 791
2048 2304 2175 2431 407 807
1280 1920 1407 2047 473 873
2304 2432 2431 2559 386 786
3712 4608 3839 4735 507 907
1408 3840 1535 3967 429 829
3328 4096 3455 4223 447 847
1280 1408 1407 1535 455 855
768 1152 895 1279 340 740
3072 1024 3199 1151 385 785
1280 3584 1407 3711 359 759
1024 5504 1151 5631 436 836
128 0 255 127 360 760
3072 1792 3199 1919 490 890
3456 3968 3583 4095 340 740
1024 4224 1151 4351 433 833
2432 2688 2559 2815 457 857
2688 5504 2815 5631 386 786
128 4864 255 4991 369 769
384 3200 511 3327 453 853
512 2304 639 2431 386 786
256 1664 383 1791 357 757
1664 1024 1791 1151 380 780
128 3968 255 4095 487 887
1664 2688 1791 2815 506 906
1408 896 1535 1023 424 824
768 2688 895 2815 391 791
512 4480 639 4607 503 903
2688 1408 2815 1535 476 876
2432 896 2559 1023 409 809
1792 4736 1919 4863 456 856
1792 2688 1919 2815 357 757
1280 3456 1407 3583 479 879
512 5376 639 5503 419 819
2048 5632 2175 5759 406 806
1280 128 1407 255 472 872
3712 5632 3839 5759 339 739
2944 2688 3071 2815 344 744
1280 1792 1407 1919 417 817
1408 2048 1535 2175 346 746
128 256 255 383 396 796
896 4096 1023 4223 443 843
3072 5504 3199 5631 445 845
384 1664 511 1791 419 819
3456 3584 3583 3711 419 819
3840 2304 3967 2431 452 852
2432 5120 2559 5247 338 738
2048 4992 2175 5119 362 762
2432 256 2559 383 505 905
3328 2176 3455 2303 374 774
3328 4480 3455 4607 478 878
0 4480 127 4607 378 778
1408 1536 1535 1663 398 798
128 1664 255 1791 345 745
3584 3328 3711 3455 351 751
1664 3840 1791 3967 391 791
256 128 383 255 436 836
3200 4352 3327 4479 405 805
896 1920 1023 2047 380 780
3840 384 3967 511 402 802
1920 256 2047 383 481 881
256 5632 383 5759 504 904
3456 5504 3583 5631 422 822
2688 1664 2815 1791 450 850
3456 4352 3583 4479 413 813
3712 3712 3839 3839 495 895
256 640 383 767 413 813
1024 1280 1151 1407 419 819
2944 1536 3071 1663 502 902
3456 2560 3583 2687 493 893
3584 4864 3711 4991 428 828
2944 3584 3071 3711 384 784
768 4736 895 4863 427 827
640 1792 767 1919 364 764
640 4224 767 4351 470 870
2944 2816 3071 2943 509 909
128 1408 255 1535 479 879
3584 4992 3711 5119 475 875
2560 4736 2687 4863 362 762
896 256 1023 383 475 875
3328 0 3455 127 512 912
2176 4736 2303 4863 507 907
3584 2304 3711 2431 339 739
128 2944 255 3071 397 797
3200 4096 3327 4223 342 742
128 768 255 895 357 757
256 2176 383 2303 455 855
2560 2176 2687 2303 441 841
896 4224 1023 4351 430 830
3072 5632 3199 5759 502 902
2048 3456 2175 3583 510 910
2944 3968 3071 4095 397 797
2432 1408 2559 1535 492 892
2688 4992 2815 5119 422 822
512 1152 639 1279 511 911
3456 5376 3583 5503 396 796
1408 2688 1535 2815 404 804
1664 1408 1791 1535 410 810
2432 2560 2559 2687 478 878
1792 2048 1919 2175 396 796
3456 1024 3583 1151 393 793
384 2176 511 2303 397 797
384 4864 511 4991 448 848
1152 4224 1279 4351 487 887
3584 5248 3711 5375 424 824
3584 5120 3711 5247 404 804
1408 2304 1535 2431 483 883
1664 128 1791 255 393 793
1792 3328 1919 3455 366 766
2304 4736 2431 4863 512 912
1536 128 1663 255 354 754
3712 3456 3839 3583 368 768
768 3712 895 3839 505 905
1408 2560 1535 2687 360 760
3584 768 3711 895 432 832
768 4224 895 4351 511 911
384 512 511 639 381 781
1280 384 1407 511 373 773
3712 2176 3839 2303 442 842
0 2560 127 2687 478 878
2688 5632 2815 5759 362 762
3712 1664 3839 1791 443 843
2816 5504 2943 5631 365 765
768 1920 895 2047 344 744
1024 2688 1151 2815 351 751
2048 2176 2175 2303 362 762
640 2944 767 3071 407 807
3584 4096 3711 4223 418 818
1664 3072 1791 3199 439 839
512 2944 639 3071 372 772
1152 768 1279 895 478 878
2176 2944 2303 3071 500 900
1024 3584 1151 3711 432 832
3840 896 3967 1023 416 816
1792 1536 1919 1663 477 877
640 512 767 639 346 746
2048 5120 2175 5247 483 883
1024 1152 1151 1279 450 850
1664 1152 1791 1279 402 802
3200 1280 3327 1407 339 739
3200 4480 3327 4607 448 848
3584 3840 3711 3967 420 820
2304 5120 2431 5247 371 771
2816 384 2943 511 440 840
256 0 383 127 443 843
2816 3840 2943 3967 470 870
3712 3584 3839 3711 441 841
1152 3840 1279 3967 491 891
768 3328 895 3455 507 907
768 1536 895 1663 369 769
3072 3328 3199 3455 455 855
3712 3328 3839 3455 359 759
0 5120 127 5247 475 875
1920 4992 2047 5119 484 884
2432 4608 2559 4735 366 766
0 2304 127 2431 494 894
2304 5504 2431 5631 513 913
3584 3712 3711 3839 437 837
3456 384 3583 511 398 798
1792 4992 1919 5119 443 843
1664 3200 1791 3327 476 876
512 2432 639 2559 366 766
3456 2944 3583 3071 433 833
768 3840 895 3967 398 798
2304 128 2431 255 445 845
896 1152 1023 1279 396 796
1920 640 2047 767 407 807
512 1024 639 1151 419 819
2048 2944 2175 3071 510 910
896 3712 1023 3839 472 872
3328 5248 3455 5375 421 821
2304 4992 2431 5119 448 848
1408 2944 1535 3071 382 782
1920 2048 2047 2175 459 859
2432 640 2559 767 374 774
2176 1920 2303 2047 493 893
3712 640 3839 767 416 816
3840 2048 3967 2175 482 882
3200 1536 3327 1663 470 870
2432 2048 2559 2175 413 813
768 5120 895 5247 342 742
1408 0 1535 127 416 816
384 4608 511 4735 435 835
3584 4352 3711 4479 484 884
640 3072 767 3199 390 790
1536 5120 1663 5247 468 868
0 2048 127 2175 464 864
1280 2560 1407 2687 393 793
1664 2304 1791 2431 395 795
2432 4224 2559 4351 349 749
2432 4480 2559 4607 499 899
640 3456 767 3583 361 761
2560 640 2687 767 382 782
2176 4608 2303 4735 422 822
1024 2176 1151 2303 422 822
128 1792 255 1919 495 895
2816 4096 2943 4223 486 886
128 1280 255 1407 496 896
2432 4736 2559 4863 404 804
1280 3072 1407 3199 486 886
2944 256 3071 383 459 859
2816 128 2943 255 492 892
2432 3200 2559 3327 420 820
640 1536 767 1663 504 904
3328 384 3455 511 438 838
1792 1280 1919 1407 462 862
3584 896 3711 1023 483 883
1664 384 1791 511 344 744
2944 4864 3071 4991 430 830
2048 640 2175 767 444 844
896 2688 1023 2815 420 820
896 3584 1023 3711 435 835
1152 896 1279 1023 346 746
1408 2816 1535 2943 345 745
1536 1792 1663 1919 406 806
128 1536 255 1663 399 799
3840 4736 3967 4863 480 880
3456 3712 3583 3839 356 756
3200 1024 3327 1151 455 855
1280 4096 1407 4223 362 762
3072 4608 3199 4735 372 772
640 3968 767 4095 445 845
256 768 383 895 386 786
3328 1280 3455 1407 422 822
3712 1280 3839 1407 357 757
384 3456 511 3583 476 876
1408 5120 1535 5247 403 803
768 3072 895 3199 506 906
3840 3200 3967 3327 458 858
1536 1536 1663 1663 474 874
3712 896 3839 1023 478 878
3840 4992 3967 5119 407 807
512 1664 639 1791 452 852
1280 4224 1407 4351 385 785
1536 5504 1663 5631 398 798
2048 3072 2175 3199 380 780
128 2432 255 2559 337 737
1280 5120 1407 5247 371 771
1408 768 1535 895 387 787
1152 2176 1279 2303 430 830
2176 5376 2303 5503 478 878
2304 3200 2431 3327 474 874
896 1280 1023 1407 352 752
1664 4608 1791 4735 491 891
2688 2688 2815 2815 486 886
1408 1792 1535 1919 425 825
1664 4992 1791 5119 376 776
3456 2304 3583 2431 453 853
2304 512 2431 639 444 844
1024 2048 1151 2175 499 899
2560 1152 2687 1279 478 878
2688 4352 2815 4479 484 884
3200 1664 3327 1791 434 834
2048 512 2175 639 354 754
1408 3328 1535 3455 392 792
3584 0 3711 127 454 854
1280 1536 1407 1663 493 893
1792 4864 1919 4991 462 862
1792 4096 1919 4223 451 851
3072 2688 3199 2815 442 842
2176 5120 2303 5247 422 822
3328 5120 3455 5247 419 819
384 1408 511 1535 512 912
3200 384 3327 511 360 760
3072 3584 3199 3711 467 867
2304 0 2431 127 400 800
1280 2816 1407 2943 404 804
768 4480 895 4607 471 871
768 128 895 255 439 839
3072 128 3199 255 458 858
3456 2432 3583 2559 388 788
640 2176 767 2303 403 803
1792 2432 1919 2559 419 819
2304 4352 2431 4479 407 807
2816 1920 2943 2047 381 781
1792 3840 1919 3967 391 791
128 3328 255 3455 495 895
2688 4864 2815 4991 424 824
768 512 895 639 511 911
640 4864 767 4991 429 829
768 5248 895 5375 413 813
1152 2944 1279 3071 475 875
896 2048 1023 2175 399 799
1792 256 1919 383 510 910
896 3840 1023 3967 497 897
512 640 639 767 458 858
3840 1536 3967 1663 455 855
640 3328 767 3455 476 876
3200 3968 3327 4095 406 806
2816 3968 2943 4095 392 792
1664 1536 1791 1663 408 808
512 3072 639 3199 495 895
3840 768 3967 895 474 874
2944 5120 3071 5247 411 811
768 5632 895 5759 342 742
512 5632 639 5759 432 832
3072 5120 3199 5247 478 878
384 4096 511 4223 413 813
3712 4480 3839 4607 389 789
2176 3968 2303 4095 403 803
2944 1280 3071 1407 361 761
2816 896 2943 1023 444 844
768 4608 895 4735 470 870
1536 3200 1663 3327 447 847
3456 1792 3583 1919 337 737
896 128 1023 255 341 741
640 4736 767 4863 506 906
2944 5248 3071 5375 495 895
1024 3840 1151 3967 428 828
1792 2560 1919 2687 503 903
2176 2432 2303 2559 411 811
3200 2560 3327 2687 509 909
2432 4352 2559 4479 469 869
640 128 767 255 477 877
2944 1920 3071 2047 505 905
1152 4608 1279 4735 452 852
2304 4224 2431 4351 422 822
256 3712 383 3839 450 850
896 4352 1023 4479 418 818
0 640 127 767 491 891
640 4608 767 4735 509 909
3840 2688 3967 2815 490 890
1152 1408 1279 1535 473 873
1280 2432 1407 2559 470 870
3200 2176 3327 2303 391 791
3712 384 3839 511 482 882
2688 1920 2815 2047 392 792
2304 1920 2431 2047 355 755
2944 5376 3071 5503 385 785
2432 1024 2559 1151 448 848
2688 3712 2815 3839 426 826
640 5120 767 5247 409 809
1920 4352 2047 4479 379 779
2176 2304 2303 2431 386 786
1920 128 2047 255 347 747
2304 2816 2431 2943 379 779
128 4608 255 4735 390 790
1152 2304 1279 2431 339 739
3072 4096 3199 4223 365 765
3072 5248 3199 5375 485 885
512 5504 639 5631 505 905
384 2944 511 3071 439 839
640 3584 767 3711 484 884
3712 4224 3839 4351 460 860
1408 4864 1535 4991 402 802
2816 2816 2943 2943 476 876
3200 5120 3327 5247 398 798
3712 1536 3839 1663 487 887
2944 896 3071 1023 416 816
1280 1280 1407 1407 480 880
1152 3968 1279 4095 469 869
2688 2048 2815 2175 412 812
2944 3456 3071 3583 460 860
256 3200 383 3327 432 832
3840 128 3967 255 372 772
2176 3328 2303 3455 341 741
2432 3584 2559 3711 400 800
1024 896 1151 1023 427 827
1024 4864 1151 4991 363 763
0 4736 127 4863 452 852
2304 1408 2431 1535 365 765
256 5120 383 5247 452 852
1792 768 1919 895 351 751
2304 3968 2431 4095 407 807
3584 5376 3711 5503 501 901
1280 4864 1407 4991 361 761
2304 384 2431 511 454 854
1280 640 1407 767 381 781
3072 3968 3199 4095 363 763
128 4352 255 4479 482 882
3328 4864 3455 4991 357 757
3712 512 3839 639 355 755
1280 0 1407 127 407 807
3456 4736 3583 4863 504 904
1792 3712 1919 3839 482 882
1664 3968 1791 4095 476 876
768 4864 895 4991 470 870
128 3840 255 3967 367 767
256 4352 383 4479 454 854
512 768 639 895 373 773
3712 2944 3839 3071 337 737
768 1792 895 1919 409 809
1152 640 1279 767 452 852
3200 4992 3327 5119 464 864
384 1024 511 1151 504 904
2304 2560 2431 2687 487 887
1152 5632 1279 5759 468 868
3072 2944 3199 3071 394 794
1536 2816 1663 2943 400 800
3712 1792 3839 1919 494 894
3072 4992 3199 5119 513 913
1536 1024 1663 1151 428 828
256 384 383 511 437 837
1536 4096 1663 4223 350 750
512 4864 639 4991 503 903
1792 5632 1919 5759 428 828
896 512 1023 639 375 775
1024 5120 1151 5247 443 843
3840 2560 3967 2687 477 877
640 5632 767 5759 401 801
256 1280 383 1407 411 811
3328 4224 3455 4351 501 901
3328 3584 3455 3711 423 823
1664 2432 1791 2559 485 885
2048 1024 2175 1151 495 895
2560 5632 2687 5759 392 792
384 3968 511 4095 447 847
3456 5632 3583 5759 452 852
3840 1280 3967 1407 426 826
256 3584 383 3711 391 791
1280 256 1407 383 492 892
3200 1408 3327 1535 426 826
1024 1792 1151 1919 463 863
2304 3328 2431 3455 434 834
1280 3200 1407 3327 376 776
256 1152 383 1279 457 857
0 128 127 255 407 807
3840 1664 3967 1791 511 911
384 4480 511 4607 341 741
1024 512 1151 639 474 874
2944 1408 3071 1535 491 891
2432 1920 2559 2047 340 740
640 1152 767 1279 392 792
2816 5632 2943 5759 418 818
3456 4096 3583 4223 354 754
3328 4992 3455 5119 381 781
1536 1152 1663 1279 510 910
1536 2048 1663 2175 396 796
3200 1920 3327 2047 491 891
0 384 127 511 473 873
1792 5504 1919 5631 460 860
1152 5248 1279 5375 388 788
0 1792 127 1919 460 860
2688 5376 2815 5503 370 770
2944 4992 3071 5119 363 763
2304 256 2431 383 441 841
768 3200 895 3327 429 829
2688 2432 2815 2559 474 874
1664 1280 1791 1407 383 783
640 0 767 127 341 741
3200 4608 3327 4735 355 755
3456 2688 3583 2815 365 765
3456 4224 3583 4351 430 830
2560 1792 2687 1919 482 882
2432 5504 2559 5631 462 862
2560 4352 2687 4479 473 873
512 2176 639 2303 429 829
3072 4736 3199 4863 355 755
3072 5376 3199 5503 470 870
1280 4736 1407 4863 438 838
3072 2432 3199 2559 496 896
1024 0 1151 127 451 851
3840 512 3967 639 441 841
1664 5120 1791 5247 375 775
0 3968 127 4095 356 756
1408 1664 1535 1791 462 862
3328 2048 3455 2175 419 819
256 4224 383 4351 356 756
2176 2688 2303 2815 344 744
2432 768 2559 895 397 797
2816 2176 2943 2303 492 892
2048 4480 2175 4607 472 872
1280 768 1407 895 452 852
1664 2816 1791 2943 442 842
3584 128 3711 255 509 909
1536 896 1663 1023 479 879
1152 2048 1279 2175 369 769
640 256 767 383 424 824
0 896 127 1023 443 843
2176 384 2303 511 420 820
768 4096 895 4223 428 828
1920 1792 2047 1919 461 861
2048 256 2175 383 452 852
2048 4864 2175 4991 348 748
2816 2944 2943 3071 433 833
1408 5632 1535 5759 401 801
3072 1920 3199 2047 484 884
1536 4736 1663 4863 349 749
3456 256 3583 383 423 823
3584 3072 3711 3199 444 844
1920 1664 2047 1791 454 854
2688 4096 2815 4223 406 806
1152 4352 1279 4479 381 781
384 4224 511 4351 381 781
2304 4480 2431 4607 444 844
2560 3072 2687 3199 404 804
1408 1920 1535 2047 511 911
896 1792 1023 1919 353 753
256 3328 383 3455 423 823
1664 1920 1791 2047 345 745
1536 640 1663 767 413 813
3328 3328 3455 3455 405 805
640 1280 767 1407 480 880
256 3840 383 3967 356 756
1536 1280 1663 1407 510 910
3328 2688 3455 2815 475 875
3072 3200 3199 3327 498 898
3328 1792 3455 1919 370 770
512 5248 639 5375 385 785
2816 0 2943 127 431 831
1792 1408 1919 1535 457 857
2432 4096 2559 4223 480 880
256 2816 383 2943 382 782
2304 1792 2431 1919 395 795
1792 0 1919 127 491 891
512 2048 639 2175 479 879
512 3200 639 3327 459 859
1408 4096 1535 4223 461 861
3072 2816 3199 2943 495 895
640 768 767 895 373 773
2944 1664 3071 1791 395 795
512 2560 639 2687 435 835
0 1024 127 1151 442 842
1280 4480 1407 4607 444 844
1152 4096 1279 4223 483 883
1920 2304 2047 2431 376 776
2048 3968 2175 4095 511 911
1536 3840 1663 3967 484 884
1920 1408 2047 1535 392 792
3584 512 3711 639 425 825
2688 3584 2815 3711 493 893
3072 2304 3199 2431 473 873
3584 1792 3711 1919 497 897
128 2176 255 2303 463 863
768 896 895 1023 492 892
3072 1536 3199 1663 494 894
3072 3456 3199 3583 425 825
640 1920 767 2047 480 880
3840 1792 3967 1919 354 754
256 4096 383 4223 477 877
2304 1280 2431 1407 397 797
3456 640 3583 767 474 874
2944 4736 3071 4863 448 848
3200 128 3327 255 442 842
3072 4480 3199 4607 359 759
2560 3584 2687 3711 425 825
2944 3328 3071 3455 411 811
2560 1664 2687 1791 482 882
3072 640 3199 767 377 777
128 5376 255 5503 392 792
3456 1280 3583 1407 345 745
384 2432 511 2559 435 835
128 5504 255 5631 494 894
1408 4224 1535 4351 450 850
2176 3584 2303 3711 365 765
384 3584 511 3711 468 868
3328 1024 3455 1151 489 889
1280 3328 1407 3455 367 767
1792 1920 1919 2047 438 838
3200 3200 3327 3327 367 767
1024 256 1151 383 459 859
3328 3456 3455 3583 417 817
256 2688 383 2815 503 903
256 1024 383 1151 442 842
1536 3328 1663 3455 367 767
2944 128 3071 255 485 885
384 4736 511 4863 422 822
0 4608 127 4735 459 859
256 2432 383 2559 451 851
384 4992 511 5119 443 843
1664 3712 1791 3839 426 826
768 3456 895 3583 338 738
1152 3328 1279 3455 407 807
2176 2560 2303 2687 360 760
2048 1280 2175 1407 448 848
2560 1920 2687 2047 430 830
640 2304 767 2431 453 853
1408 3968 1535 4095 345 745
2944 3712 3071 3839 402 802
2816 2432 2943 2559 493 893
3072 2560 3199 2687 405 805
1152 2688 1279 2815 410 810
2432 4992 2559 5119 418 818
3712 2688 3839 2815 389 789
1920 384 2047 511 346 746
1152 5376 1279 5503 447 847
1920 5504 2047 5631 343 743
256 4480 383 4607 502 902
1536 768 1663 895 481 881
3712 2432 3839 2559 445 845
3840 3840 3967 3967 359 759
3840 640 3967 767 426 826
1920 2560 2047 2687 352 752
1152 4992 1279 5119 349 749
1152 4864 1279 4991 354 754
3072 768 3199 895 386 786
3456 768 3583 895 501 901
2304 3584 2431 3711 444 844
2944 5504 3071 5631 508 908
1792 5120 1919 5247 439 839
3072 4352 3199 4479 373 773
384 1280 511 1407 425 825
512 4224 639 4351 440 840
3712 128 3839 255 448 848
896 2816 1023 2943 448 848
2816 3456 2943 3583 374 774
3200 4224 3327 4351 364 764
2688 4608 2815 4735 391 791
1152 128 1279 255 387 787
640 1024 767 1151 429 829
1152 4480 1279 4607 370 770
1024 1408 1151 1535 459 859
512 1408 639 1535 502 902
2688 3968 2815 4095 452 852
2048 5248 2175 5375 511 911
3200 5632 3327 5759 338 738
384 640 511 767 389 789
256 896 383 1023 341 741
2048 1792 2175 1919 503 903
0 4992 127 5119 360 760
2944 2944 3071 3071 453 853
2176 4992 2303 5119 348 748
3584 2944 3711 3071 449 849
256 5376 383 5503 468 868
1920 3200 2047 3327 364 764
2432 3328 2559 3455 470 870
3712 2304 3839 2431 341 741
2944 2432 3071 2559 352 752
2560 5504 2687 5631 400 800
896 5504 1023 5631 339 739
0 4096 127 4223 458 858
1920 2176 2047 2303 441 841
3840 2944 3967 3071 427 827
128 896 255 1023 384 784
3584 384 3711 511 379 779
896 5120 1023 5247 366 766
1920 4736 2047 4863 426 826
2304 2688 2431 2815 406 806
384 5632 511 5759 420 820
640 640 767 767 480 880
1536 5376 1663 5503 502 902
2176 256 2303 383 458 858
2560 2560 2687 2687 425 825
768 1408 895 1535 490 890
2816 3712 2943 3839 400 800
1792 2304 1919 2431 426 826
2432 1792 2559 1919 495 895
640 2560 767 2687 456 856
384 256 511 383 430 830
2432 0 2559 127 484 884
768 2048 895 2175 479 879
1024 1920 1151 2047 369 769
2176 5248 2303 5375 499 899
896 3328 1023 3455 414 814
3200 4736 3327 4863 505 905
1280 2048 1407 2175 354 754
2688 2304 2815 2431 374 774
2944 2560 3071 2687 513 913
1024 2944 1151 3071 369 769
3456 4864 3583 4991 442 842
2944 0 3071 127 338 738
3584 4608 3711 4735 490 890
1920 4864 2047 4991 373 773
3328 5632 3455 5759 433 833
3456 2048 3583 2175 364 764
1408 5504 1535 5631 415 815
512 3456 639 3583 462 862
1408 3456 1535 3583 457 857
3840 4480 3967 4607 484 884
512 5120 639 5247 372 772
1920 512 2047 639 427 827
1024 768 1151 895 472 872
768 4352 895 4479 497 897
1408 384 1535 511 338 738
2176 896 2303 1023 452 852
2304 4864 2431 4991 383 783
2304 3072 2431 3199 428 828
0 0 127 127 433 833
896 2176 1023 2303 502 902
2816 5120 2943 5247 348 748
640 5376 767 5503 407 807
1024 1664 1151 1791 471 871
1152 0 1279 127 385 785
3840 4096 3967 4223 396 796
640 4352 767 4479 375 775
3328 512 3455 639 380 780
0 3584 127 3711 413 813
896 1664 1023 1791 413 813
384 2048 511 2175 379 779
512 512 639 639 449 849
1280 3712 1407 3839 341 741
1920 3072 2047 3199 380 780
2944 640 3071 767 429 829
0 2688 127 2815 377 777
1152 512 1279 639 476 876
1024 1536 1151 1663 457 857
3584 2048 3711 2175 455 855
1152 3072 1279 3199 428 828
1792 4224 1919 4351 404 804
3200 5376 3327 5503 429 829
1664 2560 1791 2687 468 868
3712 256 3839 383 495 895
1408 4608 1535 4735 391 791
3712 5248 3839 5375 451 851
1152 4736 1279 4863 500 900
2304 3456 2431 3583 506 906
1408 640 1535 767 502 902
2944 768 3071 895 418 818
0 3072 127 3199 429 829
2944 4352 3071 4479 494 894
2048 1408 2175 1535 430 830
1024 3328 1151 3455 499 899
256 1536 383 1663 452 852
2688 1024 2815 1151 482 882
1792 3456 1919 3583 381 781
384 1792 511 1919 494 894
2048 1920 2175 2047 348 748
1152 2816 1279 2943 462 862
1152 1536 1279 1663 393 793
3072 1152 3199 1279 390 790
2816 4480 2943 4607 397 797
0 1280 127 1407 401 801
3840 2432 3967 2559 437 837
2176 4096 2303 4223 490 890
3456 1664 3583 1791 445 845
128 1024 255 1151 404 804
640 384 767 511 437 837
1280 512 1407 639 390 790
3200 2816 3327 2943 495 895
3200 3072 3327 3199 508 908
2048 1664 2175 1791 482 882
896 4480 1023 4607 453 853
2560 2048 2687 2175 489 889
3200 2304 3327 2431 359 759
2304 4608 2431 4735 395 795
896 3200 1023 3327 480 880
1792 896 1919 1023 355 755
2176 4864 2303 4991 387 787
0 2944 127 3071 384 784
2176 768 2303 895 447 847
1152 3584 1279 3711 367 767
1920 0 2047 127 481 881
2944 4608 3071 4735 436 836
1920 5632 2047 5759 486 886
2816 2048 2943 2175 449 849
1408 1024 1535 1151 481 881
1792 512 1919 639 467 867
384 128 511 255 464 864
1792 2176 1919 2303 433 833
1664 4224 1791 4351 350 750
256 512 383 639 340 740
384 1920 511 2047 493 893
3200 3840 3327 3967 415 815
1664 4480 1791 4607 445 845
1664 4096 1791 4223 473 873
1536 2944 1663 3071 350 750
3072 2176 3199 2303 512 912
3840 3072 3967 3199 400 800
2304 2944 2431 3071 404 804
3840 3584 3967 3711 497 897
3840 0 3967 127 395 795
512 4992 639 5119 376 776
1664 2048 1791 2175 437 837
2304 1664 2431 1791 374 774
3584 1664 3711 1791 403 803
3200 4864 3327 4991 495 895
1792 640 1919 767 340 740
3584 4480 3711 4607 421 821
2560 256 2687 383 368 768
896 3456 1023 3583 392 792
2816 5248 2943 5375 359 759
1536 4480 1663 4607 402 802
3328 1408 3455 1535 359 759
384 5120 511 5247 458 858
3200 5504 3327 5631 375 775
3072 512 3199 639 476 876
256 1792 383 1919 429 829
2176 1536 2303 1663 509 909
3712 2048 3839 2175 430 830
1280 5504 1407 5631 348 748
2048 4224 2175 4351 349 749
2304 1152 2431 1279 438 838
1664 768 1791 895 509 909
0 768 127 895 427 827
2816 1792 2943 1919 369 769
768 2432 895 2559 468 868
2560 896 2687 1023 445 845
2816 3328 2943 3455 367 767
512 3968 639 4095 355 755
2048 5504 2175 5631 512 912
3712 4736 3839 4863 350 750
896 1408 1023 1535 417 817
2176 2816 2303 2943 378 778
2176 1152 2303 1279 450 850
128 1152 255 1279 454 854
128 4992 255 5119 444 844
1024 4992 1151 5119 435 835
768 1664 895 1791 462 862
1024 5632 1151 5759 356 756
2816 768 2943 895 470 870
384 1536 511 1663 340 740
1664 3328 1791 3455 378 778
2176 4480 2303 4607 359 759
1664 5376 1791 5503 366 766
2816 1280 2943 1407 503 903
2688 640 2815 767 401 801
1920 1920 2047 2047 509 909
1024 1024 1151 1151 419 819
0 3328 127 3455 400 800
2688 3840 2815 3967 426 826
2048 3328 2175 3455 434 834
640 4096 767 4223 412 812
1536 5632 1663 5759 350 750
2816 1024 2943 1151 429 829
2432 1536 2559 1663 507 907
128 5632 255 5759 382 782
2560 4096 2687 4223 384 784
2688 1536 2815 1663 438 838
640 5504 767 5631 412 812
3328 256 3455 383 406 806
1408 3200 1535 3327 440 840
2688 3072 2815 3199 429 829
3840 1024 3967 1151 486 886
512 384 639 511 481 881
256 2944 383 3071 366 766
256 1408 383 1535 430 830
0 1536 127 1663 412 812
2944 4224 3071 4351 468 868
1792 3072 1919 3199 378 778
1536 3712 1663 3839 435 835
3456 1920 3583 2047 425 825
1280 3840 1407 3967 385 785
3712 5376 3839 5503 480 880
0 5248 127 5375 451 851
3712 1920 3839 2047 415 815
1280 2176 1407 2303 469 869
1792 384 1919 511 338 738
384 5504 511 5631 414 814
640 4480 767 4607 378 778
2816 4864 2943 4991 405 805
384 384 511 511 503 903
1280 3968 1407 4095 476 876
2048 2048 2175 2175 480 880
384 2688 511 2815 343 743
256 256 383 383 391 791
3840 5504 3967 5631 473 873
2944 1152 3071 1279 388 788
3328 1152 3455 1279 442 842
1664 5248 1791 5375 401 801
1408 2432 1535 2559 467 867
128 4096 255 4223 338 738
1280 1024 1407 1151 504 904
0 1664 127 1791 383 783
1152 1024 1279 1151 491 891
2176 5632 2303 5759 472 872
1536 3072 1663 3199 416 816
3584 3968 3711 4095 408 808
2304 5248 2431 5375 374 774
3200 256 3327 383 374 774
2688 896 2815 1023 449 849
1536 2432 1663 2559 476 876
1920 4096 2047 4223 462 862
3840 5120 3967 5247 498 898
256 4864 383 4991 442 842
1536 2560 1663 2687 403 803
1664 1792 1791 1919 403 803
3200 896 3327 1023 401 801
1792 5248 1919 5375 408 808
768 5504 895 5631 480 880
2432 2176 2559 2303 443 843
2304 768 2431 895 476 876
2816 2560 2943 2687 470 870
2048 384 2175 511 409 809
128 128 255 255 447 847
2944 2304 3071 2431 480 880
1024 5376 1151 5503 467 867
3712 2560 3839 2687 406 806
896 5376 1023 5503 355 755
2688 5248 2815 5375 400 800
1408 4352 1535 4479 475 875
1152 1664 1279 1791 489 889
0 3840 127 3967 401 801
1408 1152 1535 1279 465 865
1792 1792 1919 1919 362 762
2816 2304 2943 2431 379 779
896 1536 1023 1663 427 827
2816 4736 2943 4863 445 845
768 3968 895 4095 450 850
2560 3712 2687 3839 468 868
1152 5120 1279 5247 483 883
3328 2816 3455 2943 389 789
1408 3712 1535 3839 434 834
3840 3328 3967 3455 435 835
2304 4096 2431 4223 377 777
2560 3968 2687 4095 362 762
2560 1408 2687 1535 502 902
1664 2176 1791 2303 443 843
2432 3840 2559 3967 431 831
2816 640 2943 767 400 800
3456 2176 3583 2303 414 814
3712 3200 3839 3327 360 760
3456 4480 3583 4607 363 763
3200 3712 3327 3839 374 774
2432 4864 2559 4991 436 836
1024 4096 1151 4223 473 873
1408 512 1535 639 340 740
512 3328 639 3455 389 789
2688 1792 2815 1919 369 769
2944 2048 3071 2175 358 758
512 1920 639 2047 456 856
2304 5632 2431 5759 507 907
1792 3968 1919 4095 338 738
1152 2432 1279 2559 344 744
128 3456 255 3583 463 863
1408 3584 1535 3711 367 767
2560 0 2687 127 390 790
2304 1024 2431 1151 380 780
768 384 895 511 476 876
896 4608 1023 4735 507 907
1536 2304 1663 2431 339 739
1408 1280 1535 1407 449 849
1152 2560 1279 2687 382 782
3328 128 3455 255 436 836
2688 1280 2815 1407 370 770
384 2304 511 2431 427 827
2816 3072 2943 3199 462 862
384 3072 511 3199 362 762
2688 3200 2815 3327 356 756
2048 4736 2175 4863 383 783
1536 0 1663 127 426 826
3328 5376 3455 5503 433 833
256 4992 383 5119 406 806
128 2560 255 2687 456 856
384 896 511 1023 470 870
3328 2432 3455 2559 509 909
256 4736 383 4863 415 815
2432 5248 2559 5375 474 874
1792 2816 1919 2943 388 788
2304 2176 2431 2303 451 851
2048 2816 2175 2943 499 899
0 4864 127 4991 508 908
2560 4480 2687 4607 449 849
256 2304 383 2431 504 904
1920 4608 2047 4735 338 738
2816 4352 2943 4479 398 798
1536 4992 1663 5119 358 758
3200 3584 3327 3711 395 795
2944 1024 3071 1151 445 845
896 4992 1023 5119 501 901
3840 3712 3967 3839 388 788
2560 5248 2687 5375 447 847
2432 2432 2559 2559 436 836
2560 2304 2687 2431 437 837
256 5504 383 5631 370 770
3712 4352 3839 4479 473 873
2048 2688 2175 2815 350 750
1664 640 1791 767 499 899
1152 5504 1279 5631 503 903
2688 2816 2815 2943 374 774
1536 4352 1663 4479 368 768
2688 4736 2815 4863 419 819
3584 256 3711 383 474 874
2944 5632 3071 5759 441 841
384 1152 511 1279 361 761
2432 3968 2559 4095 435 835
2048 2432 2175 2559 440 840
2176 1408 2303 1535 443 843
0 512 127 639 395 795
1664 256 1791 383 491 891
2048 768 2175 895 384 784
0 3456 127 3583 384 784
1536 3456 1663 3583 485 885
2688 5120 2815 5247 496 896
384 4352 511 4479 379 779
1920 1024 2047 1151 490 890
1408 256 1535 383 384 784
1920 5248 2047 5375 400 800
384 2560 511 2687 371 771
3456 3328 3583 3455 493 893
1408 4480 1535 4607 387 787
384 5248 511 5375 426 826
1664 4864 1791 4991 426 826
3584 2176 3711 2303 490 890
1792 3584 1919 3711 350 750
2432 1280 2559 1407 463 863
3072 3840 3199 3967 449 849
1664 1664 1791 1791 367 767
1792 2944 1919 3071 452 852
3200 640 3327 767 438 838
2560 3200 2687 3327 404 804
1024 384 1151 511 487 887
3456 3072 3583 3199 347 747
3712 3840 3839 3967 365 765
1024 5248 1151 5375 418 818
128 2304 255 2431 371 771
3584 2688 3711 2815 467 867
1536 3584 1663 3711 344 744
2560 768 2687 895 481 881
2560 4224 2687 4351 352 752
3840 5376 3967 5503 499 899
2560 3328 2687 3455 352 752
2560 5120 2687 5247 399 799
2816 3584 2943 3711 470 870
3840 2176 3967 2303 338 738
3456 4992 3583 5119 445 845
1280 4352 1407 4479 447 847
640 1408 767 1535 386 786
2816 1664 2943 1791 508 908
3200 1792 3327 1919 485 885
256 2560 383 2687 365 765
3584 2432 3711 2559 385 785
768 2816 895 2943 398 798
1920 5120 2047 5247 458 858
512 256 639 383 365 765
2944 4480 3071 4607 415 815
3456 1536 3583 1663 412 812
2816 512 2943 639 478 878
768 4992 895 5119 445 845
2176 3840 2303 3967 350 750
2688 1152 2815 1279 406 806
3840 1408 3967 1535 340 740
128 640 255 767 501 901
3584 1920 3711 2047 417 817
3072 4224 3199 4351 372 772
1280 1152 1407 1279 409 809
896 768 1023 895 455 855
512 3712 639 3839 502 902
1664 3584 1791 3711 417 817
3328 3712 3455 3839 427 827
640 2432 767 2559 340 740
1920 896 2047 1023 402 802
3328 2304 3455 2431 446 846
3456 5120 3583 5247 406 806
0 4352 127 4479 362 762
3072 1280 3199 1407 447 847
3072 4864 3199 4991 338 738
3840 1920 3967 2047 472 872
896 5632 1023 5759 496 896
0 5376 127 5503 513 913
640 896 767 1023 448 848
2048 4608 2175 4735 351 751
1664 2944 1791 3071 389 789
896 1024 1023 1151 509 909
3584 4736 3711 4863 473 873
3200 512 3327 639 417 817
3456 128 3583 255 410 810
2432 5632 2559 5759 371 771
2048 896 2175 1023 385 785
3584 4224 3711 4351 345 745
1920 3840 2047 3967 388 788
2560 512 2687 639 459 859
3072 0 3199 127 352 752
1408 3072 1535 3199 379 779
2176 3712 2303 3839 366 766
3712 3072 3839 3199 387 787
3328 896 3455 1023 452 852
128 3712 255 3839 488 888
3200 2944 3327 3071 375 775
0 1408 127 1535 355 755
640 2688 767 2815 401 801
512 4608 639 4735 382 782
3840 2816 3967 2943 424 824
896 2304 1023 2431 337 737
896 0 1023 127 452 852
3712 2816 3839 2943 449 849
3584 3456 3711 3583 448 848
640 3712 767 3839 457 857
3200 1152 3327 1279 408 808
3456 512 3583 639 434 834
1024 640 1151 767 456 856
256 4608 383 4735 342 742
2176 1792 2303 1919 449 849
2432 1152 2559 1279 512 912
2944 4096 3071 4223 341 741
3328 4736 3455 4863 412 812
2432 2944 2559 3071 416 816
3712 1408 3839 1535 418 818
1536 3968 1663 4095 446 846
3456 2816 3583 2943 468 868
2560 5376 2687 5503 430 830
1024 2432 1151 2559 501 901
2560 4608 2687 4735 413 813
2944 2176 3071 2303 446 846
256 3456 383 3583 367 767
3328 4608 3455 4735 442 842
128 512 255 639 496 896
768 2560 895 2687 486 886
2432 512 2559 639 417 817
2304 640 2431 767 362 762
512 128 639 255 504 904
2432 3712 2559 3839 485 885
896 4864 1023 4991 411 811
3456 5248 3583 5375 414 814
3584 2560 3711 2687 486 886
512 1792 639 1919 349 749
1152 1280 1279 1407 349 749
3584 3200 3711 3327 424 824
1792 4608 1919 4735 473 873
1536 5248 1663 5375 424 824
1024 2560 1151 2687 344 744
3584 640 3711 767 420 820
1024 3072 1151 3199 433 833
128 4480 255 4607 456 856
3456 3456 3583 3583 418 818
2560 2688 2687 2815 441 841
0 1920 127 2047 358 758
2560 384 2687 511 501 901
3200 2432 3327 2559 345 745
2048 128 2175 255 467 867
896 640 1023 767 456 856
1664 5632 1791 5759 443 843
3712 4992 3839 5119 459 859
768 2944 895 3071 355 755
2432 384 2559 511 375 775
1664 5504 1791 5631 493 893
128 5248 255 5375 465 865
384 3840 511 3967 357 757
1408 4992 1535 5119 465 865
1024 3200 1151 3327 372 772
768 2176 895 2303 386 786
2048 3584 2175 3711 459 859
1920 2816 2047 2943 343 743
512 4096 639 4223 461 861
2176 1280 2303 1407 359 759
1024 2304 1151 2431 492 892
896 896 1023 1023 477 877
3712 0 3839 127 375 775
1408 5376 1535 5503 406 806
2048 4352 2175 4479 437 837
1536 4224 1663 4351 467 867
3200 2048 3327 2175 414 814
2688 4224 2815 4351 343 743
896 2432 1023 2559 390 790
768 2304 895 2431 360 760
2688 512 2815 639 424 824
3200 2688 3327 2815 499 899
2304 2304 2431 2431 382 782
3456 3840 3583 3967 412 812
2688 256 2815 383 511 911
2432 128 2559 255 339 739
768 5376 895 5503 358 758
3456 1408 3583 1535 440 840
896 2560 1023 2687 461 861
1024 4352 1151 4479 376 776
768 640 895 767 478 878
1792 3200 1919 3327 440 840
2688 4480 2815 4607 508 908
2304 3840 2431 3967 503 903
2560 2816 2687 2943 395 795
2176 1024 2303 1151 366 766
1024 4736 1151 4863 375 775
1664 896 1791 1023 340 740
768 3584 895 3711 373 773
1536 512 1663 639 499 899
512 4352 639 4479 366 766
1664 4736 1791 4863 355 755
1920 2432 2047 2559 467 867
384 5376 511 5503 405 805
1280 2944 1407 3071 425 825
1920 768 2047 895 390 790
3328 1536 3455 1663 362 762
2560 4992 2687 5119 506 906
2560 3456 2687 3583 396 796
3328 1664 3455 1791 419 819
1280 4992 1407 5119 352 752
3840 1152 3967 1279 487 887
2176 3072 2303 3199 404 804
896 2944 1023 3071 397 797
1536 4608 1663 4735 389 789
3712 1024 3839 1151 402 802
2944 3840 3071 3967 404 804
2816 1152 2943 1279 410 810
640 2048 767 2175 505 905
2560 3840 2687 3967 355 755
3072 3712 3199 3839 454 854
3840 4352 3967 4479 470 870
2816 256 2943 383 459 859
2176 128 2303 255 448 848
640 2816 767 2943 463 863
3840 5248 3967 5375 340 740
3840 256 3967 383 478 878
2048 5376 2175 5503 501 901
3584 2816 3711 2943 348 748
1280 2688 1407 2815 341 741
128 3584 255 3711 491 891
2816 1408 2943 1535 377 777
1920 3584 2047 3711 363 763
1152 256 1279 383 444 844
1024 4608 1151 4735 449 849
2048 1152 2175 1279 455 855
1408 2176 1535 2303 497 897
3584 3584 3711 3711 474 874
1920 1280 2047 1407 447 847
0 1152 127 1279 383 783
2176 3200 2303 3327 380 780
2432 2816 2559 2943 467 867
2816 5376 2943 5503 360 760
3072 384 3199 511 451 851
0 2176 127 2303 354 754
2176 5504 2303 5631 413 813
