100
229 3837 329 3937 519 719
3334 3289 3434 3389 519 719
5400 3229 5500 3329 519 719
3732 3096 3832 3196 519 719
705 950 805 1050 519 719
2532 2918 2632 3018 519 719
4015 2864 4115 2964 519 719
4836 1383 4936 1483 519 719
1235 660 1335 760 519 719
1410 508 1510 608 519 719
1919 3856 2019 3956 519 719
3630 916 3730 1016 519 719
2001 2595 2101 2695 519 719
2708 206 2808 306 519 719
3789 2018 3889 2118 519 719
3677 2096 3777 2196 519 719
4152 3314 4252 3414 519 719
5526 1866 5626 1966 519 719
3498 1450 3598 1550 519 719
2566 4 2666 104 519 719
3058 421 3158 521 519 719
3533 1492 3633 1592 519 719
3659 1066 3759 1166 519 719
1914 1621 2014 1721 519 719
632 212 732 312 519 719
3229 2088 3329 2188 519 719
4524 3074 4624 3174 519 719
2308 2966 2408 3066 519 719
110 3081 210 3181 519 719
0 2068 100 2168 519 719
112 1685 212 1785 519 719
2730 500 2830 600 519 719
865 343 965 443 519 719
3441 1087 3541 1187 519 719
846 775 946 875 519 719
3378 1540 3478 1640 519 719
729 2609 829 2709 519 719
601 1828 701 1928 519 719
4906 3254 5006 3354 519 719
4094 95 4194 195 519 719
652 2926 752 3026 519 719
2348 2230 2448 2330 519 719
3254 2535 3354 2635 519 719
1325 1215 1425 1315 519 719
5038 1815 5138 1915 519 719
2077 261 2177 361 519 719
367 2141 467 2241 519 719
5334 1945 5434 2045 519 719
2135 1722 2235 1822 519 719
407 1624 507 1724 519 719
4407 2719 4507 2819 519 719
2250 1041 2350 1141 519 719
5510 3543 5610 3643 519 719
4890 3697 4990 3797 519 719
179 3666 279 3766 519 719
4472 3711 4572 3811 519 719
5379 3322 5479 3422 519 719
1372 2138 1472 2238 519 719
1101 3335 1201 3435 519 719
1070 1019 1170 1119 519 719
4576 1330 4676 1430 519 719
1468 2097 1568 2197 519 719
2766 636 2866 736 519 719
1541 650 1641 750 519 719
4648 3017 4748 3117 519 719
2695 2203 2795 2303 519 719
1099 133 1199 233 519 719
3816 1857 3916 1957 519 719
2609 3462 2709 3562 519 719
355 1267 455 1367 519 719
1573 139 1673 239 519 719
5278 3266 5378 3366 519 719
1825 464 1925 564 519 719
5211 2765 5311 2865 519 719
4160 798 4260 898 519 719
4431 3645 4531 3745 519 719
4793 3659 4893 3759 519 719
3856 293 3956 393 519 719
1772 1826 1872 1926 519 719
1532 1348 1632 1448 519 719
2711 3061 2811 3161 519 719
5100 125 5200 225 519 719
3986 242 4086 342 519 719
5232 1564 5332 1664 519 719
1505 3479 1605 3579 519 719
5302 378 5402 478 519 719
39 2504 139 2604 519 719
209 527 309 627 519 719
8 3742 108 3842 519 719
5343 1463 5443 1563 519 719
772 1771 872 1871 519 719
2528 114 2628 214 519 719
4745 1643 4845 1743 519 719
2195 1767 2295 1867 519 719
1406 3847 1506 3947 519 719
2563 512 2663 612 519 719
2768 112 2868 212 519 719
2739 3548 2839 3648 519 719
463 1215 563 1315 519 719
3526 1406 3626 1506 519 719
