330
1280 0 1535 255 441 491
3328 1024 3583 1279 695 745
0 2816 255 3071 418 468
768 768 1023 1023 588 638
2304 2816 2559 3071 769 819
1536 2560 1791 2815 514 564
0 4352 255 4607 524 574
3328 1792 3583 2047 460 510
1792 2560 2047 2815 492 542
1024 3328 1279 3583 798 848
1280 1280 1535 1535 401 451
3584 3584 3839 3839 507 557
1024 5120 1279 5375 456 506
0 512 255 767 488 538
768 2304 1023 2559 493 543
3072 4352 3327 4607 615 665
512 3840 767 4095 693 743
1792 3072 2047 3327 450 500
1536 5376 1791 5631 500 550
1280 1536 1535 1791 827 877
1536 2816 1791 3071 525 575
3584 5376 3839 5631 428 478
512 3328 767 3583 369 419
1536 256 1791 511 782 832
1792 3840 2047 4095 754 804
2048 4096 2303 4351 457 507
256 1280 511 1535 619 669
3072 2816 3327 3071 769 819
1024 4096 1279 4351 380 430
2304 3840 2559 4095 793 843
256 2048 511 2303 508 558
1024 2048 1279 2303 730 780
3072 2304 3327 2559 344 394
3328 512 3583 767 589 639
2816 2560 3071 2815 700 750
1280 1024 1535 1279 495 545
768 1280 1023 1535 485 535
3584 4608 3839 4863 361 411
2304 768 2559 1023 618 668
3072 4096 3327 4351 641 691
768 0 1023 255 541 591
2560 1792 2815 2047 682 732
2560 1536 2815 1791 530 580
768 3328 1023 3583 660 710
2816 4352 3071 4607 553 603
2048 0 2303 255 686 736
1024 4608 1279 4863 412 462
0 0 255 255 382 432
3584 5120 3839 5375 518 568
3072 1536 3327 1791 575 625
2048 1536 2303 1791 345 395
1792 2816 2047 3071 425 475
1792 2304 2047 2559 385 435
256 5376 511 5631 378 428
0 4096 255 4351 344 394
2304 1024 2559 1279 521 571
512 1280 767 1535 744 794
1024 4352 1279 4607 626 676
1536 4352 1791 4607 672 722
3584 2560 3839 2815 506 556
1792 4352 2047 4607 801 851
2816 1792 3071 2047 843 893
1536 2304 1791 2559 372 422
2560 4352 2815 4607 808 858
512 2304 767 2559 814 864
3072 4608 3327 4863 455 505
0 2048 255 2303 686 736
256 2816 511 3071 436 486
1792 3584 2047 3839 479 529
3584 512 3839 767 440 490
256 768 511 1023 459 509
3584 768 3839 1023 402 452
2048 5120 2303 5375 505 555
256 2304 511 2559 652 702
768 4096 1023 4351 726 776
2304 3584 2559 3839 721 771
2816 1280 3071 1535 721 771
2560 2816 2815 3071 520 570
2816 3328 3071 3583 766 816
3328 256 3583 511 375 425
256 256 511 511 477 527
1280 3072 1535 3327 494 544
768 2816 1023 3071 464 514
0 4864 255 5119 526 576
1280 4096 1535 4351 781 831
512 0 767 255 717 767
1280 2560 1535 2815 710 760
1280 5376 1535 5631 380 430
2048 4608 2303 4863 725 775
0 256 255 511 519 569
2560 4608 2815 4863 550 600
3072 0 3327 255 662 712
0 1024 255 1279 744 794
2304 5120 2559 5375 585 635
1792 768 2047 1023 853 903
0 1280 255 1535 695 745
2560 1280 2815 1535 703 753
2048 4352 2303 4607 675 725
1792 256 2047 511 794 844
2048 768 2303 1023 564 614
3072 256 3327 511 497 547
2560 3072 2815 3327 635 685
2048 1024 2303 1279 630 680
2816 1536 3071 1791 665 715
1536 2048 1791 2303 423 473
2816 2304 3071 2559 738 788
2048 3072 2303 3327 768 818
0 2560 255 2815 526 576
2560 768 2815 1023 394 444
1280 768 1535 1023 390 440
1024 1024 1279 1279 565 615
512 1024 767 1279 534 584
512 4352 767 4607 547 597
1280 4352 1535 4607 411 461
2048 3584 2303 3839 442 492
768 256 1023 511 710 760
2816 5376 3071 5631 791 841
1280 3584 1535 3839 535 585
512 4864 767 5119 753 803
2816 256 3071 511 652 702
1792 1024 2047 1279 436 486
1792 1280 2047 1535 439 489
768 2048 1023 2303 696 746
3584 4352 3839 4607 843 893
1536 4864 1791 5119 407 457
2048 3840 2303 4095 685 735
2304 512 2559 767 674 724
2304 1280 2559 1535 492 542
3328 2816 3583 3071 496 546
3584 256 3839 511 850 900
3328 3840 3583 4095 720 770
1280 3840 1535 4095 657 707
3328 4864 3583 5119 621 671
2304 1536 2559 1791 732 782
2048 2816 2303 3071 704 754
512 1536 767 1791 427 477
3328 3584 3583 3839 852 902
3072 4864 3327 5119 609 659
2816 512 3071 767 616 666
1792 4096 2047 4351 382 432
1280 2048 1535 2303 662 712
2304 1792 2559 2047 563 613
2048 1280 2303 1535 825 875
1792 0 2047 255 591 641
512 512 767 767 637 687
0 3072 255 3327 404 454
1024 2816 1279 3071 437 487
2560 4096 2815 4351 810 860
2560 5120 2815 5375 848 898
1536 3840 1791 4095 572 622
2560 3328 2815 3583 598 648
1792 4608 2047 4863 420 470
3072 512 3327 767 675 725
256 2560 511 2815 431 481
2304 3072 2559 3327 399 449
1792 1792 2047 2047 464 514
1792 512 2047 767 498 548
2048 512 2303 767 456 506
2560 256 2815 511 619 669
768 3072 1023 3327 658 708
768 4864 1023 5119 442 492
1536 768 1791 1023 721 771
1536 3328 1791 3583 697 747
512 2048 767 2303 446 496
2304 3328 2559 3583 589 639
256 1536 511 1791 537 587
3072 3072 3327 3327 782 832
256 4864 511 5119 577 627
256 3840 511 4095 528 578
0 3584 255 3839 780 830
256 0 511 255 341 391
256 1792 511 2047 853 903
256 3072 511 3327 480 530
2048 2304 2303 2559 830 880
2816 2048 3071 2303 826 876
256 3584 511 3839 499 549
3584 3072 3839 3327 616 666
3072 1024 3327 1279 399 449
2048 4864 2303 5119 446 496
1536 3072 1791 3327 600 650
512 5120 767 5375 635 685
2560 3840 2815 4095 426 476
3328 2304 3583 2559 683 733
2816 0 3071 255 692 742
2304 4864 2559 5119 520 570
2560 0 2815 255 464 514
1280 2816 1535 3071 819 869
1024 1536 1279 1791 682 732
3072 3584 3327 3839 583 633
3072 2048 3327 2303 574 624
2304 2304 2559 2559 722 772
1280 3328 1535 3583 408 458
1536 4608 1791 4863 432 482
3328 2048 3583 2303 555 605
1024 2304 1279 2559 763 813
2304 2560 2559 2815 403 453
768 1024 1023 1279 474 524
768 4608 1023 4863 681 731
2048 2560 2303 2815 363 413
0 1536 255 1791 666 716
2560 1024 2815 1279 597 647
0 2304 255 2559 613 663
512 4096 767 4351 374 424
1792 5376 2047 5631 459 509
1792 2048 2047 2303 825 875
1280 4608 1535 4863 337 387
1280 4864 1535 5119 622 672
768 5376 1023 5631 577 627
1536 1280 1791 1535 645 695
3328 768 3583 1023 450 500
2816 4864 3071 5119 559 609
256 1024 511 1279 662 712
2560 5376 2815 5631 539 589
3072 3840 3327 4095 624 674
2816 768 3071 1023 736 786
1536 1536 1791 1791 442 492
768 1536 1023 1791 471 521
512 256 767 511 691 741
3328 4096 3583 4351 506 556
3584 4864 3839 5119 717 767
3072 3328 3327 3583 648 698
1024 1280 1279 1535 610 660
3328 4608 3583 4863 507 557
768 4352 1023 4607 462 512
1792 1536 2047 1791 547 597
2304 0 2559 255 406 456
1024 3840 1279 4095 774 824
768 3584 1023 3839 684 734
768 2560 1023 2815 469 519
768 1792 1023 2047 519 569
1792 3328 2047 3583 732 782
3328 1280 3583 1535 449 499
2304 4352 2559 4607 796 846
2304 5376 2559 5631 489 539
1280 2304 1535 2559 571 621
2816 3584 3071 3839 757 807
2048 5376 2303 5631 489 539
2048 2048 2303 2303 575 625
2560 512 2815 767 717 767
1792 5120 2047 5375 516 566
2816 3072 3071 3327 688 738
2304 4096 2559 4351 658 708
1280 512 1535 767 561 611
2304 2048 2559 2303 610 660
2816 5120 3071 5375 419 469
512 768 767 1023 433 483
2304 4608 2559 4863 434 484
1280 256 1535 511 553 603
1536 4096 1791 4351 788 838
3584 0 3839 255 603 653
2560 2304 2815 2559 652 702
1024 3072 1279 3327 818 868
1280 5120 1535 5375 349 399
3584 3840 3839 4095 823 873
3584 1024 3839 1279 416 466
3328 1536 3583 1791 559 609
256 3328 511 3583 611 661
3328 5120 3583 5375 572 622
512 3584 767 3839 625 675
3328 2560 3583 2815 463 513
256 5120 511 5375 755 805
1024 768 1279 1023 494 544
3584 2816 3839 3071 575 625
256 4608 511 4863 687 737
3072 1792 3327 2047 646 696
0 1792 255 2047 528 578
1536 512 1791 767 826 876
3584 1792 3839 2047 517 567
2816 2816 3071 3071 767 817
256 4096 511 4351 679 729
2560 2560 2815 2815 415 465
1024 1792 1279 2047 837 887
3584 4096 3839 4351 474 524
0 3328 255 3583 639 689
2048 1792 2303 2047 829 879
1536 1024 1791 1279 802 852
3584 1280 3839 1535 736 786
3328 5376 3583 5631 399 449
2560 4864 2815 5119 737 787
2816 4096 3071 4351 379 429
3584 3328 3839 3583 384 434
512 3072 767 3327 525 575
2560 2048 2815 2303 860 910
1536 3584 1791 3839 642 692
3584 2304 3839 2559 730 780
2816 3840 3071 4095 658 708
1024 3584 1279 3839 583 633
1280 1792 1535 2047 724 774
768 512 1023 767 612 662
2560 3584 2815 3839 345 395
512 1792 767 2047 850 900
1024 4864 1279 5119 503 553
1024 512 1279 767 748 798
3328 3072 3583 3327 807 857
3584 2048 3839 2303 572 622
1024 0 1279 255 776 826
1024 256 1279 511 471 521
2304 256 2559 511 781 831
1024 5376 1279 5631 675 725
2048 3328 2303 3583 620 670
512 4608 767 4863 596 646
0 768 255 1023 753 803
0 5376 255 5631 594 644
3072 768 3327 1023 452 502
3072 1280 3327 1535 529 579
2816 1024 3071 1279 805 855
1536 5120 1791 5375 636 686
1792 4864 2047 5119 647 697
3072 2560 3327 2815 341 391
256 512 511 767 509 559
0 3840 255 4095 689 739
2048 256 2303 511 634 684
3072 5120 3327 5375 417 467
0 4608 255 4863 404 454
3328 0 3583 255 413 463
768 3840 1023 4095 810 860
512 5376 767 5631 444 494
3328 3328 3583 3583 659 709
1536 0 1791 255 389 439
1024 2560 1279 2815 719 769
3328 4352 3583 4607 386 436
1536 1792 1791 2047 375 425
256 4352 511 4607 605 655
512 2816 767 3071 797 847
0 5120 255 5375 845 895
512 2560 767 2815 559 609
3584 1536 3839 1791 428 478
2816 4608 3071 4863 699 749
3072 5376 3327 5631 476 526
768 5120 1023 5375 766 816
