77
0 2048 511 2559 609 709
2048 3584 2559 4095 522 622
512 0 1023 511 532 632
3072 1536 3583 2047 414 514
1024 1024 1535 1535 686 786
1536 1024 2047 1535 343 443
512 3072 1023 3583 784 884
1536 1536 2047 2047 534 634
1024 2048 1535 2559 747 847
2048 3072 2559 3583 475 575
3072 512 3583 1023 784 884
1536 3072 2047 3583 402 502
512 4096 1023 4607 480 580
0 1024 511 1535 626 726
3072 4608 3583 5119 586 686
2560 512 3071 1023 559 659
2560 2048 3071 2559 642 742
512 3584 1023 4095 427 527
1024 5120 1535 5631 374 474
1536 3584 2047 4095 536 636
0 2560 511 3071 641 741
512 5120 1023 5631 436 536
2560 1024 3071 1535 493 593
512 512 1023 1023 672 772
512 1536 1023 2047 778 878
1536 4608 2047 5119 518 618
1024 2560 1535 3071 456 556
2560 3584 3071 4095 617 717
2560 4096 3071 4607 606 706
2560 1536 3071 2047 646 746
1024 4096 1535 4607 666 766
1536 2560 2047 3071 402 502
512 1024 1023 1535 757 857
3072 1024 3583 1535 787 887
0 1536 511 2047 479 579
2048 5120 2559 5631 555 655
3072 2560 3583 3071 794 894
2560 4608 3071 5119 375 475
0 4608 511 5119 678 778
1024 0 1535 511 653 753
3072 0 3583 511 514 614
1024 512 1535 1023 648 748
512 4608 1023 5119 644 744
1536 512 2047 1023 657 757
0 512 511 1023 386 486
3072 4096 3583 4607 343 443
3072 3584 3583 4095 805 905
0 0 511 511 692 792
2048 1024 2559 1535 433 533
1536 4096 2047 4607 366 466
2560 5120 3071 5631 340 440
1024 3072 1535 3583 663 763
2048 4096 2559 4607 391 491
1536 5120 2047 5631 422 522
512 2560 1023 3071 448 548
2560 2560 3071 3071 758 858
2048 2560 2559 3071 603 703
0 3584 511 4095 493 593
2048 0 2559 511 487 587
3072 3072 3583 3583 396 496
1024 3584 1535 4095 728 828
2560 3072 3071 3583 339 439
0 3072 511 3583 387 487
2048 512 2559 1023 672 772
2048 4608 2559 5119 716 816
3072 5120 3583 5631 529 629
0 4096 511 4607 339 439
1536 0 2047 511 696 796
1536 2048 2047 2559 493 593
512 2048 1023 2559 681 781
1024 1536 1535 2047 535 635
2560 0 3071 511 670 770
3072 2048 3583 2559 515 615
1024 4608 1535 5119 366 466
0 5120 511 5631 440 540
2048 1536 2559 2047 565 665
2048 2048 2559 2559 775 875
