20
483 2335 583 2435 0 471
1616 2261 1716 2361 0 471
2863 2978 2963 3078 0 471
3516 3457 3616 3557 0 471
3417 793 3517 893 0 471
5330 2335 5430 2435 0 471
3991 2258 4091 2358 0 471
4852 3351 4952 3451 0 471
666 3220 766 3320 0 471
3352 3019 3452 3119 0 471
3089 1883 3189 1983 0 471
615 2392 715 2492 0 471
4391 1430 4491 1530 0 471
2960 3565 3060 3665 0 471
5274 3097 5374 3197 0 471
1927 1552 2027 1652 0 471
1269 1714 1369 1814 0 471
3309 2840 3409 2940 0 471
5522 588 5622 688 0 471
3832 2961 3932 3061 0 471
