1000
620 1768 820 1968 439 539
2649 1073 2849 1273 485 585
48 3280 248 3480 607 707
1325 3501 1525 3701 657 757
423 1065 623 1265 684 784
1594 321 1794 521 718 818
1937 2622 2137 2822 757 857
2603 2521 2803 2721 589 689
2351 2278 2551 2478 717 817
601 1168 801 1368 364 464
1014 1808 1214 2008 554 654
2428 2509 2628 2709 369 469
1377 2467 1577 2667 802 902
3143 785 3343 985 368 468
5029 1722 5229 1922 755 855
2368 3101 2568 3301 727 827
1787 2268 1987 2468 734 834
1534 214 1734 414 498 598
1155 2891 1355 3091 638 738
1726 1793 1926 1993 558 658
4974 3526 5174 3726 579 679
2936 3115 3136 3315 705 805
2117 227 2317 427 510 610
840 3078 1040 3278 413 513
4508 645 4708 845 445 545
1661 3028 1861 3228 675 775
4567 708 4767 908 378 478
2939 3040 3139 3240 609 709
5555 226 5755 426 635 735
4388 37 4588 237 596 696
5529 3018 5729 3218 501 601
3957 1804 4157 2004 451 551
2170 532 2370 732 522 622
140 2480 340 2680 432 532
4984 2018 5184 2218 576 676
52 1742 252 1942 676 776
3709 1234 3909 1434 636 736
1122 3117 1322 3317 475 575
306 2309 506 2509 699 799
3766 2621 3966 2821 406 506
744 2951 944 3151 503 603
3536 2838 3736 3038 656 756
3137 989 3337 1189 346 446
1000 1404 1200 1604 516 616
116 2598 316 2798 720 820
5590 2491 5790 2691 347 447
2716 1916 2916 2116 669 769
4562 870 4762 1070 724 824
1381 3368 1581 3568 527 627
5458 2430 5658 2630 527 627
1748 1380 1948 1580 722 822
638 1475 838 1675 402 502
5140 497 5340 697 337 437
298 206 498 406 700 800
3798 1408 3998 1608 615 715
3377 2480 3577 2680 666 766
469 2648 669 2848 640 740
5358 351 5558 551 579 679
3983 2430 4183 2630 681 781
1825 1509 2025 1709 694 794
3348 1426 3548 1626 547 647
2646 659 2846 859 735 835
3677 1751 3877 1951 491 591
2970 2226 3170 2426 806 906
590 3033 790 3233 419 519
1445 120 1645 320 523 623
23 2830 223 3030 757 857
5521 2527 5721 2727 615 715
2140 58 2340 258 490 590
1467 1 1667 201 415 515
1551 439 1751 639 385 485
3213 522 3413 722 492 592
4196 79 4396 279 578 678
2073 2370 2273 2570 578 678
3332 1196 3532 1396 673 773
2678 2219 2878 2419 364 464
5397 327 5597 527 395 495
2999 3507 3199 3707 695 795
5611 2758 5811 2958 622 722
3256 2979 3456 3179 368 468
1316 1269 1516 1469 526 626
1615 2069 1815 2269 452 552
4639 3055 4839 3255 616 716
4323 3192 4523 3392 539 639
812 1208 1012 1408 438 538
3545 1522 3745 1722 813 913
4543 1333 4743 1533 339 439
4350 229 4550 429 348 448
2531 90 2731 290 457 557
3223 1078 3423 1278 609 709
2533 3169 2733 3369 460 560
3657 3251 3857 3451 370 470
3677 1981 3877 2181 589 689
477 1112 677 1312 719 819
2667 2870 2867 3070 753 853
5122 3479 5322 3679 773 873
3646 3058 3846 3258 415 515
3979 637 4179 837 576 676
133 274 333 474 431 531
40 2028 240 2228 758 858
5091 3630 5291 3830 534 634
5557 1719 5757 1919 761 861
4498 617 4698 817 491 591
470 405 670 605 516 616
1111 2714 1311 2914 528 628
4112 1137 4312 1337 384 484
871 1696 1071 1896 516 616
2273 2446 2473 2646 505 605
112 825 312 1025 635 735
5564 1861 5764 2061 641 741
5040 2463 5240 2663 627 727
5344 98 5544 298 784 884
2375 3699 2575 3899 601 701
848 1856 1048 2056 357 457
4859 2354 5059 2554 659 759
4014 3339 4214 3539 653 753
1629 1794 1829 1994 741 841
2401 1322 2601 1522 449 549
4809 1413 5009 1613 668 768
104 2158 304 2358 563 663
2867 1572 3067 1772 811 911
4196 3617 4396 3817 580 680
2108 141 2308 341 784 884
204 1466 404 1666 647 747
4603 1896 4803 2096 551 651
821 1238 1021 1438 361 461
5263 3763 5463 3963 439 539
4727 1127 4927 1327 791 891
3042 1569 3242 1769 626 726
265 1561 465 1761 517 617
2228 2394 2428 2594 407 507
2589 2366 2789 2566 420 520
1340 926 1540 1126 503 603
2827 2493 3027 2693 662 762
1803 1400 2003 1600 599 699
5172 1894 5372 2094 506 606
47 1310 247 1510 356 456
4071 605 4271 805 806 906
2594 696 2794 896 592 692
1368 1668 1568 1868 746 846
241 1582 441 1782 692 792
4177 1370 4377 1570 719 819
1521 391 1721 591 725 825
289 2344 489 2544 347 447
1329 3014 1529 3214 635 735
3709 954 3909 1154 735 835
235 1034 435 1234 559 659
3744 3519 3944 3719 438 538
5279 1389 5479 1589 813 913
3931 1390 4131 1590 733 833
5523 2618 5723 2818 350 450
1564 3636 1764 3836 615 715
1814 2729 2014 2929 743 843
2816 1569 3016 1769 630 730
4776 3153 4976 3353 586 686
786 245 986 445 751 851
3102 946 3302 1146 343 443
5553 3686 5753 3886 748 848
1584 2784 1784 2984 437 537
5445 2079 5645 2279 654 754
476 861 676 1061 625 725
113 3057 313 3257 420 520
1378 1900 1578 2100 525 625
5613 3649 5813 3849 555 655
4133 924 4333 1124 432 532
4460 2728 4660 2928 747 847
406 1083 606 1283 643 743
3378 3370 3578 3570 689 789
296 1853 496 2053 803 903
5188 1030 5388 1230 765 865
2423 2569 2623 2769 358 458
3448 1241 3648 1441 562 662
1158 2956 1358 3156 585 685
2715 2035 2915 2235 484 584
2691 3092 2891 3292 600 700
2416 799 2616 999 754 854
5598 3712 5798 3912 464 564
1039 3734 1239 3934 684 784
3841 2112 4041 2312 709 809
2209 3299 2409 3499 794 894
150 3351 350 3551 528 628
3112 1087 3312 1287 806 906
1376 3203 1576 3403 475 575
2321 3297 2521 3497 345 445
3200 666 3400 866 634 734
2994 735 3194 935 565 665
2491 3010 2691 3210 552 652
4791 3105 4991 3305 602 702
4091 167 4291 367 574 674
1974 3050 2174 3250 568 668
3809 1693 4009 1893 754 854
4357 3027 4557 3227 614 714
3729 238 3929 438 559 659
3305 558 3505 758 703 803
2905 1566 3105 1766 385 485
1096 2655 1296 2855 506 606
2188 3543 2388 3743 447 547
945 2251 1145 2451 590 690
594 1411 794 1611 660 760
1507 2876 1707 3076 722 822
3157 1606 3357 1806 579 679
2249 2439 2449 2639 802 902
2156 2076 2356 2276 589 689
3960 1944 4160 2144 591 691
4661 276 4861 476 478 578
1308 3226 1508 3426 515 615
1958 2461 2158 2661 567 667
852 954 1052 1154 762 862
4518 908 4718 1108 493 593
25 2166 225 2366 463 563
714 1955 914 2155 724 824
1018 565 1218 765 515 615
4201 3676 4401 3876 708 808
129 3088 329 3288 488 588
2558 3630 2758 3830 413 513
3329 636 3529 836 633 733
5285 174 5485 374 496 596
5428 2983 5628 3183 622 722
2756 767 2956 967 797 897
1361 1295 1561 1495 783 883
3293 3076 3493 3276 736 836
1002 2473 1202 2673 597 697
4336 241 4536 441 643 743
176 421 376 621 471 571
3034 1300 3234 1500 521 621
4381 2175 4581 2375 366 466
5389 1900 5589 2100 576 676
2530 1748 2730 1948 786 886
2390 169 2590 369 698 798
5486 2377 5686 2577 634 734
1968 1375 2168 1575 430 530
786 300 986 500 805 905
4037 1592 4237 1792 389 489
2595 2787 2795 2987 643 743
268 497 468 697 539 639
1718 330 1918 530 621 721
2536 973 2736 1173 442 542
4831 3355 5031 3555 783 883
3588 2361 3788 2561 638 738
3401 1961 3601 2161 493 593
4218 520 4418 720 399 499
1114 1524 1314 1724 415 515
672 206 872 406 497 597
1453 3304 1653 3504 615 715
3585 973 3785 1173 441 541
3911 3705 4111 3905 456 556
117 735 317 935 403 503
3055 2109 3255 2309 443 543
1152 3207 1352 3407 787 887
2807 258 3007 458 389 489
3740 628 3940 828 651 751
1527 1321 1727 1521 539 639
2812 2542 3012 2742 792 892
572 730 772 930 612 712
548 1638 748 1838 686 786
134 1235 334 1435 646 746
3711 957 3911 1157 521 621
5233 2703 5433 2903 552 652
1667 619 1867 819 636 736
1044 208 1244 408 583 683
2980 1575 3180 1775 692 792
3954 765 4154 965 430 530
4601 1139 4801 1339 339 439
3393 489 3593 689 472 572
2848 1602 3048 1802 510 610
3083 2707 3283 2907 656 756
251 1863 451 2063 790 890
2454 43 2654 243 394 494
3089 2874 3289 3074 391 491
104 574 304 774 532 632
2616 2707 2816 2907 495 595
3334 1452 3534 1652 342 442
3524 605 3724 805 481 581
3784 1902 3984 2102 669 769
5565 2577 5765 2777 633 733
1172 3603 1372 3803 404 504
157 344 357 544 577 677
2484 3409 2684 3609 668 768
5569 3502 5769 3702 783 883
4922 3093 5122 3293 748 848
3199 2440 3399 2640 689 789
4292 2171 4492 2371 772 872
3937 2869 4137 3069 723 823
4868 1743 5068 1943 593 693
2018 315 2218 515 510 610
1575 964 1775 1164 346 446
3598 384 3798 584 410 510
364 1802 564 2002 409 509
2899 3382 3099 3582 485 585
1438 411 1638 611 460 560
2588 2230 2788 2430 431 531
3690 2813 3890 3013 755 855
3056 2185 3256 2385 643 743
5212 1485 5412 1685 354 454
2345 3473 2545 3673 574 674
2716 1410 2916 1610 449 549
3919 1804 4119 2004 774 874
488 447 688 647 498 598
444 1184 644 1384 558 658
1158 2348 1358 2548 459 559
2734 712 2934 912 468 568
2148 515 2348 715 671 771
2658 1678 2858 1878 595 695
2146 1797 2346 1997 714 814
4322 3513 4522 3713 480 580
3468 323 3668 523 520 620
681 370 881 570 496 596
1759 1729 1959 1929 576 676
3469 1737 3669 1937 538 638
99 2366 299 2566 501 601
2136 2169 2336 2369 654 754
1496 1318 1696 1518 396 496
2396 452 2596 652 638 738
3056 170 3256 370 337 437
2703 1477 2903 1677 479 579
3356 3157 3556 3357 507 607
797 2373 997 2573 609 709
4264 2571 4464 2771 605 705
2839 222 3039 422 492 592
4988 1769 5188 1969 345 445
789 762 989 962 690 790
4114 2493 4314 2693 667 767
1654 2173 1854 2373 695 795
2029 1987 2229 2187 529 629
4810 1151 5010 1351 590 690
985 867 1185 1067 711 811
4552 1016 4752 1216 455 555
2506 1132 2706 1332 660 760
901 3194 1101 3394 535 635
181 3053 381 3253 629 729
1428 2318 1628 2518 661 761
1811 1703 2011 1903 690 790
3328 3253 3528 3453 645 745
3070 3315 3270 3515 638 738
3185 2947 3385 3147 493 593
2278 332 2478 532 429 529
3664 2655 3864 2855 481 581
2383 3424 2583 3624 733 833
271 1359 471 1559 472 572
569 2737 769 2937 375 475
3453 1583 3653 1783 459 559
5417 1597 5617 1797 638 738
2164 2567 2364 2767 347 447
1732 2675 1932 2875 438 538
1536 3621 1736 3821 763 863
4202 1552 4402 1752 511 611
1882 3426 2082 3626 402 502
786 3276 986 3476 487 587
5329 3672 5529 3872 705 805
1276 2568 1476 2768 660 760
4973 201 5173 401 689 789
286 2666 486 2866 742 842
2461 2584 2661 2784 450 550
1944 3661 2144 3861 724 824
690 1020 890 1220 727 827
3508 2675 3708 2875 712 812
26 1893 226 2093 504 604
437 3490 637 3690 622 722
1530 258 1730 458 437 537
4130 1462 4330 1662 624 724
2853 283 3053 483 372 472
4692 570 4892 770 409 509
176 226 376 426 759 859
3764 234 3964 434 554 654
1755 3169 1955 3369 573 673
2824 1315 3024 1515 495 595
3683 3398 3883 3598 742 842
2127 1409 2327 1609 577 677
693 3365 893 3565 726 826
5140 1492 5340 1692 444 544
4756 58 4956 258 649 749
2994 2177 3194 2377 509 609
5195 3375 5395 3575 728 828
2317 2420 2517 2620 767 867
1583 3516 1783 3716 726 826
4603 414 4803 614 481 581
4299 2268 4499 2468 683 783
2401 2633 2601 2833 698 798
5412 3253 5612 3453 421 521
1662 991 1862 1191 475 575
3709 685 3909 885 377 477
5168 2536 5368 2736 808 908
761 1608 961 1808 339 439
4002 3547 4202 3747 366 466
65 2882 265 3082 800 900
846 3695 1046 3895 526 626
4136 1797 4336 1997 395 495
4320 2145 4520 2345 576 676
1759 625 1959 825 654 754
3624 2829 3824 3029 401 501
2763 1084 2963 1284 507 607
1953 3277 2153 3477 785 885
245 105 445 305 501 601
3456 3198 3656 3398 406 506
4070 2918 4270 3118 791 891
3841 164 4041 364 792 892
5441 2322 5641 2522 492 592
1348 648 1548 848 444 544
4895 2622 5095 2822 667 767
5417 1737 5617 1937 744 844
2337 1016 2537 1216 559 659
411 517 611 717 572 672
2557 147 2757 347 405 505
2536 1750 2736 1950 778 878
2742 3207 2942 3407 764 864
4681 1171 4881 1371 349 449
1675 2181 1875 2381 409 509
3664 1641 3864 1841 484 584
1693 3717 1893 3917 787 887
1173 3319 1373 3519 374 474
3691 3710 3891 3910 411 511
1750 3303 1950 3503 387 487
368 2366 568 2566 370 470
304 2505 504 2705 617 717
5486 2729 5686 2929 755 855
4695 588 4895 788 695 795
4420 1308 4620 1508 554 654
3078 616 3278 816 389 489
4991 656 5191 856 768 868
634 2054 834 2254 726 826
4839 3099 5039 3299 582 682
3368 1074 3568 1274 653 753
3741 1527 3941 1727 762 862
560 23 760 223 671 771
2772 3560 2972 3760 778 878
3317 3653 3517 3853 582 682
242 3529 442 3729 466 566
4554 178 4754 378 509 609
754 3380 954 3580 417 517
4945 2084 5145 2284 446 546
5620 298 5820 498 526 626
5117 3631 5317 3831 731 831
3771 3466 3971 3666 417 517
4065 3012 4265 3212 457 557
2893 220 3093 420 414 514
3073 3628 3273 3828 641 741
3494 1474 3694 1674 600 700
266 2802 466 3002 436 536
2617 3182 2817 3382 627 727
884 1000 1084 1200 669 769
1803 1106 2003 1306 600 700
3426 1139 3626 1339 419 519
1861 602 2061 802 729 829
3117 1860 3317 2060 461 561
1707 2879 1907 3079 373 473
3115 2587 3315 2787 405 505
756 43 956 243 439 539
4539 1886 4739 2086 618 718
618 1130 818 1330 517 617
5268 3764 5468 3964 567 667
2275 439 2475 639 608 708
1891 1855 2091 2055 809 909
1997 3016 2197 3216 608 708
463 3179 663 3379 355 455
3568 2368 3768 2568 788 888
2726 2612 2926 2812 440 540
1178 3023 1378 3223 510 610
4883 3331 5083 3531 577 677
1396 3714 1596 3914 739 839
2678 3011 2878 3211 674 774
2543 3307 2743 3507 490 590
818 2630 1018 2830 707 807
2545 3081 2745 3281 691 791
213 2055 413 2255 596 696
3528 1824 3728 2024 798 898
4025 2610 4225 2810 493 593
4702 437 4902 637 793 893
3563 2113 3763 2313 604 704
648 2097 848 2297 756 856
4366 2042 4566 2242 735 835
4167 678 4367 878 651 751
1856 2913 2056 3113 767 867
857 2283 1057 2483 689 789
2957 923 3157 1123 734 834
5631 2222 5831 2422 477 577
4793 1459 4993 1659 505 605
3636 1220 3836 1420 811 911
2763 3079 2963 3279 543 643
1072 1321 1272 1521 386 486
4748 2408 4948 2608 520 620
2134 1764 2334 1964 771 871
1148 566 1348 766 787 887
3528 2200 3728 2400 488 588
5630 3612 5830 3812 770 870
2278 1910 2478 2110 476 576
2528 3264 2728 3464 534 634
3542 1152 3742 1352 643 743
705 3191 905 3391 426 526
4543 2048 4743 2248 526 626
5169 699 5369 899 393 493
5185 1416 5385 1616 765 865
1494 642 1694 842 366 466
479 1800 679 2000 372 472
4610 1108 4810 1308 809 909
2817 3684 3017 3884 759 859
4271 2219 4471 2419 685 785
1639 854 1839 1054 742 842
5264 27 5464 227 359 459
1635 1850 1835 2050 757 857
2757 80 2957 280 447 547
1638 2830 1838 3030 635 735
2447 2439 2647 2639 680 780
1397 2557 1597 2757 462 562
4988 2460 5188 2660 736 836
4743 1540 4943 1740 468 568
727 3549 927 3749 754 854
3299 76 3499 276 658 758
4661 2211 4861 2411 656 756
2087 1632 2287 1832 476 576
2138 2722 2338 2922 571 671
3922 2558 4122 2758 499 599
3932 633 4132 833 365 465
3240 1314 3440 1514 801 901
5374 732 5574 932 749 849
4607 228 4807 428 345 445
3140 182 3340 382 355 455
3501 3119 3701 3319 351 451
3592 2589 3792 2789 712 812
4042 3314 4242 3514 425 525
3677 2010 3877 2210 709 809
2025 2440 2225 2640 590 690
4196 2217 4396 2417 350 450
401 3516 601 3716 569 669
2327 2064 2527 2264 658 758
3302 2772 3502 2972 611 711
425 3253 625 3453 777 877
3610 1926 3810 2126 698 798
3214 1175 3414 1375 557 657
4426 2560 4626 2760 450 550
3163 327 3363 527 797 897
2182 629 2382 829 680 780
2971 3286 3171 3486 727 827
2486 1604 2686 1804 804 904
2126 3474 2326 3674 484 584
1010 3753 1210 3953 643 743
3957 180 4157 380 789 889
336 899 536 1099 457 557
4652 2922 4852 3122 373 473
4719 2391 4919 2591 782 882
2548 2469 2748 2669 391 491
202 3609 402 3809 388 488
1602 766 1802 966 385 485
5117 3706 5317 3906 410 510
2553 72 2753 272 780 880
5002 3528 5202 3728 549 649
71 2901 271 3101 532 632
2106 3703 2306 3903 344 444
3252 1453 3452 1653 403 503
1459 1800 1659 2000 533 633
770 2728 970 2928 344 444
4786 175 4986 375 613 713
4176 382 4376 582 712 812
3058 1028 3258 1228 507 607
1759 1826 1959 2026 707 807
2606 2572 2806 2772 606 706
3184 2237 3384 2437 478 578
3843 1805 4043 2005 614 714
2551 1670 2751 1870 495 595
2524 2269 2724 2469 671 771
2471 91 2671 291 375 475
5630 3 5830 203 469 569
2750 3427 2950 3627 672 772
2519 2246 2719 2446 568 668
1630 1864 1830 2064 477 577
2287 1217 2487 1417 472 572
5347 994 5547 1194 455 555
3486 638 3686 838 732 832
2529 2579 2729 2779 542 642
1565 2875 1765 3075 728 828
5160 3180 5360 3380 781 881
4581 3693 4781 3893 755 855
5595 2691 5795 2891 627 727
4087 201 4287 401 521 621
5176 3731 5376 3931 764 864
132 1210 332 1410 442 542
5163 3769 5363 3969 648 748
3494 1375 3694 1575 623 723
2720 2324 2920 2524 776 876
452 2738 652 2938 772 872
3866 616 4066 816 733 833
2374 1748 2574 1948 665 765
687 3247 887 3447 369 469
2904 2487 3104 2687 547 647
802 1234 1002 1434 491 591
1629 2846 1829 3046 422 522
2504 23 2704 223 610 710
817 336 1017 536 719 819
487 1787 687 1987 475 575
3991 2247 4191 2447 439 539
2418 3244 2618 3444 544 644
4032 1809 4232 2009 678 778
3030 2537 3230 2737 498 598
2238 1254 2438 1454 740 840
4022 2476 4222 2676 683 783
4372 1257 4572 1457 796 896
5575 2616 5775 2816 408 508
1544 2215 1744 2415 370 470
1482 2224 1682 2424 673 773
2049 2951 2249 3151 346 446
4963 1201 5163 1401 406 506
3874 2424 4074 2624 672 772
3514 1974 3714 2174 607 707
3609 2541 3809 2741 502 602
2683 3588 2883 3788 541 641
269 3514 469 3714 600 700
2066 1259 2266 1459 784 884
2030 2123 2230 2323 452 552
3504 1410 3704 1610 694 794
3491 1444 3691 1644 594 694
2521 2695 2721 2895 513 613
4383 1977 4583 2177 370 470
170 2570 370 2770 494 594
1623 1650 1823 1850 768 868
516 174 716 374 523 623
3064 2438 3264 2638 793 893
5407 3685 5607 3885 635 735
4257 2408 4457 2608 799 899
507 3536 707 3736 565 665
132 3524 332 3724 548 648
1560 2350 1760 2550 373 473
1490 988 1690 1188 651 751
3880 1986 4080 2186 366 466
554 2602 754 2802 411 511
4956 1028 5156 1228 787 887
4185 1271 4385 1471 737 837
2613 49 2813 249 796 896
98 3778 298 3978 410 510
3825 3272 4025 3472 566 666
3918 2286 4118 2486 572 672
2427 1500 2627 1700 438 538
4314 3646 4514 3846 635 735
2097 2017 2297 2217 472 572
4929 116 5129 316 620 720
5063 2017 5263 2217 769 869
5106 1434 5306 1634 570 670
5250 2622 5450 2822 691 791
1922 28 2122 228 698 798
2715 3379 2915 3579 558 658
5494 2680 5694 2880 630 730
2391 2439 2591 2639 693 793
1492 1550 1692 1750 373 473
1692 3520 1892 3720 731 831
3009 1047 3209 1247 420 520
1424 323 1624 523 751 851
2942 2313 3142 2513 626 726
5063 322 5263 522 756 856
1836 1098 2036 1298 634 734
3008 1717 3208 1917 648 748
3520 3444 3720 3644 400 500
3353 1463 3553 1663 504 604
4143 1925 4343 2125 595 695
1663 3550 1863 3750 361 461
5360 2991 5560 3191 786 886
4581 2112 4781 2312 513 613
4207 1941 4407 2141 396 496
2782 3751 2982 3951 432 532
2845 2257 3045 2457 456 556
4417 2031 4617 2231 540 640
118 3283 318 3483 767 867
4996 697 5196 897 492 592
4556 2636 4756 2836 696 796
3188 2083 3388 2283 724 824
2837 1846 3037 2046 710 810
2944 2781 3144 2981 387 487
2702 95 2902 295 664 764
1730 3563 1930 3763 343 443
5049 1396 5249 1596 659 759
3375 3494 3575 3694 542 642
4990 3364 5190 3564 615 715
4180 3687 4380 3887 770 870
3186 3100 3386 3300 810 910
3499 2416 3699 2616 699 799
1171 2883 1371 3083 353 453
4700 218 4900 418 736 836
4304 76 4504 276 428 528
2773 2499 2973 2699 598 698
5172 208 5372 408 637 737
2054 1164 2254 1364 441 541
1916 1753 2116 1953 648 748
2562 3149 2762 3349 369 469
1856 2274 2056 2474 798 898
3712 1054 3912 1254 614 714
4229 3039 4429 3239 393 493
2898 1348 3098 1548 362 462
4452 3425 4652 3625 367 467
1740 2870 1940 3070 395 495
3033 373 3233 573 467 567
47 1253 247 1453 628 728
2612 2210 2812 2410 531 631
5280 1986 5480 2186 679 779
1614 1280 1814 1480 604 704
1887 1197 2087 1397 665 765
3496 3081 3696 3281 369 469
3636 1176 3836 1376 492 592
5175 1325 5375 1525 607 707
5176 561 5376 761 490 590
5215 3240 5415 3440 625 725
4702 3155 4902 3355 708 808
1370 1532 1570 1732 543 643
133 1735 333 1935 810 910
5173 3650 5373 3850 511 611
2751 506 2951 706 598 698
1933 1581 2133 1781 806 906
3812 2896 4012 3096 676 776
1732 2399 1932 2599 605 705
5636 1698 5836 1898 686 786
1452 3292 1652 3492 627 727
5406 3587 5606 3787 730 830
2780 3009 2980 3209 548 648
980 1780 1180 1980 391 491
2568 2311 2768 2511 622 722
3684 805 3884 1005 417 517
2475 2855 2675 3055 384 484
2941 3159 3141 3359 579 679
2491 3066 2691 3266 476 576
5426 2200 5626 2400 657 757
2280 1160 2480 1360 702 802
1574 321 1774 521 521 621
3433 2467 3633 2667 479 579
4676 675 4876 875 770 870
4941 3795 5141 3995 635 735
125 964 325 1164 340 440
3399 1722 3599 1922 692 792
1410 70 1610 270 695 795
3285 1725 3485 1925 505 605
2916 1201 3116 1401 391 491
5403 3601 5603 3801 360 460
4605 3085 4805 3285 700 800
5298 3546 5498 3746 350 450
3061 3509 3261 3709 472 572
3667 3178 3867 3378 583 683
1083 2403 1283 2603 785 885
3627 950 3827 1150 385 485
1796 400 1996 600 731 831
5121 3650 5321 3850 733 833
3900 3227 4100 3427 584 684
3768 2361 3968 2561 633 733
538 542 738 742 621 721
5181 618 5381 818 463 563
3553 1798 3753 1998 773 873
2199 2061 2399 2261 653 753
3765 1449 3965 1649 789 889
576 2297 776 2497 712 812
596 3659 796 3859 469 569
1278 355 1478 555 706 806
4885 1521 5085 1721 681 781
73 1016 273 1216 642 742
251 1533 451 1733 805 905
1353 1861 1553 2061 475 575
1095 3729 1295 3929 748 848
4078 2480 4278 2680 406 506
3961 3441 4161 3641 370 470
868 1505 1068 1705 497 597
3765 3727 3965 3927 739 839
2703 1043 2903 1243 353 453
891 512 1091 712 534 634
1246 3334 1446 3534 712 812
3454 969 3654 1169 433 533
762 2573 962 2773 538 638
4034 1820 4234 2020 489 589
5048 2221 5248 2421 421 521
1830 882 2030 1082 655 755
1030 1737 1230 1937 536 636
556 1936 756 2136 591 691
2282 3410 2482 3610 736 836
5536 2208 5736 2408 339 439
2936 3087 3136 3287 602 702
3892 2339 4092 2539 793 893
3300 2774 3500 2974 719 819
702 2003 902 2203 506 606
5062 2563 5262 2763 665 765
1886 1976 2086 2176 409 509
428 159 628 359 668 768
1187 201 1387 401 386 486
4684 431 4884 631 577 677
991 2733 1191 2933 654 754
484 1028 684 1228 412 512
3234 3194 3434 3394 707 807
3853 3162 4053 3362 353 453
3464 524 3664 724 664 764
3316 2810 3516 3010 400 500
1694 2627 1894 2827 582 682
2483 3418 2683 3618 365 465
1063 2887 1263 3087 789 889
970 1752 1170 1952 349 449
4983 265 5183 465 417 517
2485 3530 2685 3730 565 665
590 1947 790 2147 363 463
2449 3349 2649 3549 639 739
3411 2707 3611 2907 641 741
1642 3371 1842 3571 520 620
2190 3763 2390 3963 691 791
1319 2493 1519 2693 592 692
5550 1300 5750 1500 347 447
4080 3651 4280 3851 689 789
4833 1554 5033 1754 584 684
1987 1017 2187 1217 439 539
4045 2858 4245 3058 519 619
3691 3345 3891 3545 656 756
4151 2190 4351 2390 754 854
410 2190 610 2390 581 681
3170 575 3370 775 794 894
3037 852 3237 1052 510 610
439 3181 639 3381 463 563
1975 161 2175 361 375 475
1123 2887 1323 3087 739 839
4441 3429 4641 3629 443 543
1205 2075 1405 2275 516 616
64 3550 264 3750 777 877
4947 1885 5147 2085 765 865
2394 2196 2594 2396 734 834
1212 1961 1412 2161 672 772
3095 1539 3295 1739 348 448
4886 546 5086 746 744 844
1930 3401 2130 3601 809 909
914 2723 1114 2923 479 579
954 1840 1154 2040 790 890
4685 481 4885 681 538 638
1189 592 1389 792 556 656
4347 3254 4547 3454 743 843
421 1302 621 1502 376 476
2411 1907 2611 2107 518 618
1149 3502 1349 3702 644 744
3596 238 3796 438 786 886
3867 3288 4067 3488 552 652
401 360 601 560 549 649
3749 611 3949 811 695 795
4464 518 4664 718 395 495
1026 2938 1226 3138 784 884
2616 1344 2816 1544 347 447
2102 1729 2302 1929 786 886
5537 210 5737 410 436 536
4732 426 4932 626 708 808
2801 1697 3001 1897 674 774
31 3404 231 3604 534 634
4038 1168 4238 1368 729 829
4587 1679 4787 1879 634 734
555 3032 755 3232 757 857
4277 2764 4477 2964 399 499
4536 623 4736 823 806 906
637 25 837 225 573 673
616 1636 816 1836 425 525
5609 2877 5809 3077 368 468
1638 3017 1838 3217 669 769
5021 1071 5221 1271 452 552
615 3502 815 3702 518 618
615 100 815 300 533 633
334 3368 534 3568 472 572
4307 2386 4507 2586 388 488
2515 1546 2715 1746 501 601
4796 1094 4996 1294 740 840
365 3071 565 3271 520 620
2840 1043 3040 1243 498 598
2011 2314 2211 2514 506 606
1552 1051 1752 1251 514 614
5176 2811 5376 3011 591 691
2004 1884 2204 2084 544 644
1350 2682 1550 2882 585 685
2114 1184 2314 1384 369 469
5169 1067 5369 1267 745 845
1775 665 1975 865 696 796
5315 178 5515 378 671 771
4403 1346 4603 1546 769 869
3620 794 3820 994 736 836
202 1751 402 1951 582 682
5461 2289 5661 2489 355 455
719 566 919 766 448 548
1923 533 2123 733 533 633
3834 2951 4034 3151 701 801
5165 2243 5365 2443 794 894
4659 1303 4859 1503 803 903
2953 1687 3153 1887 413 513
587 2762 787 2962 667 767
3170 3603 3370 3803 642 742
983 1158 1183 1358 523 623
4688 1830 4888 2030 498 598
3618 1520 3818 1720 750 850
4029 327 4229 527 447 547
539 1620 739 1820 603 703
3095 183 3295 383 464 564
2931 624 3131 824 523 623
4615 975 4815 1175 634 734
2949 1298 3149 1498 501 601
619 3375 819 3575 764 864
5355 2712 5555 2912 490 590
1634 1097 1834 1297 406 506
424 2874 624 3074 546 646
3503 2323 3703 2523 713 813
1015 3659 1215 3859 605 705
639 1995 839 2195 731 831
1904 668 2104 868 471 571
943 1875 1143 2075 735 835
2995 1253 3195 1453 352 452
1107 2418 1307 2618 708 808
4615 1626 4815 1826 697 797
2363 2897 2563 3097 565 665
5378 2449 5578 2649 733 833
3173 850 3373 1050 686 786
3084 2432 3284 2632 694 794
3380 2546 3580 2746 572 672
3585 2695 3785 2895 701 801
2565 1121 2765 1321 521 621
3349 303 3549 503 584 684
731 3004 931 3204 670 770
3599 3694 3799 3894 533 633
1501 523 1701 723 434 534
4920 1391 5120 1591 386 486
323 1749 523 1949 400 500
3174 1922 3374 2122 437 537
2653 2001 2853 2201 763 863
1855 3698 2055 3898 478 578
3636 3099 3836 3299 722 822
1253 1916 1453 2116 361 461
3296 2241 3496 2441 366 466
4744 585 4944 785 760 860
5158 452 5358 652 670 770
609 3680 809 3880 567 667
2726 3269 2926 3469 660 760
3579 3075 3779 3275 775 875
4259 686 4459 886 703 803
5255 3430 5455 3630 763 863
2752 1310 2952 1510 538 638
3412 796 3612 996 427 527
4512 77 4712 277 371 471
1366 834 1566 1034 740 840
4231 3162 4431 3362 390 490
4112 1616 4312 1816 503 603
823 3186 1023 3386 374 474
3025 1912 3225 2112 500 600
2446 965 2646 1165 686 786
2618 2892 2818 3092 618 718
1258 3578 1458 3778 733 833
1082 1081 1282 1281 664 764
5213 1037 5413 1237 659 759
3176 1910 3376 2110 500 600
4135 3595 4335 3795 785 885
4027 2812 4227 3012 585 685
1902 2485 2102 2685 500 600
3726 3624 3926 3824 519 619
1543 2818 1743 3018 742 842
3418 3601 3618 3801 568 668
77 2068 277 2268 614 714
645 2849 845 3049 790 890
736 260 936 460 569 669
3569 1872 3769 2072 383 483
2682 2201 2882 2401 656 756
3083 1698 3283 1898 618 718
5379 242 5579 442 499 599
940 2635 1140 2835 550 650
4549 1287 4749 1487 731 831
3620 3009 3820 3209 454 554
3256 2837 3456 3037 623 723
491 2873 691 3073 411 511
4532 852 4732 1052 715 815
2814 3714 3014 3914 762 862
2270 891 2470 1091 733 833
1490 1615 1690 1815 682 782
4587 2962 4787 3162 701 801
1101 517 1301 717 351 451
5112 3794 5312 3994 748 848
2295 2354 2495 2554 811 911
835 2153 1035 2353 673 773
1912 1437 2112 1637 730 830
969 2817 1169 3017 429 529
3143 1998 3343 2198 497 597
329 1684 529 1884 618 718
2378 2406 2578 2606 765 865
1809 907 2009 1107 635 735
599 1203 799 1403 466 566
2399 3117 2599 3317 768 868
3035 3397 3235 3597 665 765
284 3373 484 3573 717 817
5505 3582 5705 3782 723 823
2268 2335 2468 2535 735 835
2668 2160 2868 2360 763 863
4481 1922 4681 2122 525 625
4899 2291 5099 2491 742 842
1138 2694 1338 2894 667 767
4293 1104 4493 1304 793 893
3946 156 4146 356 377 477
4572 398 4772 598 366 466
4225 1777 4425 1977 728 828
292 2590 492 2790 393 493
4700 378 4900 578 792 892
4980 2858 5180 3058 725 825
3872 2340 4072 2540 691 791
3646 1246 3846 1446 534 634
76 2723 276 2923 527 627
3389 600 3589 800 557 657
3404 727 3604 927 564 664
5234 2357 5434 2557 556 656
5381 2513 5581 2713 456 556
4832 1078 5032 1278 526 626
5348 1021 5548 1221 608 708
2256 1358 2456 1558 721 821
4190 3347 4390 3547 547 647
349 1811 549 2011 368 468
4164 3748 4364 3948 612 712
599 933 799 1133 403 503
1533 1432 1733 1632 493 593
