1000
620 1768 820 1968 638 838
2649 1073 2849 1273 616 816
48 3280 248 3480 426 626
1325 3501 1525 3701 620 820
423 1065 623 1265 590 790
1594 321 1794 521 660 860
1937 2622 2137 2822 463 663
2603 2521 2803 2721 609 809
2351 2278 2551 2478 531 731
601 1168 801 1368 339 539
1014 1808 1214 2008 558 758
2428 2509 2628 2709 680 880
1377 2467 1577 2667 634 834
3143 785 3343 985 473 673
5029 1722 5229 1922 568 768
2368 3101 2568 3301 632 832
1787 2268 1987 2468 713 913
1534 214 1734 414 365 565
1155 2891 1355 3091 603 803
1726 1793 1926 1993 366 566
4974 3526 5174 3726 625 825
2936 3115 3136 3315 346 546
2117 227 2317 427 596 796
840 3078 1040 3278 371 571
4508 645 4708 845 603 803
1661 3028 1861 3228 417 617
4567 708 4767 908 491 691
2939 3040 3139 3240 450 650
5555 226 5755 426 702 902
4388 37 4588 237 571 771
5529 3018 5729 3218 505 705
3957 1804 4157 2004 427 627
2170 532 2370 732 581 781
140 2480 340 2680 641 841
4984 2018 5184 2218 551 751
52 1742 252 1942 490 690
3709 1234 3909 1434 404 604
1122 3117 1322 3317 458 658
306 2309 506 2509 435 635
3766 2621 3966 2821 604 804
744 2951 944 3151 553 753
3536 2838 3736 3038 466 666
3137 989 3337 1189 649 849
1000 1404 1200 1604 646 846
116 2598 316 2798 593 793
5590 2491 5790 2691 683 883
2716 1916 2916 2116 422 622
4562 870 4762 1070 598 798
1381 3368 1581 3568 413 613
5458 2430 5658 2630 584 784
1748 1380 1948 1580 651 851
638 1475 838 1675 527 727
5140 497 5340 697 560 760
298 206 498 406 632 832
3798 1408 3998 1608 402 602
3377 2480 3577 2680 512 712
469 2648 669 2848 628 828
5358 351 5558 551 528 728
3983 2430 4183 2630 665 865
1825 1509 2025 1709 614 814
3348 1426 3548 1626 682 882
2646 659 2846 859 588 788
3677 1751 3877 1951 458 658
2970 2226 3170 2426 462 662
590 3033 790 3233 565 765
1445 120 1645 320 604 804
23 2830 223 3030 620 820
5521 2527 5721 2727 378 578
2140 58 2340 258 642 842
1467 1 1667 201 453 653
1551 439 1751 639 418 618
3213 522 3413 722 339 539
4196 79 4396 279 345 545
2073 2370 2273 2570 711 911
3332 1196 3532 1396 617 817
2678 2219 2878 2419 354 554
5397 327 5597 527 536 736
2999 3507 3199 3707 531 731
5611 2758 5811 2958 562 762
3256 2979 3456 3179 707 907
1316 1269 1516 1469 422 622
1615 2069 1815 2269 360 560
4639 3055 4839 3255 676 876
4323 3192 4523 3392 460 660
812 1208 1012 1408 689 889
3545 1522 3745 1722 408 608
4543 1333 4743 1533 434 634
4350 229 4550 429 342 542
2531 90 2731 290 626 826
3223 1078 3423 1278 522 722
2533 3169 2733 3369 571 771
3657 3251 3857 3451 440 640
3677 1981 3877 2181 683 883
477 1112 677 1312 629 829
2667 2870 2867 3070 404 604
5122 3479 5322 3679 613 813
3646 3058 3846 3258 356 556
3979 637 4179 837 670 870
133 274 333 474 390 590
40 2028 240 2228 649 849
5091 3630 5291 3830 359 559
5557 1719 5757 1919 355 555
4498 617 4698 817 564 764
470 405 670 605 654 854
1111 2714 1311 2914 587 787
4112 1137 4312 1337 641 841
871 1696 1071 1896 421 621
2273 2446 2473 2646 503 703
112 825 312 1025 667 867
5564 1861 5764 2061 348 548
5040 2463 5240 2663 706 906
5344 98 5544 298 697 897
2375 3699 2575 3899 646 846
848 1856 1048 2056 515 715
4859 2354 5059 2554 392 592
4014 3339 4214 3539 628 828
1629 1794 1829 1994 503 703
2401 1322 2601 1522 492 692
4809 1413 5009 1613 563 763
104 2158 304 2358 627 827
2867 1572 3067 1772 457 657
4196 3617 4396 3817 663 863
2108 141 2308 341 558 758
204 1466 404 1666 451 651
4603 1896 4803 2096 634 834
821 1238 1021 1438 383 583
5263 3763 5463 3963 691 891
4727 1127 4927 1327 411 611
3042 1569 3242 1769 591 791
265 1561 465 1761 532 732
2228 2394 2428 2594 545 745
2589 2366 2789 2566 616 816
1340 926 1540 1126 386 586
2827 2493 3027 2693 385 585
1803 1400 2003 1600 553 753
5172 1894 5372 2094 387 587
47 1310 247 1510 531 731
4071 605 4271 805 693 893
2594 696 2794 896 661 861
1368 1668 1568 1868 656 856
241 1582 441 1782 349 549
4177 1370 4377 1570 485 685
1521 391 1721 591 635 835
289 2344 489 2544 655 855
1329 3014 1529 3214 385 585
3709 954 3909 1154 523 723
235 1034 435 1234 642 842
3744 3519 3944 3719 495 695
5279 1389 5479 1589 540 740
3931 1390 4131 1590 701 901
5523 2618 5723 2818 477 677
1564 3636 1764 3836 365 565
1814 2729 2014 2929 654 854
2816 1569 3016 1769 397 597
4776 3153 4976 3353 462 662
786 245 986 445 355 555
3102 946 3302 1146 573 773
5553 3686 5753 3886 643 843
1584 2784 1784 2984 601 801
5445 2079 5645 2279 702 902
476 861 676 1061 387 587
113 3057 313 3257 618 818
1378 1900 1578 2100 506 706
5613 3649 5813 3849 440 640
4133 924 4333 1124 505 705
4460 2728 4660 2928 466 666
406 1083 606 1283 338 538
3378 3370 3578 3570 351 551
296 1853 496 2053 447 647
5188 1030 5388 1230 575 775
2423 2569 2623 2769 602 802
3448 1241 3648 1441 614 814
1158 2956 1358 3156 650 850
2715 2035 2915 2235 703 903
2691 3092 2891 3292 642 842
2416 799 2616 999 515 715
5598 3712 5798 3912 545 745
1039 3734 1239 3934 549 749
3841 2112 4041 2312 382 582
2209 3299 2409 3499 514 714
150 3351 350 3551 628 828
3112 1087 3312 1287 452 652
1376 3203 1576 3403 391 591
2321 3297 2521 3497 349 549
3200 666 3400 866 348 548
2994 735 3194 935 478 678
2491 3010 2691 3210 380 580
4791 3105 4991 3305 668 868
4091 167 4291 367 479 679
1974 3050 2174 3250 454 654
3809 1693 4009 1893 508 708
4357 3027 4557 3227 388 588
3729 238 3929 438 677 877
3305 558 3505 758 376 576
2905 1566 3105 1766 380 580
1096 2655 1296 2855 406 606
2188 3543 2388 3743 545 745
945 2251 1145 2451 460 660
594 1411 794 1611 466 666
1507 2876 1707 3076 712 912
3157 1606 3357 1806 608 808
2249 2439 2449 2639 455 655
2156 2076 2356 2276 494 694
3960 1944 4160 2144 624 824
4661 276 4861 476 457 657
1308 3226 1508 3426 677 877
1958 2461 2158 2661 670 870
852 954 1052 1154 645 845
4518 908 4718 1108 437 637
25 2166 225 2366 396 596
714 1955 914 2155 357 557
1018 565 1218 765 613 813
4201 3676 4401 3876 488 688
129 3088 329 3288 414 614
2558 3630 2758 3830 439 639
3329 636 3529 836 501 701
5285 174 5485 374 401 601
5428 2983 5628 3183 524 724
2756 767 2956 967 445 645
1361 1295 1561 1495 685 885
3293 3076 3493 3276 569 769
1002 2473 1202 2673 646 846
4336 241 4536 441 590 790
176 421 376 621 667 867
3034 1300 3234 1500 576 776
4381 2175 4581 2375 362 562
5389 1900 5589 2100 432 632
2530 1748 2730 1948 619 819
2390 169 2590 369 632 832
5486 2377 5686 2577 599 799
1968 1375 2168 1575 483 683
786 300 986 500 555 755
4037 1592 4237 1792 592 792
2595 2787 2795 2987 640 840
268 497 468 697 684 884
1718 330 1918 530 430 630
2536 973 2736 1173 521 721
4831 3355 5031 3555 573 773
3588 2361 3788 2561 517 717
3401 1961 3601 2161 380 580
4218 520 4418 720 560 760
1114 1524 1314 1724 398 598
672 206 872 406 436 636
1453 3304 1653 3504 487 687
3585 973 3785 1173 626 826
3911 3705 4111 3905 543 743
117 735 317 935 363 563
3055 2109 3255 2309 529 729
1152 3207 1352 3407 437 637
2807 258 3007 458 534 734
3740 628 3940 828 416 616
1527 1321 1727 1521 690 890
2812 2542 3012 2742 536 736
572 730 772 930 508 708
548 1638 748 1838 598 798
134 1235 334 1435 630 830
3711 957 3911 1157 629 829
5233 2703 5433 2903 692 892
1667 619 1867 819 686 886
1044 208 1244 408 492 692
2980 1575 3180 1775 374 574
3954 765 4154 965 403 603
4601 1139 4801 1339 457 657
3393 489 3593 689 415 615
2848 1602 3048 1802 506 706
3083 2707 3283 2907 701 901
251 1863 451 2063 375 575
2454 43 2654 243 394 594
3089 2874 3289 3074 617 817
104 574 304 774 434 634
2616 2707 2816 2907 641 841
3334 1452 3534 1652 707 907
3524 605 3724 805 620 820
3784 1902 3984 2102 516 716
5565 2577 5765 2777 508 708
1172 3603 1372 3803 472 672
157 344 357 544 613 813
2484 3409 2684 3609 544 744
5569 3502 5769 3702 457 657
4922 3093 5122 3293 379 579
3199 2440 3399 2640 544 744
4292 2171 4492 2371 580 780
3937 2869 4137 3069 464 664
4868 1743 5068 1943 431 631
2018 315 2218 515 579 779
1575 964 1775 1164 415 615
3598 384 3798 584 609 809
364 1802 564 2002 699 899
2899 3382 3099 3582 627 827
1438 411 1638 611 365 565
2588 2230 2788 2430 370 570
3690 2813 3890 3013 681 881
3056 2185 3256 2385 645 845
5212 1485 5412 1685 650 850
2345 3473 2545 3673 434 634
2716 1410 2916 1610 507 707
3919 1804 4119 2004 478 678
488 447 688 647 349 549
444 1184 644 1384 517 717
1158 2348 1358 2548 473 673
2734 712 2934 912 349 549
2148 515 2348 715 414 614
2658 1678 2858 1878 660 860
2146 1797 2346 1997 543 743
4322 3513 4522 3713 656 856
3468 323 3668 523 344 544
681 370 881 570 531 731
1759 1729 1959 1929 704 904
3469 1737 3669 1937 654 854
99 2366 299 2566 577 777
2136 2169 2336 2369 404 604
1496 1318 1696 1518 343 543
2396 452 2596 652 636 836
3056 170 3256 370 658 858
2703 1477 2903 1677 390 590
3356 3157 3556 3357 564 764
797 2373 997 2573 354 554
4264 2571 4464 2771 522 722
2839 222 3039 422 638 838
4988 1769 5188 1969 579 779
789 762 989 962 713 913
4114 2493 4314 2693 696 896
1654 2173 1854 2373 496 696
2029 1987 2229 2187 384 584
4810 1151 5010 1351 637 837
985 867 1185 1067 634 834
4552 1016 4752 1216 510 710
2506 1132 2706 1332 367 567
901 3194 1101 3394 596 796
181 3053 381 3253 548 748
1428 2318 1628 2518 396 596
1811 1703 2011 1903 494 694
3328 3253 3528 3453 577 777
3070 3315 3270 3515 519 719
3185 2947 3385 3147 487 687
2278 332 2478 532 462 662
3664 2655 3864 2855 377 577
2383 3424 2583 3624 388 588
271 1359 471 1559 487 687
569 2737 769 2937 613 813
3453 1583 3653 1783 556 756
5417 1597 5617 1797 420 620
2164 2567 2364 2767 515 715
1732 2675 1932 2875 423 623
1536 3621 1736 3821 391 591
4202 1552 4402 1752 473 673
1882 3426 2082 3626 555 755
786 3276 986 3476 544 744
5329 3672 5529 3872 699 899
1276 2568 1476 2768 530 730
4973 201 5173 401 582 782
286 2666 486 2866 514 714
2461 2584 2661 2784 574 774
1944 3661 2144 3861 583 783
690 1020 890 1220 550 750
3508 2675 3708 2875 398 598
26 1893 226 2093 389 589
437 3490 637 3690 657 857
1530 258 1730 458 480 680
4130 1462 4330 1662 494 694
2853 283 3053 483 458 658
4692 570 4892 770 395 595
176 226 376 426 536 736
3764 234 3964 434 633 833
1755 3169 1955 3369 492 692
2824 1315 3024 1515 640 840
3683 3398 3883 3598 375 575
2127 1409 2327 1609 527 727
693 3365 893 3565 697 897
5140 1492 5340 1692 695 895
4756 58 4956 258 383 583
2994 2177 3194 2377 357 557
5195 3375 5395 3575 663 863
2317 2420 2517 2620 690 890
1583 3516 1783 3716 523 723
4603 414 4803 614 557 757
4299 2268 4499 2468 551 751
2401 2633 2601 2833 612 812
5412 3253 5612 3453 681 881
1662 991 1862 1191 632 832
3709 685 3909 885 355 555
5168 2536 5368 2736 398 598
761 1608 961 1808 598 798
4002 3547 4202 3747 364 564
65 2882 265 3082 697 897
846 3695 1046 3895 642 842
4136 1797 4336 1997 636 836
4320 2145 4520 2345 356 556
1759 625 1959 825 387 587
3624 2829 3824 3029 570 770
2763 1084 2963 1284 648 848
1953 3277 2153 3477 631 831
245 105 445 305 651 851
3456 3198 3656 3398 456 656
4070 2918 4270 3118 379 579
3841 164 4041 364 503 703
5441 2322 5641 2522 339 539
1348 648 1548 848 376 576
4895 2622 5095 2822 694 894
5417 1737 5617 1937 596 796
2337 1016 2537 1216 705 905
411 517 611 717 387 587
2557 147 2757 347 380 580
2536 1750 2736 1950 559 759
2742 3207 2942 3407 560 760
4681 1171 4881 1371 606 806
1675 2181 1875 2381 429 629
3664 1641 3864 1841 694 894
1693 3717 1893 3917 471 671
1173 3319 1373 3519 444 644
3691 3710 3891 3910 568 768
1750 3303 1950 3503 447 647
368 2366 568 2566 556 756
304 2505 504 2705 668 868
5486 2729 5686 2929 471 671
4695 588 4895 788 664 864
4420 1308 4620 1508 386 586
3078 616 3278 816 689 889
4991 656 5191 856 387 587
634 2054 834 2254 359 559
4839 3099 5039 3299 350 550
3368 1074 3568 1274 367 567
3741 1527 3941 1727 630 830
560 23 760 223 360 560
2772 3560 2972 3760 356 556
3317 3653 3517 3853 659 859
242 3529 442 3729 646 846
4554 178 4754 378 657 857
754 3380 954 3580 393 593
4945 2084 5145 2284 551 751
5620 298 5820 498 636 836
5117 3631 5317 3831 565 765
3771 3466 3971 3666 426 626
4065 3012 4265 3212 564 764
2893 220 3093 420 486 686
3073 3628 3273 3828 378 578
3494 1474 3694 1674 473 673
266 2802 466 3002 522 722
2617 3182 2817 3382 433 633
884 1000 1084 1200 340 540
1803 1106 2003 1306 351 551
3426 1139 3626 1339 659 859
1861 602 2061 802 659 859
3117 1860 3317 2060 496 696
1707 2879 1907 3079 502 702
3115 2587 3315 2787 433 633
756 43 956 243 617 817
4539 1886 4739 2086 689 889
618 1130 818 1330 624 824
5268 3764 5468 3964 472 672
2275 439 2475 639 597 797
1891 1855 2091 2055 596 796
1997 3016 2197 3216 538 738
463 3179 663 3379 678 878
3568 2368 3768 2568 626 826
2726 2612 2926 2812 401 601
1178 3023 1378 3223 702 902
4883 3331 5083 3531 671 871
1396 3714 1596 3914 591 791
2678 3011 2878 3211 556 756
2543 3307 2743 3507 402 602
818 2630 1018 2830 356 556
2545 3081 2745 3281 609 809
213 2055 413 2255 533 733
3528 1824 3728 2024 622 822
4025 2610 4225 2810 684 884
4702 437 4902 637 688 888
3563 2113 3763 2313 430 630
648 2097 848 2297 360 560
4366 2042 4566 2242 650 850
4167 678 4367 878 438 638
1856 2913 2056 3113 492 692
857 2283 1057 2483 381 581
2957 923 3157 1123 389 589
5631 2222 5831 2422 640 840
4793 1459 4993 1659 582 782
3636 1220 3836 1420 650 850
2763 3079 2963 3279 370 570
1072 1321 1272 1521 435 635
4748 2408 4948 2608 378 578
2134 1764 2334 1964 370 570
1148 566 1348 766 599 799
3528 2200 3728 2400 532 732
5630 3612 5830 3812 444 644
2278 1910 2478 2110 566 766
2528 3264 2728 3464 433 633
3542 1152 3742 1352 522 722
705 3191 905 3391 408 608
4543 2048 4743 2248 388 588
5169 699 5369 899 341 541
5185 1416 5385 1616 447 647
1494 642 1694 842 396 596
479 1800 679 2000 510 710
4610 1108 4810 1308 382 582
2817 3684 3017 3884 473 673
4271 2219 4471 2419 693 893
1639 854 1839 1054 634 834
5264 27 5464 227 611 811
1635 1850 1835 2050 340 540
2757 80 2957 280 598 798
1638 2830 1838 3030 495 695
2447 2439 2647 2639 508 708
1397 2557 1597 2757 379 579
4988 2460 5188 2660 492 692
4743 1540 4943 1740 522 722
727 3549 927 3749 397 597
3299 76 3499 276 663 863
4661 2211 4861 2411 504 704
2087 1632 2287 1832 706 906
2138 2722 2338 2922 577 777
3922 2558 4122 2758 461 661
3932 633 4132 833 465 665
3240 1314 3440 1514 704 904
5374 732 5574 932 353 553
4607 228 4807 428 501 701
3140 182 3340 382 699 899
3501 3119 3701 3319 592 792
3592 2589 3792 2789 401 601
4042 3314 4242 3514 500 700
3677 2010 3877 2210 602 802
2025 2440 2225 2640 672 872
4196 2217 4396 2417 371 571
401 3516 601 3716 549 749
2327 2064 2527 2264 552 752
3302 2772 3502 2972 424 624
425 3253 625 3453 642 842
3610 1926 3810 2126 505 705
3214 1175 3414 1375 576 776
4426 2560 4626 2760 412 612
3163 327 3363 527 393 593
2182 629 2382 829 366 566
2971 3286 3171 3486 416 616
2486 1604 2686 1804 337 537
2126 3474 2326 3674 510 710
1010 3753 1210 3953 713 913
3957 180 4157 380 682 882
336 899 536 1099 512 712
4652 2922 4852 3122 494 694
4719 2391 4919 2591 381 581
2548 2469 2748 2669 541 741
202 3609 402 3809 460 660
1602 766 1802 966 603 803
5117 3706 5317 3906 344 544
2553 72 2753 272 354 554
5002 3528 5202 3728 685 885
71 2901 271 3101 674 874
2106 3703 2306 3903 343 543
3252 1453 3452 1653 665 865
1459 1800 1659 2000 536 736
770 2728 970 2928 495 695
4786 175 4986 375 395 595
4176 382 4376 582 607 807
3058 1028 3258 1228 338 538
1759 1826 1959 2026 554 754
2606 2572 2806 2772 680 880
3184 2237 3384 2437 426 626
3843 1805 4043 2005 399 599
2551 1670 2751 1870 427 627
2524 2269 2724 2469 676 876
2471 91 2671 291 504 704
5630 3 5830 203 683 883
2750 3427 2950 3627 415 615
2519 2246 2719 2446 607 807
1630 1864 1830 2064 432 632
2287 1217 2487 1417 403 603
5347 994 5547 1194 555 755
3486 638 3686 838 407 607
2529 2579 2729 2779 547 747
1565 2875 1765 3075 682 882
5160 3180 5360 3380 479 679
4581 3693 4781 3893 519 719
5595 2691 5795 2891 511 711
4087 201 4287 401 383 583
5176 3731 5376 3931 407 607
132 1210 332 1410 637 837
5163 3769 5363 3969 631 831
3494 1375 3694 1575 349 549
2720 2324 2920 2524 513 713
452 2738 652 2938 359 559
3866 616 4066 816 426 626
2374 1748 2574 1948 494 694
687 3247 887 3447 623 823
2904 2487 3104 2687 630 830
802 1234 1002 1434 555 755
1629 2846 1829 3046 540 740
2504 23 2704 223 552 752
817 336 1017 536 680 880
487 1787 687 1987 572 772
3991 2247 4191 2447 658 858
2418 3244 2618 3444 562 762
4032 1809 4232 2009 375 575
3030 2537 3230 2737 445 645
2238 1254 2438 1454 434 634
4022 2476 4222 2676 614 814
4372 1257 4572 1457 629 829
5575 2616 5775 2816 619 819
1544 2215 1744 2415 692 892
1482 2224 1682 2424 577 777
2049 2951 2249 3151 373 573
4963 1201 5163 1401 500 700
3874 2424 4074 2624 649 849
3514 1974 3714 2174 624 824
3609 2541 3809 2741 600 800
2683 3588 2883 3788 623 823
269 3514 469 3714 349 549
2066 1259 2266 1459 455 655
2030 2123 2230 2323 483 683
3504 1410 3704 1610 369 569
3491 1444 3691 1644 705 905
2521 2695 2721 2895 345 545
4383 1977 4583 2177 509 709
170 2570 370 2770 601 801
1623 1650 1823 1850 455 655
516 174 716 374 402 602
3064 2438 3264 2638 623 823
5407 3685 5607 3885 530 730
4257 2408 4457 2608 338 538
507 3536 707 3736 693 893
132 3524 332 3724 699 899
1560 2350 1760 2550 677 877
1490 988 1690 1188 439 639
3880 1986 4080 2186 437 637
554 2602 754 2802 668 868
4956 1028 5156 1228 513 713
4185 1271 4385 1471 551 751
2613 49 2813 249 359 559
98 3778 298 3978 522 722
3825 3272 4025 3472 641 841
3918 2286 4118 2486 542 742
2427 1500 2627 1700 639 839
4314 3646 4514 3846 680 880
2097 2017 2297 2217 565 765
4929 116 5129 316 542 742
5063 2017 5263 2217 499 699
5106 1434 5306 1634 683 883
5250 2622 5450 2822 694 894
1922 28 2122 228 686 886
2715 3379 2915 3579 354 554
5494 2680 5694 2880 486 686
2391 2439 2591 2639 695 895
1492 1550 1692 1750 576 776
1692 3520 1892 3720 338 538
3009 1047 3209 1247 586 786
1424 323 1624 523 647 847
2942 2313 3142 2513 659 859
5063 322 5263 522 420 620
1836 1098 2036 1298 575 775
3008 1717 3208 1917 711 911
3520 3444 3720 3644 355 555
3353 1463 3553 1663 586 786
4143 1925 4343 2125 652 852
1663 3550 1863 3750 580 780
5360 2991 5560 3191 471 671
4581 2112 4781 2312 656 856
4207 1941 4407 2141 521 721
2782 3751 2982 3951 694 894
2845 2257 3045 2457 370 570
4417 2031 4617 2231 487 687
118 3283 318 3483 523 723
4996 697 5196 897 343 543
4556 2636 4756 2836 589 789
3188 2083 3388 2283 474 674
2837 1846 3037 2046 602 802
2944 2781 3144 2981 388 588
2702 95 2902 295 371 571
1730 3563 1930 3763 520 720
5049 1396 5249 1596 402 602
3375 3494 3575 3694 366 566
4990 3364 5190 3564 391 591
4180 3687 4380 3887 665 865
3186 3100 3386 3300 376 576
3499 2416 3699 2616 482 682
1171 2883 1371 3083 606 806
4700 218 4900 418 584 784
4304 76 4504 276 386 586
2773 2499 2973 2699 674 874
5172 208 5372 408 363 563
2054 1164 2254 1364 484 684
1916 1753 2116 1953 581 781
2562 3149 2762 3349 674 874
1856 2274 2056 2474 671 871
3712 1054 3912 1254 436 636
4229 3039 4429 3239 627 827
2898 1348 3098 1548 513 713
4452 3425 4652 3625 486 686
1740 2870 1940 3070 695 895
3033 373 3233 573 706 906
47 1253 247 1453 515 715
2612 2210 2812 2410 613 813
5280 1986 5480 2186 468 668
1614 1280 1814 1480 391 591
1887 1197 2087 1397 634 834
3496 3081 3696 3281 617 817
3636 1176 3836 1376 568 768
5175 1325 5375 1525 538 738
5176 561 5376 761 524 724
5215 3240 5415 3440 710 910
4702 3155 4902 3355 709 909
1370 1532 1570 1732 589 789
133 1735 333 1935 366 566
5173 3650 5373 3850 368 568
2751 506 2951 706 636 836
1933 1581 2133 1781 485 685
3812 2896 4012 3096 563 763
1732 2399 1932 2599 361 561
5636 1698 5836 1898 684 884
1452 3292 1652 3492 699 899
5406 3587 5606 3787 434 634
2780 3009 2980 3209 376 576
980 1780 1180 1980 391 591
2568 2311 2768 2511 367 567
3684 805 3884 1005 710 910
2475 2855 2675 3055 693 893
2941 3159 3141 3359 606 806
2491 3066 2691 3266 588 788
5426 2200 5626 2400 449 649
2280 1160 2480 1360 546 746
1574 321 1774 521 385 585
3433 2467 3633 2667 558 758
4676 675 4876 875 587 787
4941 3795 5141 3995 530 730
125 964 325 1164 440 640
3399 1722 3599 1922 616 816
1410 70 1610 270 547 747
3285 1725 3485 1925 465 665
2916 1201 3116 1401 570 770
5403 3601 5603 3801 600 800
4605 3085 4805 3285 551 751
5298 3546 5498 3746 417 617
3061 3509 3261 3709 452 652
3667 3178 3867 3378 683 883
1083 2403 1283 2603 352 552
3627 950 3827 1150 512 712
1796 400 1996 600 519 719
5121 3650 5321 3850 601 801
3900 3227 4100 3427 367 567
3768 2361 3968 2561 541 741
538 542 738 742 696 896
5181 618 5381 818 551 751
3553 1798 3753 1998 485 685
2199 2061 2399 2261 554 754
3765 1449 3965 1649 372 572
576 2297 776 2497 654 854
596 3659 796 3859 625 825
1278 355 1478 555 518 718
4885 1521 5085 1721 620 820
73 1016 273 1216 631 831
251 1533 451 1733 685 885
1353 1861 1553 2061 491 691
1095 3729 1295 3929 647 847
4078 2480 4278 2680 540 740
3961 3441 4161 3641 435 635
868 1505 1068 1705 363 563
3765 3727 3965 3927 640 840
2703 1043 2903 1243 649 849
891 512 1091 712 554 754
1246 3334 1446 3534 515 715
3454 969 3654 1169 418 618
762 2573 962 2773 478 678
4034 1820 4234 2020 361 561
5048 2221 5248 2421 559 759
1830 882 2030 1082 702 902
1030 1737 1230 1937 353 553
556 1936 756 2136 443 643
2282 3410 2482 3610 399 599
5536 2208 5736 2408 448 648
2936 3087 3136 3287 621 821
3892 2339 4092 2539 708 908
3300 2774 3500 2974 691 891
702 2003 902 2203 407 607
5062 2563 5262 2763 419 619
1886 1976 2086 2176 492 692
428 159 628 359 662 862
1187 201 1387 401 492 692
4684 431 4884 631 612 812
991 2733 1191 2933 447 647
484 1028 684 1228 622 822
3234 3194 3434 3394 337 537
3853 3162 4053 3362 582 782
3464 524 3664 724 491 691
3316 2810 3516 3010 642 842
1694 2627 1894 2827 482 682
2483 3418 2683 3618 525 725
1063 2887 1263 3087 383 583
970 1752 1170 1952 360 560
4983 265 5183 465 353 553
2485 3530 2685 3730 505 705
590 1947 790 2147 692 892
2449 3349 2649 3549 507 707
3411 2707 3611 2907 469 669
1642 3371 1842 3571 601 801
2190 3763 2390 3963 676 876
1319 2493 1519 2693 342 542
5550 1300 5750 1500 708 908
4080 3651 4280 3851 374 574
4833 1554 5033 1754 531 731
1987 1017 2187 1217 501 701
4045 2858 4245 3058 568 768
3691 3345 3891 3545 653 853
4151 2190 4351 2390 355 555
410 2190 610 2390 537 737
3170 575 3370 775 453 653
3037 852 3237 1052 634 834
439 3181 639 3381 614 814
1975 161 2175 361 624 824
1123 2887 1323 3087 449 649
4441 3429 4641 3629 578 778
1205 2075 1405 2275 542 742
64 3550 264 3750 681 881
4947 1885 5147 2085 486 686
2394 2196 2594 2396 452 652
1212 1961 1412 2161 469 669
3095 1539 3295 1739 683 883
4886 546 5086 746 528 728
1930 3401 2130 3601 392 592
914 2723 1114 2923 636 836
954 1840 1154 2040 524 724
4685 481 4885 681 600 800
1189 592 1389 792 392 592
4347 3254 4547 3454 484 684
421 1302 621 1502 595 795
2411 1907 2611 2107 575 775
1149 3502 1349 3702 424 624
3596 238 3796 438 412 612
3867 3288 4067 3488 571 771
401 360 601 560 450 650
3749 611 3949 811 694 894
4464 518 4664 718 604 804
1026 2938 1226 3138 410 610
2616 1344 2816 1544 465 665
2102 1729 2302 1929 338 538
5537 210 5737 410 605 805
4732 426 4932 626 628 828
2801 1697 3001 1897 631 831
31 3404 231 3604 551 751
4038 1168 4238 1368 638 838
4587 1679 4787 1879 591 791
555 3032 755 3232 613 813
4277 2764 4477 2964 571 771
4536 623 4736 823 358 558
637 25 837 225 538 738
616 1636 816 1836 397 597
5609 2877 5809 3077 518 718
1638 3017 1838 3217 383 583
5021 1071 5221 1271 634 834
615 3502 815 3702 498 698
615 100 815 300 652 852
334 3368 534 3568 528 728
4307 2386 4507 2586 692 892
2515 1546 2715 1746 446 646
4796 1094 4996 1294 691 891
365 3071 565 3271 481 681
2840 1043 3040 1243 430 630
2011 2314 2211 2514 627 827
1552 1051 1752 1251 391 591
5176 2811 5376 3011 638 838
2004 1884 2204 2084 385 585
1350 2682 1550 2882 671 871
2114 1184 2314 1384 669 869
5169 1067 5369 1267 414 614
1775 665 1975 865 375 575
5315 178 5515 378 553 753
4403 1346 4603 1546 462 662
3620 794 3820 994 696 896
202 1751 402 1951 494 694
5461 2289 5661 2489 372 572
719 566 919 766 632 832
1923 533 2123 733 700 900
3834 2951 4034 3151 549 749
5165 2243 5365 2443 681 881
4659 1303 4859 1503 362 562
2953 1687 3153 1887 510 710
587 2762 787 2962 432 632
3170 3603 3370 3803 686 886
983 1158 1183 1358 491 691
4688 1830 4888 2030 557 757
3618 1520 3818 1720 670 870
4029 327 4229 527 354 554
539 1620 739 1820 516 716
3095 183 3295 383 455 655
2931 624 3131 824 583 783
4615 975 4815 1175 465 665
2949 1298 3149 1498 620 820
619 3375 819 3575 389 589
5355 2712 5555 2912 365 565
1634 1097 1834 1297 638 838
424 2874 624 3074 646 846
3503 2323 3703 2523 473 673
1015 3659 1215 3859 417 617
639 1995 839 2195 433 633
1904 668 2104 868 561 761
943 1875 1143 2075 499 699
2995 1253 3195 1453 426 626
1107 2418 1307 2618 467 667
4615 1626 4815 1826 567 767
2363 2897 2563 3097 507 707
5378 2449 5578 2649 662 862
3173 850 3373 1050 498 698
3084 2432 3284 2632 415 615
3380 2546 3580 2746 590 790
3585 2695 3785 2895 574 774
2565 1121 2765 1321 357 557
3349 303 3549 503 488 688
731 3004 931 3204 649 849
3599 3694 3799 3894 398 598
1501 523 1701 723 681 881
4920 1391 5120 1591 513 713
323 1749 523 1949 642 842
3174 1922 3374 2122 633 833
2653 2001 2853 2201 665 865
1855 3698 2055 3898 443 643
3636 3099 3836 3299 590 790
1253 1916 1453 2116 480 680
3296 2241 3496 2441 700 900
4744 585 4944 785 584 784
5158 452 5358 652 502 702
609 3680 809 3880 340 540
2726 3269 2926 3469 407 607
3579 3075 3779 3275 426 626
4259 686 4459 886 477 677
5255 3430 5455 3630 618 818
2752 1310 2952 1510 659 859
3412 796 3612 996 386 586
4512 77 4712 277 605 805
1366 834 1566 1034 691 891
4231 3162 4431 3362 461 661
4112 1616 4312 1816 462 662
823 3186 1023 3386 569 769
3025 1912 3225 2112 640 840
2446 965 2646 1165 338 538
2618 2892 2818 3092 635 835
1258 3578 1458 3778 673 873
1082 1081 1282 1281 435 635
5213 1037 5413 1237 450 650
3176 1910 3376 2110 616 816
4135 3595 4335 3795 579 779
4027 2812 4227 3012 648 848
1902 2485 2102 2685 659 859
3726 3624 3926 3824 503 703
1543 2818 1743 3018 476 676
3418 3601 3618 3801 493 693
77 2068 277 2268 659 859
645 2849 845 3049 475 675
736 260 936 460 424 624
3569 1872 3769 2072 455 655
2682 2201 2882 2401 439 639
3083 1698 3283 1898 466 666
5379 242 5579 442 539 739
940 2635 1140 2835 693 893
4549 1287 4749 1487 639 839
3620 3009 3820 3209 517 717
3256 2837 3456 3037 609 809
491 2873 691 3073 446 646
4532 852 4732 1052 381 581
2814 3714 3014 3914 378 578
2270 891 2470 1091 680 880
1490 1615 1690 1815 658 858
4587 2962 4787 3162 400 600
1101 517 1301 717 516 716
5112 3794 5312 3994 554 754
2295 2354 2495 2554 516 716
835 2153 1035 2353 626 826
1912 1437 2112 1637 466 666
969 2817 1169 3017 548 748
3143 1998 3343 2198 573 773
329 1684 529 1884 441 641
2378 2406 2578 2606 396 596
1809 907 2009 1107 712 912
599 1203 799 1403 618 818
2399 3117 2599 3317 582 782
3035 3397 3235 3597 442 642
284 3373 484 3573 657 857
5505 3582 5705 3782 417 617
2268 2335 2468 2535 653 853
2668 2160 2868 2360 587 787
4481 1922 4681 2122 412 612
4899 2291 5099 2491 569 769
1138 2694 1338 2894 396 596
4293 1104 4493 1304 400 600
3946 156 4146 356 558 758
4572 398 4772 598 457 657
4225 1777 4425 1977 579 779
292 2590 492 2790 480 680
4700 378 4900 578 609 809
4980 2858 5180 3058 560 760
3872 2340 4072 2540 411 611
3646 1246 3846 1446 467 667
76 2723 276 2923 637 837
3389 600 3589 800 607 807
3404 727 3604 927 519 719
5234 2357 5434 2557 627 827
5381 2513 5581 2713 696 896
4832 1078 5032 1278 601 801
5348 1021 5548 1221 434 634
2256 1358 2456 1558 370 570
4190 3347 4390 3547 644 844
349 1811 549 2011 607 807
4164 3748 4364 3948 695 895
599 933 799 1133 420 620
1533 1432 1733 1632 512 712
