100
3181 2932 3381 3132 347 397
2177 938 2377 1138 347 397
5570 3112 5770 3312 347 397
3992 2536 4192 2736 347 397
798 603 998 803 347 397
4870 846 5070 1046 347 397
4285 1541 4485 1741 347 397
2760 206 2960 406 347 397
4237 251 4437 451 347 397
404 1936 604 2136 347 397
389 3493 589 3693 347 397
2272 3000 2472 3200 347 397
4056 653 4256 853 347 397
3763 1128 3963 1328 347 397
1508 905 1708 1105 347 397
5412 1234 5612 1434 347 397
2267 3139 2467 3339 347 397
5580 2880 5780 3080 347 397
1081 1970 1281 2170 347 397
1497 2777 1697 2977 347 397
3080 1992 3280 2192 347 397
5158 1611 5358 1811 347 397
4083 3793 4283 3993 347 397
95 2346 295 2546 347 397
2597 446 2797 646 347 397
859 345 1059 545 347 397
4559 1814 4759 2014 347 397
976 3213 1176 3413 347 397
4033 1152 4233 1352 347 397
3939 1562 4139 1762 347 397
1043 644 1243 844 347 397
4362 1356 4562 1556 347 397
5507 429 5707 629 347 397
5354 164 5554 364 347 397
2516 3581 2716 3781 347 397
2674 433 2874 633 347 397
1708 494 1908 694 347 397
1604 2296 1804 2496 347 397
4469 3123 4669 3323 347 397
2677 3792 2877 3992 347 397
2123 584 2323 784 347 397
4336 2969 4536 3169 347 397
951 2943 1151 3143 347 397
3864 2596 4064 2796 347 397
4335 2922 4535 3122 347 397
4733 83 4933 283 347 397
156 884 356 1084 347 397
2895 2810 3095 3010 347 397
2116 3405 2316 3605 347 397
893 1442 1093 1642 347 397
3666 1376 3866 1576 347 397
4512 417 4712 617 347 397
42 3182 242 3382 347 397
5372 1618 5572 1818 347 397
2098 2815 2298 3015 347 397
144 1534 344 1734 347 397
228 1947 428 2147 347 397
5187 1259 5387 1459 347 397
4075 814 4275 1014 347 397
370 2915 570 3115 347 397
5421 412 5621 612 347 397
2354 2763 2554 2963 347 397
2918 3698 3118 3898 347 397
5524 339 5724 539 347 397
2140 1738 2340 1938 347 397
3873 1947 4073 2147 347 397
4193 2918 4393 3118 347 397
5463 444 5663 644 347 397
3143 537 3343 737 347 397
3030 264 3230 464 347 397
1962 3673 2162 3873 347 397
3746 682 3946 882 347 397
1937 1762 2137 1962 347 397
3293 2169 3493 2369 347 397
910 3526 1110 3726 347 397
2989 242 3189 442 347 397
3050 3543 3250 3743 347 397
551 2964 751 3164 347 397
4876 1769 5076 1969 347 397
5133 2203 5333 2403 347 397
1060 545 1260 745 347 397
1465 550 1665 750 347 397
393 444 593 644 347 397
3847 2754 4047 2954 347 397
765 787 965 987 347 397
2986 3596 3186 3796 347 397
4334 276 4534 476 347 397
4841 208 5041 408 347 397
4308 148 4508 348 347 397
850 2346 1050 2546 347 397
363 1392 563 1592 347 397
115 1542 315 1742 347 397
3389 1054 3589 1254 347 397
3589 35 3789 235 347 397
1026 1739 1226 1939 347 397
3848 259 4048 459 347 397
731 2589 931 2789 347 397
1546 2738 1746 2938 347 397
883 3334 1083 3534 347 397
4509 1006 4709 1206 347 397
