1000
3174 506 3224 556 364 764
632 1018 682 1068 495 895
1680 3391 1730 3441 407 807
5481 3514 5531 3564 348 748
5578 3422 5628 3472 498 898
4227 121 4277 171 409 809
5515 3436 5565 3486 496 896
3914 2874 3964 2924 339 739
5394 2363 5444 2413 488 888
742 2657 792 2707 504 904
3971 1814 4021 1864 502 902
1070 4 1120 54 418 818
2457 2667 2507 2717 428 828
477 2542 527 2592 400 800
4846 1157 4896 1207 433 833
2322 152 2372 202 465 865
321 570 371 620 392 792
3304 920 3354 970 378 778
4969 978 5019 1028 426 826
4645 25 4695 75 465 865
5059 3832 5109 3882 438 838
1166 3280 1216 3330 411 811
5468 933 5518 983 401 801
338 2068 388 2118 392 792
2183 461 2233 511 450 850
5057 3496 5107 3546 345 745
4969 2788 5019 2838 342 742
1336 2979 1386 3029 385 785
2905 907 2955 957 502 902
1614 1994 1664 2044 408 808
4687 2596 4737 2646 445 845
3717 3220 3767 3270 464 864
663 363 713 413 450 850
1669 1367 1719 1417 478 878
634 708 684 758 378 778
482 2376 532 2426 495 895
5440 1403 5490 1453 368 768
3651 1795 3701 1845 340 740
4820 1906 4870 1956 406 806
104 3529 154 3579 375 775
1828 1989 1878 2039 412 812
1054 1913 1104 1963 507 907
179 3305 229 3355 385 785
3472 361 3522 411 503 903
3808 712 3858 762 386 786
2052 3239 2102 3289 495 895
1854 761 1904 811 420 820
2208 1183 2258 1233 405 805
5091 904 5141 954 485 885
3891 903 3941 953 406 806
4579 1774 4629 1824 470 870
3769 2260 3819 2310 432 832
1302 1690 1352 1740 366 766
2644 998 2694 1048 509 909
1017 1683 1067 1733 393 793
4395 3638 4445 3688 485 885
4926 2456 4976 2506 443 843
1789 1496 1839 1546 449 849
783 2028 833 2078 379 779
350 1579 400 1629 398 798
5241 1574 5291 1624 404 804
4097 3472 4147 3522 505 905
5099 2590 5149 2640 474 874
3119 3242 3169 3292 429 829
5617 2846 5667 2896 510 910
318 970 368 1020 410 810
3750 3943 3800 3993 463 863
5307 1314 5357 1364 354 754
1524 2212 1574 2262 441 841
1683 1210 1733 1260 439 839
99 130 149 180 389 789
4389 2099 4439 2149 372 772
1373 3372 1423 3422 376 776
4138 3303 4188 3353 458 858
3247 2822 3297 2872 434 834
5646 934 5696 984 346 746
4459 1447 4509 1497 364 764
3351 33 3401 83 393 793
4529 2396 4579 2446 502 902
2831 3782 2881 3832 485 885
5285 2280 5335 2330 411 811
423 2477 473 2527 421 821
943 2683 993 2733 433 833
2356 3450 2406 3500 476 876
188 1826 238 1876 368 768
5713 2875 5763 2925 350 750
161 2335 211 2385 393 793
1851 1523 1901 1573 434 834
2317 2504 2367 2554 404 804
1015 2788 1065 2838 351 751
2759 571 2809 621 512 912
1208 810 1258 860 428 828
4923 2457 4973 2507 448 848
1630 200 1680 250 361 761
4703 1232 4753 1282 430 830
5523 3311 5573 3361 480 880
5735 74 5785 124 407 807
3298 2797 3348 2847 340 740
865 3754 915 3804 474 874
1288 2344 1338 2394 390 790
3596 2021 3646 2071 364 764
4751 102 4801 152 452 852
5162 1499 5212 1549 339 739
1737 1113 1787 1163 418 818
1751 2816 1801 2866 460 860
3989 959 4039 1009 382 782
5651 3240 5701 3290 385 785
942 391 992 441 490 890
2141 2592 2191 2642 401 801
3522 954 3572 1004 466 866
5264 3212 5314 3262 477 877
3722 3742 3772 3792 510 910
1131 3885 1181 3935 478 878
1086 3511 1136 3561 475 875
4618 982 4668 1032 473 873
332 2074 382 2124 497 897
5523 2330 5573 2380 389 789
1653 2947 1703 2997 384 784
828 2066 878 2116 404 804
900 1053 950 1103 341 741
4694 3266 4744 3316 390 790
251 805 301 855 371 771
3498 2381 3548 2431 379 779
1984 1980 2034 2030 350 750
3130 2616 3180 2666 487 887
3195 2139 3245 2189 354 754
3238 2723 3288 2773 452 852
1875 1628 1925 1678 493 893
1077 515 1127 565 488 888
1711 3138 1761 3188 401 801
2410 3940 2460 3990 459 859
2307 421 2357 471 338 738
362 1156 412 1206 513 913
4875 1986 4925 2036 459 859
1537 643 1587 693 431 831
1026 3893 1076 3943 374 774
2869 275 2919 325 343 743
5597 931 5647 981 381 781
4363 1164 4413 1214 464 864
1306 183 1356 233 489 889
4414 2894 4464 2944 406 806
251 87 301 137 353 753
4120 2837 4170 2887 338 738
5572 3747 5622 3797 493 893
4365 1238 4415 1288 431 831
3790 3625 3840 3675 468 868
5507 1699 5557 1749 414 814
2130 34 2180 84 496 896
5568 2714 5618 2764 405 805
5066 3334 5116 3384 387 787
1524 2380 1574 2430 450 850
4102 3686 4152 3736 474 874
1468 2968 1518 3018 489 889
1584 3746 1634 3796 373 773
5108 2342 5158 2392 488 888
3588 1373 3638 1423 458 858
220 3546 270 3596 477 877
2705 2546 2755 2596 489 889
9 0 59 50 472 872
1656 3757 1706 3807 405 805
910 1151 960 1201 352 752
3320 74 3370 124 444 844
2263 3760 2313 3810 497 897
2567 1513 2617 1563 346 746
1989 3220 2039 3270 466 866
739 486 789 536 422 822
4308 2292 4358 2342 427 827
5309 3256 5359 3306 491 891
895 358 945 408 482 882
3874 2096 3924 2146 354 754
1316 1320 1366 1370 436 836
3428 354 3478 404 452 852
3341 2667 3391 2717 413 813
5177 2627 5227 2677 499 899
1599 597 1649 647 342 742
2762 61 2812 111 382 782
4012 692 4062 742 409 809
5065 808 5115 858 500 900
935 2687 985 2737 460 860
1652 2848 1702 2898 358 758
702 2918 752 2968 424 824
4072 1896 4122 1946 415 815
2955 3468 3005 3518 476 876
3284 1561 3334 1611 402 802
852 492 902 542 413 813
5232 1465 5282 1515 483 883
2638 2471 2688 2521 380 780
3547 1399 3597 1449 421 821
4871 794 4921 844 408 808
3967 656 4017 706 476 876
2491 223 2541 273 343 743
2679 646 2729 696 379 779
5199 1431 5249 1481 340 740
731 1248 781 1298 392 792
3425 2750 3475 2800 367 767
2361 116 2411 166 397 797
4071 1734 4121 1784 396 796
4416 1426 4466 1476 456 856
4243 1879 4293 1929 383 783
1791 2881 1841 2931 499 899
2263 2579 2313 2629 472 872
4320 1724 4370 1774 408 808
5599 669 5649 719 416 816
3652 2082 3702 2132 402 802
1001 3501 1051 3551 351 751
1899 2141 1949 2191 450 850
5128 877 5178 927 386 786
3118 970 3168 1020 417 817
933 2658 983 2708 359 759
2647 3539 2697 3589 510 910
5447 3649 5497 3699 372 772
4244 817 4294 867 377 777
1784 891 1834 941 436 836
2349 2818 2399 2868 511 911
779 827 829 877 494 894
5043 2743 5093 2793 461 861
3002 2700 3052 2750 390 790
1757 1461 1807 1511 496 896
4855 994 4905 1044 338 738
5587 2094 5637 2144 345 745
801 897 851 947 480 880
3243 1009 3293 1059 398 798
5339 3644 5389 3694 497 897
2514 1195 2564 1245 429 829
1292 3380 1342 3430 427 827
632 527 682 577 352 752
4707 86 4757 136 437 837
2869 3791 2919 3841 396 796
2670 647 2720 697 348 748
2564 1003 2614 1053 344 744
5668 2652 5718 2702 372 772
4473 840 4523 890 392 792
163 674 213 724 474 874
2801 2823 2851 2873 347 747
3130 1466 3180 1516 435 835
3478 3486 3528 3536 402 802
3091 3124 3141 3174 358 758
2632 1256 2682 1306 351 751
2567 1665 2617 1715 475 875
3828 3628 3878 3678 393 793
1944 2213 1994 2263 464 864
3690 1070 3740 1120 365 765
401 3828 451 3878 494 894
4117 96 4167 146 429 829
5604 2836 5654 2886 339 739
4316 1593 4366 1643 386 786
831 3060 881 3110 344 744
1288 897 1338 947 444 844
327 517 377 567 495 895
4130 3483 4180 3533 499 899
4048 2281 4098 2331 471 871
5346 2896 5396 2946 375 775
2340 1250 2390 1300 452 852
2178 986 2228 1036 512 912
1584 3299 1634 3349 471 871
523 3668 573 3718 419 819
954 2051 1004 2101 374 774
468 1348 518 1398 441 841
5069 1967 5119 2017 498 898
2710 37 2760 87 393 793
4883 510 4933 560 481 881
4346 2089 4396 2139 449 849
2436 1093 2486 1143 352 752
1126 2148 1176 2198 511 911
3219 175 3269 225 402 802
262 591 312 641 485 885
198 2931 248 2981 473 873
327 1849 377 1899 389 789
627 2552 677 2602 426 826
3666 2184 3716 2234 372 772
4827 424 4877 474 463 863
2916 3436 2966 3486 472 872
298 437 348 487 432 832
511 2020 561 2070 496 896
554 378 604 428 406 806
1568 2868 1618 2918 341 741
5214 2612 5264 2662 350 750
2068 2101 2118 2151 445 845
2348 2232 2398 2282 374 774
3243 3524 3293 3574 482 882
4903 988 4953 1038 396 796
5585 856 5635 906 430 830
4846 1506 4896 1556 447 847
3697 235 3747 285 387 787
1664 1982 1714 2032 431 831
1656 1574 1706 1624 359 759
1544 3249 1594 3299 434 834
3608 587 3658 637 347 747
5662 2270 5712 2320 379 779
2522 2363 2572 2413 342 742
1361 903 1411 953 464 864
4408 2921 4458 2971 367 767
1291 1465 1341 1515 513 913
2047 2148 2097 2198 387 787
3337 3168 3387 3218 348 748
1264 180 1314 230 452 852
552 1676 602 1726 506 906
1401 3255 1451 3305 461 861
2809 1108 2859 1158 377 777
5405 2877 5455 2927 345 745
4410 1706 4460 1756 398 798
4651 1971 4701 2021 499 899
4581 343 4631 393 424 824
1843 2887 1893 2937 446 846
2741 908 2791 958 378 778
711 1547 761 1597 464 864
3112 3721 3162 3771 357 757
2249 2141 2299 2191 425 825
1518 1152 1568 1202 426 826
1939 3554 1989 3604 397 797
5428 1020 5478 1070 489 889
3980 731 4030 781 405 805
4507 732 4557 782 417 817
3410 1391 3460 1441 462 862
3060 2373 3110 2423 412 812
656 2280 706 2330 367 767
992 1546 1042 1596 345 745
5612 40 5662 90 452 852
5215 1161 5265 1211 347 747
4136 3798 4186 3848 428 828
434 705 484 755 350 750
3071 1258 3121 1308 420 820
1735 3287 1785 3337 491 891
5320 357 5370 407 387 787
1154 2517 1204 2567 342 742
174 514 224 564 363 763
509 1292 559 1342 397 797
56 3714 106 3764 432 832
4680 1426 4730 1476 422 822
5610 56 5660 106 404 804
5596 1345 5646 1395 390 790
4585 3047 4635 3097 445 845
110 2613 160 2663 378 778
1217 3770 1267 3820 453 853
5285 2071 5335 2121 436 836
820 1806 870 1856 361 761
1441 572 1491 622 359 759
1817 1521 1867 1571 458 858
5524 3413 5574 3463 380 780
5635 2310 5685 2360 403 803
5416 1767 5466 1817 406 806
524 3373 574 3423 365 765
3383 2770 3433 2820 356 756
4266 1261 4316 1311 460 860
792 3048 842 3098 447 847
485 3173 535 3223 401 801
5328 2778 5378 2828 344 744
3404 26 3454 76 467 867
4789 1723 4839 1773 356 756
3116 1695 3166 1745 377 777
1195 2604 1245 2654 444 844
3923 634 3973 684 393 793
2791 1563 2841 1613 488 888
3997 3022 4047 3072 349 749
1280 1984 1330 2034 387 787
258 968 308 1018 426 826
1105 3868 1155 3918 502 902
3004 125 3054 175 493 893
220 784 270 834 502 902
1896 2753 1946 2803 434 834
2062 2705 2112 2755 364 764
3658 278 3708 328 344 744
1016 3040 1066 3090 483 883
4500 44 4550 94 468 868
2419 149 2469 199 428 828
4522 906 4572 956 454 854
48 3553 98 3603 400 800
2020 1328 2070 1378 461 861
674 2518 724 2568 413 813
4670 3203 4720 3253 472 872
2272 603 2322 653 361 761
4687 1005 4737 1055 496 896
5321 3263 5371 3313 378 778
440 2245 490 2295 390 790
100 2025 150 2075 476 876
2441 1701 2491 1751 398 798
3484 494 3534 544 395 795
2767 46 2817 96 480 880
1039 1520 1089 1570 433 833
5745 981 5795 1031 449 849
1301 695 1351 745 401 801
4948 2126 4998 2176 392 792
3237 3097 3287 3147 483 883
2095 81 2145 131 470 870
2382 3433 2432 3483 371 771
4052 3855 4102 3905 411 811
245 1744 295 1794 508 908
3647 401 3697 451 469 869
5682 3902 5732 3952 461 861
3916 608 3966 658 473 873
1571 1176 1621 1226 429 829
5175 3789 5225 3839 357 757
5476 256 5526 306 441 841
353 1519 403 1569 476 876
1908 3672 1958 3722 413 813
978 2343 1028 2393 351 751
2084 2391 2134 2441 412 812
3949 36 3999 86 474 874
4129 3369 4179 3419 495 895
5108 3057 5158 3107 368 768
5766 2303 5816 2353 417 817
3910 2278 3960 2328 480 880
1575 2281 1625 2331 370 770
5409 2762 5459 2812 484 884
4270 1448 4320 1498 338 738
1396 2607 1446 2657 435 835
554 1176 604 1226 482 882
3903 464 3953 514 359 759
2628 515 2678 565 396 796
2231 2282 2281 2332 512 912
3995 2794 4045 2844 468 868
2103 1608 2153 1658 503 903
1504 1421 1554 1471 499 899
5434 808 5484 858 425 825
4406 3234 4456 3284 419 819
3941 278 3991 328 341 741
3626 3697 3676 3747 443 843
1052 3384 1102 3434 365 765
5659 2552 5709 2602 425 825
5755 1721 5805 1771 389 789
2602 363 2652 413 404 804
2237 221 2287 271 378 778
5369 3948 5419 3998 343 743
4567 3898 4617 3948 396 796
4647 1022 4697 1072 507 907
400 2942 450 2992 393 793
3059 2962 3109 3012 435 835
5780 91 5830 141 346 746
2742 1130 2792 1180 449 849
5191 977 5241 1027 367 767
5327 2690 5377 2740 494 894
1798 669 1848 719 374 774
4305 5 4355 55 512 912
2843 167 2893 217 408 808
166 2779 216 2829 392 792
1872 1387 1922 1437 467 867
2239 2549 2289 2599 377 777
494 2922 544 2972 444 844
5006 2969 5056 3019 345 745
5492 2637 5542 2687 492 892
5512 257 5562 307 358 758
1943 2005 1993 2055 423 823
26 1018 76 1068 508 908
5245 3238 5295 3288 417 817
1680 1002 1730 1052 421 821
5321 926 5371 976 419 819
4061 2719 4111 2769 421 821
4665 2746 4715 2796 358 758
2393 3821 2443 3871 433 833
2904 594 2954 644 384 784
372 1552 422 1602 448 848
536 3674 586 3724 507 907
1169 2663 1219 2713 437 837
4987 1898 5037 1948 422 822
510 1327 560 1377 339 739
1313 833 1363 883 364 764
2006 2789 2056 2839 382 782
5648 2825 5698 2875 493 893
3782 3276 3832 3326 347 747
479 1891 529 1941 415 815
928 3028 978 3078 377 777
3340 339 3390 389 387 787
3720 2962 3770 3012 486 886
584 3002 634 3052 494 894
1239 3439 1289 3489 488 888
4523 3671 4573 3721 349 749
726 564 776 614 385 785
3670 620 3720 670 463 863
5404 2241 5454 2291 338 738
5143 3875 5193 3925 374 774
2589 1395 2639 1445 378 778
599 1823 649 1873 375 775
1118 2075 1168 2125 450 850
5499 355 5549 405 428 828
3423 2716 3473 2766 383 783
2362 2827 2412 2877 409 809
1846 3859 1896 3909 405 805
145 1766 195 1816 463 863
598 1540 648 1590 430 830
5598 236 5648 286 404 804
5139 1263 5189 1313 436 836
922 2791 972 2841 465 865
2411 22 2461 72 483 883
3658 3523 3708 3573 419 819
5185 3339 5235 3389 358 758
384 797 434 847 486 886
2152 3494 2202 3544 474 874
5376 1798 5426 1848 370 770
4122 3053 4172 3103 511 911
3501 1497 3551 1547 377 777
1336 3541 1386 3591 404 804
5675 3172 5725 3222 458 858
1158 731 1208 781 418 818
3086 3130 3136 3180 429 829
4927 950 4977 1000 482 882
802 1581 852 1631 372 772
2351 224 2401 274 467 867
3183 1963 3233 2013 471 871
5641 1761 5691 1811 505 905
2222 2996 2272 3046 397 797
5186 503 5236 553 359 759
4213 3012 4263 3062 435 835
5695 1061 5745 1111 490 890
3631 3489 3681 3539 465 865
3520 2751 3570 2801 455 855
341 1562 391 1612 502 902
3574 1612 3624 1662 510 910
3482 3947 3532 3997 365 765
3348 724 3398 774 380 780
5097 1386 5147 1436 470 870
1419 2787 1469 2837 353 753
1917 1671 1967 1721 482 882
3050 828 3100 878 459 859
3247 3094 3297 3144 422 822
377 708 427 758 466 866
2277 962 2327 1012 434 834
5352 132 5402 182 476 876
1499 1144 1549 1194 375 775
1884 2414 1934 2464 345 745
2185 1906 2235 1956 379 779
112 2257 162 2307 350 750
2792 1917 2842 1967 504 904
4320 109 4370 159 429 829
4525 1515 4575 1565 391 791
704 1362 754 1412 482 882
5385 31 5435 81 502 902
4651 3056 4701 3106 477 877
3990 2189 4040 2239 369 769
2121 2776 2171 2826 493 893
3359 2627 3409 2677 490 890
1480 218 1530 268 416 816
2997 3 3047 53 475 875
5007 475 5057 525 411 811
1621 2126 1671 2176 380 780
2263 3924 2313 3974 512 912
3334 720 3384 770 402 802
5176 838 5226 888 393 793
4245 2510 4295 2560 476 876
4023 641 4073 691 338 738
2067 1046 2117 1096 376 776
820 3404 870 3454 373 773
3030 3170 3080 3220 345 745
3495 1445 3545 1495 441 841
2611 3008 2661 3058 435 835
4954 2483 5004 2533 407 807
5108 9 5158 59 498 898
2698 1068 2748 1118 448 848
3076 1841 3126 1891 396 796
1950 2903 2000 2953 387 787
1204 2148 1254 2198 425 825
369 2052 419 2102 381 781
4021 3733 4071 3783 447 847
234 1207 284 1257 438 838
2255 1916 2305 1966 446 846
3028 2856 3078 2906 357 757
3257 869 3307 919 492 892
1211 3887 1261 3937 487 887
213 2546 263 2596 484 884
4254 2984 4304 3034 340 740
3873 2890 3923 2940 394 794
2430 938 2480 988 447 847
3215 1299 3265 1349 396 796
4760 3406 4810 3456 392 792
4956 3784 5006 3834 501 901
4096 608 4146 658 420 820
4443 615 4493 665 499 899
2214 575 2264 625 460 860
3912 757 3962 807 351 751
5336 3102 5386 3152 501 901
4718 919 4768 969 372 772
4126 2017 4176 2067 368 768
4380 1900 4430 1950 340 740
65 3169 115 3219 478 878
4931 2748 4981 2798 363 763
5544 3646 5594 3696 439 839
5530 3826 5580 3876 430 830
4207 3299 4257 3349 498 898
1619 2563 1669 2613 395 795
844 78 894 128 371 771
2504 1560 2554 1610 470 870
2013 688 2063 738 436 836
4204 650 4254 700 486 886
191 3474 241 3524 383 783
1788 2463 1838 2513 403 803
4134 104 4184 154 478 878
3137 1497 3187 1547 459 859
729 178 779 228 494 894
2585 35 2635 85 386 786
1799 2475 1849 2525 460 860
2625 3150 2675 3200 365 765
3147 430 3197 480 512 912
3140 2586 3190 2636 493 893
1355 3585 1405 3635 355 755
1227 2313 1277 2363 341 741
592 2553 642 2603 438 838
3548 3775 3598 3825 373 773
301 2645 351 2695 487 887
4648 3119 4698 3169 378 778
3128 1435 3178 1485 417 817
5541 1264 5591 1314 411 811
5023 2388 5073 2438 399 799
5702 3442 5752 3492 416 816
4839 1807 4889 1857 461 861
1173 82 1223 132 504 904
5426 446 5476 496 397 797
4443 2026 4493 2076 416 816
2427 1315 2477 1365 477 877
4911 3856 4961 3906 396 796
5070 1497 5120 1547 408 808
2421 1080 2471 1130 370 770
2122 3597 2172 3647 420 820
2205 1264 2255 1314 483 883
3737 3203 3787 3253 356 756
5583 3848 5633 3898 442 842
2413 1711 2463 1761 450 850
2825 3662 2875 3712 348 748
1029 3864 1079 3914 437 837
4027 2496 4077 2546 349 749
4151 2406 4201 2456 489 889
1871 2687 1921 2737 447 847
4278 1969 4328 2019 434 834
4264 682 4314 732 447 847
2314 843 2364 893 466 866
5575 2657 5625 2707 513 913
5019 3915 5069 3965 423 823
5702 2652 5752 2702 470 870
4055 2642 4105 2692 337 737
1706 872 1756 922 355 755
648 1600 698 1650 392 792
872 1741 922 1791 351 751
3939 1420 3989 1470 483 883
153 783 203 833 496 896
5471 1565 5521 1615 477 877
241 2191 291 2241 370 770
4336 2174 4386 2224 345 745
4483 823 4533 873 466 866
5124 732 5174 782 451 851
1570 2649 1620 2699 448 848
4521 1959 4571 2009 340 740
1676 160 1726 210 374 774
5709 2282 5759 2332 412 812
44 2884 94 2934 360 760
5584 415 5634 465 367 767
250 324 300 374 458 858
1207 3644 1257 3694 378 778
3751 2479 3801 2529 427 827
4915 1060 4965 1110 434 834
4403 3250 4453 3300 503 903
450 2505 500 2555 475 875
1671 663 1721 713 500 900
4148 980 4198 1030 340 740
576 335 626 385 446 846
1010 2792 1060 2842 396 796
5111 1294 5161 1344 500 900
1081 3016 1131 3066 404 804
1056 2835 1106 2885 375 775
2294 590 2344 640 364 764
4386 1166 4436 1216 377 777
3248 2054 3298 2104 436 836
2665 903 2715 953 420 820
4835 1699 4885 1749 342 742
5254 3049 5304 3099 354 754
938 1217 988 1267 438 838
496 580 546 630 381 781
2841 3900 2891 3950 404 804
2056 360 2106 410 507 907
5761 3205 5811 3255 479 879
1706 746 1756 796 425 825
1718 2964 1768 3014 457 857
62 3918 112 3968 405 805
1551 2630 1601 2680 487 887
1641 1381 1691 1431 430 830
4838 3057 4888 3107 428 828
3819 2983 3869 3033 340 740
4625 2052 4675 2102 472 872
1346 2772 1396 2822 502 902
3523 288 3573 338 357 757
3163 2993 3213 3043 478 878
3342 1716 3392 1766 510 910
4510 2344 4560 2394 418 818
1220 2159 1270 2209 368 768
3412 1002 3462 1052 361 761
80 3159 130 3209 337 737
2488 2953 2538 3003 346 746
4167 2245 4217 2295 387 787
4871 2346 4921 2396 346 746
5655 3278 5705 3328 439 839
1695 3924 1745 3974 343 743
4497 2068 4547 2118 461 861
4399 3146 4449 3196 360 760
4066 3542 4116 3592 479 879
5681 1003 5731 1053 476 876
4242 2531 4292 2581 369 769
5152 303 5202 353 432 832
3116 3938 3166 3988 364 764
4112 3778 4162 3828 409 809
1270 752 1320 802 382 782
3486 2017 3536 2067 431 831
886 3798 936 3848 461 861
2306 1158 2356 1208 421 821
5153 1397 5203 1447 385 785
724 3195 774 3245 505 905
4052 600 4102 650 339 739
5256 2864 5306 2914 339 739
4176 1686 4226 1736 510 910
972 2501 1022 2551 460 860
127 178 177 228 357 757
701 1769 751 1819 396 796
3203 2936 3253 2986 371 771
719 874 769 924 452 852
3550 741 3600 791 378 778
9 1883 59 1933 357 757
5089 3026 5139 3076 415 815
1497 1134 1547 1184 377 777
4632 1405 4682 1455 431 831
3097 2702 3147 2752 456 856
3090 2852 3140 2902 455 855
1822 1750 1872 1800 361 761
2315 1615 2365 1665 358 758
1948 1702 1998 1752 400 800
5120 69 5170 119 503 903
4316 257 4366 307 467 867
2562 3270 2612 3320 431 831
4100 2599 4150 2649 427 827
2501 2499 2551 2549 377 777
5345 2388 5395 2438 491 891
3834 2663 3884 2713 481 881
567 2937 617 2987 406 806
2166 709 2216 759 348 748
5054 344 5104 394 446 846
4419 1864 4469 1914 424 824
5414 2145 5464 2195 341 741
1645 432 1695 482 358 758
2955 1276 3005 1326 485 885
1691 3023 1741 3073 370 770
2030 3407 2080 3457 365 765
2290 3791 2340 3841 426 826
2597 1541 2647 1591 386 786
2327 670 2377 720 493 893
4683 732 4733 782 422 822
3265 2601 3315 2651 473 873
297 1929 347 1979 507 907
2906 1168 2956 1218 379 779
618 2775 668 2825 340 740
3375 3365 3425 3415 435 835
1574 391 1624 441 411 811
4103 3321 4153 3371 384 784
1142 341 1192 391 476 876
306 3346 356 3396 363 763
5237 3238 5287 3288 418 818
2321 12 2371 62 360 760
5122 2208 5172 2258 345 745
5049 1612 5099 1662 344 744
2008 1494 2058 1544 441 841
1428 3316 1478 3366 382 782
19 1674 69 1724 391 791
472 3478 522 3528 441 841
3485 1782 3535 1832 505 905
1179 91 1229 141 478 878
184 2498 234 2548 371 771
5555 1444 5605 1494 476 876
3011 1606 3061 1656 351 751
3756 2317 3806 2367 352 752
3644 2871 3694 2921 506 906
4304 23 4354 73 436 836
1636 1887 1686 1937 347 747
4789 2259 4839 2309 456 856
1816 981 1866 1031 492 892
2433 163 2483 213 507 907
522 2720 572 2770 488 888
767 2619 817 2669 344 744
642 1325 692 1375 388 788
4907 198 4957 248 441 841
4886 1545 4936 1595 367 767
1198 2482 1248 2532 356 756
355 2994 405 3044 506 906
3932 2333 3982 2383 363 763
3122 439 3172 489 505 905
3532 466 3582 516 365 765
1004 1809 1054 1859 502 902
3914 3757 3964 3807 472 872
2999 1232 3049 1282 467 867
3383 963 3433 1013 506 906
2997 3424 3047 3474 417 817
3848 2778 3898 2828 484 884
1575 2339 1625 2389 402 802
1988 2645 2038 2695 403 803
2906 3223 2956 3273 414 814
4676 1335 4726 1385 430 830
4496 1024 4546 1074 419 819
3879 267 3929 317 424 824
1261 3890 1311 3940 402 802
5444 2217 5494 2267 368 768
2812 3759 2862 3809 345 745
1473 3485 1523 3535 502 902
5732 1989 5782 2039 412 812
4315 587 4365 637 443 843
2013 3784 2063 3834 359 759
5104 1846 5154 1896 494 894
4441 2270 4491 2320 485 885
5009 2686 5059 2736 493 893
458 2332 508 2382 340 740
3012 826 3062 876 436 836
3342 3457 3392 3507 353 753
1870 2728 1920 2778 476 876
5587 1123 5637 1173 478 878
5075 498 5125 548 352 752
4266 3754 4316 3804 482 882
492 3428 542 3478 508 908
422 3369 472 3419 456 856
5059 866 5109 916 498 898
5410 245 5460 295 412 812
1819 1600 1869 1650 513 913
4788 1943 4838 1993 439 839
4405 3561 4455 3611 452 852
1864 2467 1914 2517 353 753
69 432 119 482 379 779
5471 2345 5521 2395 421 821
3603 716 3653 766 383 783
2279 3074 2329 3124 363 763
1531 3110 1581 3160 442 842
3911 1092 3961 1142 355 755
2235 910 2285 960 342 742
3275 261 3325 311 444 844
5378 2335 5428 2385 486 886
247 2716 297 2766 462 862
2059 10 2109 60 451 851
2219 1000 2269 1050 386 786
88 2137 138 2187 467 867
2096 1318 2146 1368 500 900
5566 242 5616 292 457 857
3926 1028 3976 1078 498 898
2098 2055 2148 2105 455 855
3093 3582 3143 3632 417 817
1808 1164 1858 1214 406 806
2769 1479 2819 1529 386 786
3116 563 3166 613 504 904
5272 52 5322 102 425 825
4574 1992 4624 2042 475 875
4652 3048 4702 3098 468 868
4601 931 4651 981 353 753
3689 1029 3739 1079 460 860
209 3017 259 3067 346 746
1771 594 1821 644 360 760
253 3036 303 3086 430 830
1387 2052 1437 2102 500 900
3058 3491 3108 3541 405 805
5333 3833 5383 3883 371 771
2103 904 2153 954 484 884
107 3322 157 3372 436 836
2952 2308 3002 2358 434 834
5051 403 5101 453 407 807
3199 2083 3249 2133 368 768
957 924 1007 974 508 908
273 1139 323 1189 407 807
5200 543 5250 593 383 783
4402 1853 4452 1903 394 794
5729 1128 5779 1178 376 776
4284 2180 4334 2230 379 779
153 3196 203 3246 356 756
1225 1543 1275 1593 474 874
4620 845 4670 895 503 903
1356 2131 1406 2181 427 827
5113 2936 5163 2986 365 765
284 1754 334 1804 401 801
4723 3699 4773 3749 431 831
5154 1780 5204 1830 501 901
2039 511 2089 561 431 831
5114 3896 5164 3946 492 892
4234 1505 4284 1555 464 864
70 3718 120 3768 486 886
4341 3565 4391 3615 401 801
710 2075 760 2125 506 906
3621 1696 3671 1746 459 859
5075 2453 5125 2503 466 866
859 49 909 99 442 842
1290 3302 1340 3352 370 770
4962 3848 5012 3898 507 907
2971 1002 3021 1052 352 752
1886 2999 1936 3049 412 812
1812 1310 1862 1360 439 839
4376 2192 4426 2242 354 754
1719 1530 1769 1580 400 800
2831 838 2881 888 439 839
1552 1608 1602 1658 465 865
2619 3841 2669 3891 371 771
4114 749 4164 799 388 788
4648 2086 4698 2136 393 793
1506 3891 1556 3941 429 829
1625 1012 1675 1062 364 764
1178 27 1228 77 390 790
2717 1909 2767 1959 476 876
2417 740 2467 790 434 834
2961 2033 3011 2083 353 753
2344 3637 2394 3687 448 848
850 3353 900 3403 421 821
548 362 598 412 379 779
3457 393 3507 443 477 877
3170 8 3220 58 464 864
3475 2534 3525 2584 495 895
1488 1574 1538 1624 341 741
4399 3659 4449 3709 339 739
985 1070 1035 1120 373 773
4865 2646 4915 2696 439 839
962 2750 1012 2800 478 878
4604 2697 4654 2747 443 843
5070 2537 5120 2587 447 847
3650 1051 3700 1101 341 741
2652 3226 2702 3276 480 880
584 455 634 505 342 742
3795 3639 3845 3689 362 762
2516 2805 2566 2855 471 871
1123 145 1173 195 503 903
1335 3 1385 53 354 754
3329 3785 3379 3835 478 878
5522 1246 5572 1296 466 866
5224 3562 5274 3612 362 762
2086 3009 2136 3059 392 792
5220 1106 5270 1156 435 835
4551 1743 4601 1793 410 810
377 1982 427 2032 344 744
2803 143 2853 193 468 868
4291 3224 4341 3274 393 793
141 2925 191 2975 399 799
4896 1279 4946 1329 501 901
2199 1355 2249 1405 461 861
4482 1986 4532 2036 367 767
5177 152 5227 202 431 831
1948 3580 1998 3630 451 851
1104 3806 1154 3856 376 776
1654 3935 1704 3985 361 761
3761 1021 3811 1071 414 814
4706 2106 4756 2156 372 772
2819 3739 2869 3789 444 844
5620 666 5670 716 382 782
4299 2970 4349 3020 504 904
4787 927 4837 977 387 787
5038 1024 5088 1074 501 901
1583 361 1633 411 502 902
2866 1596 2916 1646 351 751
2353 664 2403 714 407 807
2512 1203 2562 1253 347 747
68 1500 118 1550 484 884
5072 1700 5122 1750 455 855
2813 1237 2863 1287 454 854
1084 514 1134 564 452 852
4081 3591 4131 3641 403 803
982 2176 1032 2226 512 912
1473 3230 1523 3280 477 877
1847 2770 1897 2820 400 800
5328 3108 5378 3158 356 756
3849 2275 3899 2325 351 751
1540 3227 1590 3277 343 743
37 1286 87 1336 386 786
3464 2190 3514 2240 367 767
1154 3836 1204 3886 456 856
2423 2492 2473 2542 425 825
172 143 222 193 483 883
2715 893 2765 943 370 770
1745 3233 1795 3283 385 785
1504 254 1554 304 386 786
4973 2088 5023 2138 401 801
4332 2422 4382 2472 511 911
2959 2793 3009 2843 397 797
2346 2422 2396 2472 343 743
2323 1405 2373 1455 394 794
71 2713 121 2763 368 768
376 2184 426 2234 487 887
5624 1411 5674 1461 397 797
1350 186 1400 236 432 832
677 107 727 157 437 837
3302 2405 3352 2455 482 882
157 3765 207 3815 405 805
2890 1167 2940 1217 349 749
3666 263 3716 313 441 841
3969 2858 4019 2908 439 839
421 3810 471 3860 467 867
1567 3897 1617 3947 418 818
2598 205 2648 255 467 867
3660 3297 3710 3347 400 800
809 1278 859 1328 461 861
5165 3451 5215 3501 493 893
549 806 599 856 337 737
4549 3334 4599 3384 356 756
1155 469 1205 519 420 820
2760 1734 2810 1784 389 789
4727 3631 4777 3681 386 786
3688 3565 3738 3615 501 901
2952 1108 3002 1158 352 752
3907 1675 3957 1725 504 904
3834 26 3884 76 474 874
2912 3750 2962 3800 494 894
4786 3082 4836 3132 454 854
3533 443 3583 493 352 752
786 1440 836 1490 425 825
2028 1162 2078 1212 512 912
3792 445 3842 495 488 888
357 1433 407 1483 388 788
3682 2359 3732 2409 359 759
691 114 741 164 473 873
