100
3181 2932 3381 3132 491 591
2177 938 2377 1138 491 591
5570 3112 5770 3312 491 591
3992 2536 4192 2736 491 591
798 603 998 803 491 591
4870 846 5070 1046 491 591
4285 1541 4485 1741 491 591
2760 206 2960 406 491 591
4237 251 4437 451 491 591
404 1936 604 2136 491 591
389 3493 589 3693 491 591
2272 3000 2472 3200 491 591
4056 653 4256 853 491 591
3763 1128 3963 1328 491 591
1508 905 1708 1105 491 591
5412 1234 5612 1434 491 591
2267 3139 2467 3339 491 591
5580 2880 5780 3080 491 591
1081 1970 1281 2170 491 591
1497 2777 1697 2977 491 591
3080 1992 3280 2192 491 591
5158 1611 5358 1811 491 591
4083 3793 4283 3993 491 591
95 2346 295 2546 491 591
2597 446 2797 646 491 591
859 345 1059 545 491 591
4559 1814 4759 2014 491 591
976 3213 1176 3413 491 591
4033 1152 4233 1352 491 591
3939 1562 4139 1762 491 591
1043 644 1243 844 491 591
4362 1356 4562 1556 491 591
5507 429 5707 629 491 591
5354 164 5554 364 491 591
2516 3581 2716 3781 491 591
2674 433 2874 633 491 591
1708 494 1908 694 491 591
1604 2296 1804 2496 491 591
4469 3123 4669 3323 491 591
2677 3792 2877 3992 491 591
2123 584 2323 784 491 591
4336 2969 4536 3169 491 591
951 2943 1151 3143 491 591
3864 2596 4064 2796 491 591
4335 2922 4535 3122 491 591
4733 83 4933 283 491 591
156 884 356 1084 491 591
2895 2810 3095 3010 491 591
2116 3405 2316 3605 491 591
893 1442 1093 1642 491 591
3666 1376 3866 1576 491 591
4512 417 4712 617 491 591
42 3182 242 3382 491 591
5372 1618 5572 1818 491 591
2098 2815 2298 3015 491 591
144 1534 344 1734 491 591
228 1947 428 2147 491 591
5187 1259 5387 1459 491 591
4075 814 4275 1014 491 591
370 2915 570 3115 491 591
5421 412 5621 612 491 591
2354 2763 2554 2963 491 591
2918 3698 3118 3898 491 591
5524 339 5724 539 491 591
2140 1738 2340 1938 491 591
3873 1947 4073 2147 491 591
4193 2918 4393 3118 491 591
5463 444 5663 644 491 591
3143 537 3343 737 491 591
3030 264 3230 464 491 591
1962 3673 2162 3873 491 591
3746 682 3946 882 491 591
1937 1762 2137 1962 491 591
3293 2169 3493 2369 491 591
910 3526 1110 3726 491 591
2989 242 3189 442 491 591
3050 3543 3250 3743 491 591
551 2964 751 3164 491 591
4876 1769 5076 1969 491 591
5133 2203 5333 2403 491 591
1060 545 1260 745 491 591
1465 550 1665 750 491 591
393 444 593 644 491 591
3847 2754 4047 2954 491 591
765 787 965 987 491 591
2986 3596 3186 3796 491 591
4334 276 4534 476 491 591
4841 208 5041 408 491 591
4308 148 4508 348 491 591
850 2346 1050 2546 491 591
363 1392 563 1592 491 591
115 1542 315 1742 491 591
3389 1054 3589 1254 491 591
3589 35 3789 235 491 591
1026 1739 1226 1939 491 591
3848 259 4048 459 491 591
731 2589 931 2789 491 591
1546 2738 1746 2938 491 591
883 3334 1083 3534 491 591
4509 1006 4709 1206 491 591
