1000
1957 2626 2057 2726 575 625
3627 2064 3727 2164 455 505
1488 857 1588 957 853 903
1364 2301 1464 2401 740 790
1417 2520 1517 2620 569 619
5409 383 5509 483 443 493
3606 1595 3706 1695 709 759
4936 2930 5036 3030 417 467
5298 1116 5398 1216 734 784
2889 483 2989 583 430 480
5429 236 5529 336 712 762
4855 3476 4955 3576 628 678
5016 2315 5116 2415 709 759
1651 230 1751 330 486 536
2760 999 2860 1099 763 813
3121 3300 3221 3400 782 832
2064 2081 2164 2181 628 678
1273 2972 1373 3072 777 827
2514 1440 2614 1540 342 392
3082 3753 3182 3853 860 910
4812 2447 4912 2547 555 605
4606 3185 4706 3285 471 521
3617 2363 3717 2463 358 408
602 3125 702 3225 734 784
1770 412 1870 512 527 577
2763 794 2863 894 602 652
3619 604 3719 704 813 863
502 192 602 292 812 862
5651 2475 5751 2575 760 810
5416 583 5516 683 351 401
4080 2900 4180 3000 627 677
4153 194 4253 294 493 543
3523 3736 3623 3836 593 643
4230 1276 4330 1376 389 439
1345 1668 1445 1768 531 581
3685 879 3785 979 443 493
4071 540 4171 640 511 561
921 998 1021 1098 545 595
277 2530 377 2630 626 676
1144 3599 1244 3699 343 393
2329 2192 2429 2292 842 892
3519 2289 3619 2389 636 686
3276 970 3376 1070 545 595
1981 393 2081 493 412 462
1287 3441 1387 3541 634 684
3953 658 4053 758 829 879
2172 493 2272 593 669 719
3196 1126 3296 1226 445 495
3112 224 3212 324 562 612
5539 631 5639 731 779 829
972 2201 1072 2301 565 615
1623 2075 1723 2175 384 434
5252 3438 5352 3538 371 421
5100 3505 5200 3605 792 842
1768 2747 1868 2847 711 761
2769 2825 2869 2925 597 647
488 3285 588 3385 436 486
3181 2078 3281 2178 667 717
1525 645 1625 745 467 517
620 1461 720 1561 504 554
5327 2456 5427 2556 511 561
4164 2630 4264 2730 499 549
730 3424 830 3524 622 672
4842 3427 4942 3527 611 661
3508 1262 3608 1362 763 813
4367 3745 4467 3845 711 761
174 1300 274 1400 842 892
188 1022 288 1122 522 572
696 1256 796 1356 486 536
869 3126 969 3226 463 513
3511 2429 3611 2529 492 542
4656 1358 4756 1458 764 814
2635 797 2735 897 558 608
725 469 825 569 574 624
1460 2014 1560 2114 608 658
5574 2321 5674 2421 429 479
903 800 1003 900 776 826
5736 441 5836 541 400 450
1412 2369 1512 2469 711 761
2524 256 2624 356 352 402
3682 1286 3782 1386 785 835
671 2355 771 2455 411 461
5490 389 5590 489 825 875
2087 1324 2187 1424 478 528
749 861 849 961 600 650
4351 1749 4451 1849 757 807
3627 2910 3727 3010 435 485
5359 1077 5459 1177 754 804
1800 980 1900 1080 462 512
769 1860 869 1960 743 793
2333 1277 2433 1377 711 761
1444 1689 1544 1789 505 555
1712 3071 1812 3171 568 618
4973 3700 5073 3800 378 428
4036 1697 4136 1797 489 539
2408 2225 2508 2325 765 815
5562 2475 5662 2575 527 577
1638 1095 1738 1195 526 576
3412 511 3512 611 700 750
652 1824 752 1924 391 441
4602 1761 4702 1861 744 794
3211 2596 3311 2696 860 910
27 3191 127 3291 394 444
4534 2939 4634 3039 832 882
787 2308 887 2408 583 633
1176 660 1276 760 447 497
1451 2969 1551 3069 479 529
1964 3483 2064 3583 347 397
3263 1236 3363 1336 640 690
1572 3748 1672 3848 397 447
5709 977 5809 1077 688 738
2687 1853 2787 1953 626 676
4105 929 4205 1029 811 861
4526 2497 4626 2597 679 729
849 77 949 177 862 912
116 2334 216 2434 570 620
384 1810 484 1910 750 800
93 166 193 266 411 461
4602 2382 4702 2482 779 829
4783 2882 4883 2982 644 694
1404 875 1504 975 411 461
3647 1538 3747 1638 456 506
368 6 468 106 385 435
125 3253 225 3353 430 480
1598 622 1698 722 385 435
4188 2861 4288 2961 648 698
4009 1740 4109 1840 841 891
882 2389 982 2489 345 395
2741 595 2841 695 684 734
2068 3425 2168 3525 360 410
5256 3496 5356 3596 446 496
239 2568 339 2668 575 625
1708 586 1808 686 463 513
3951 3394 4051 3494 413 463
1126 3476 1226 3576 640 690
4397 2983 4497 3083 617 667
5116 79 5216 179 700 750
4182 2883 4282 2983 505 555
4665 521 4765 621 568 618
4089 3280 4189 3380 630 680
4578 552 4678 652 542 592
913 3770 1013 3870 338 388
2075 2927 2175 3027 588 638
134 356 234 456 714 764
5359 2300 5459 2400 775 825
1927 1190 2027 1290 490 540
1438 452 1538 552 617 667
4828 648 4928 748 763 813
156 1944 256 2044 474 524
4059 169 4159 269 439 489
4651 3354 4751 3454 719 769
3336 2076 3436 2176 861 911
4868 1617 4968 1717 424 474
2767 3389 2867 3489 509 559
4005 189 4105 289 401 451
3887 2937 3987 3037 676 726
1966 2792 2066 2892 837 887
1697 1494 1797 1594 861 911
3963 2680 4063 2780 475 525
23 3045 123 3145 800 850
4533 3360 4633 3460 558 608
4420 569 4520 669 598 648
1583 1140 1683 1240 664 714
2365 3007 2465 3107 603 653
895 514 995 614 736 786
2933 3536 3033 3636 559 609
2502 2104 2602 2204 633 683
5269 1447 5369 1547 761 811
3936 1795 4036 1895 617 667
3167 1173 3267 1273 645 695
1863 51 1963 151 364 414
4603 3039 4703 3139 752 802
1371 3297 1471 3397 757 807
5723 1254 5823 1354 595 645
1124 2417 1224 2517 397 447
3862 1284 3962 1384 567 617
5488 1540 5588 1640 484 534
1700 2389 1800 2489 394 444
3620 3075 3720 3175 723 773
5109 3046 5209 3146 800 850
5039 1067 5139 1167 446 496
2320 1739 2420 1839 570 620
843 1991 943 2091 361 411
4921 2035 5021 2135 434 484
1206 111 1306 211 399 449
4631 2805 4731 2905 354 404
2967 104 3067 204 605 655
3921 1196 4021 1296 598 648
2896 2428 2996 2528 858 908
4961 1174 5061 1274 714 764
3845 479 3945 579 631 681
5187 3704 5287 3804 794 844
1372 3458 1472 3558 691 741
832 3534 932 3634 651 701
190 386 290 486 657 707
894 2330 994 2430 829 879
5326 1199 5426 1299 614 664
422 1593 522 1693 802 852
1829 2306 1929 2406 517 567
2554 3885 2654 3985 530 580
575 2197 675 2297 378 428
2944 3847 3044 3947 859 909
3335 1420 3435 1520 809 859
3673 708 3773 808 367 417
3940 470 4040 570 600 650
5259 1718 5359 1818 724 774
563 3084 663 3184 479 529
1636 2207 1736 2307 502 552
4436 70 4536 170 606 656
2207 1155 2307 1255 859 909
5247 549 5347 649 707 757
1925 724 2025 824 468 518
301 2015 401 2115 412 462
2879 2511 2979 2611 527 577
2544 3001 2644 3101 384 434
1055 943 1155 1043 818 868
3597 3044 3697 3144 546 596
2208 2853 2308 2953 576 626
808 2815 908 2915 395 445
2293 2705 2393 2805 524 574
696 2451 796 2551 534 584
415 3779 515 3879 717 767
5530 3839 5630 3939 724 774
1297 2189 1397 2289 381 431
583 3611 683 3711 529 579
3025 1938 3125 2038 682 732
3776 904 3876 1004 803 853
4081 1553 4181 1653 363 413
3256 1577 3356 1677 635 685
4237 3283 4337 3383 464 514
3283 2753 3383 2853 571 621
2075 781 2175 881 715 765
3558 1214 3658 1314 611 661
5326 1571 5426 1671 696 746
124 2560 224 2660 510 560
3926 1998 4026 2098 525 575
3662 2852 3762 2952 357 407
1556 1651 1656 1751 394 444
3877 3257 3977 3357 800 850
4687 3681 4787 3781 792 842
451 1583 551 1683 610 660
2711 1256 2811 1356 343 393
1357 2178 1457 2278 651 701
2984 1056 3084 1156 553 603
5284 1808 5384 1908 487 537
4507 3377 4607 3477 744 794
2813 2963 2913 3063 507 557
3801 799 3901 899 511 561
3938 1143 4038 1243 433 483
4584 2753 4684 2853 859 909
2845 1937 2945 2037 395 445
5711 989 5811 1089 538 588
2116 1192 2216 1292 861 911
3884 3733 3984 3833 450 500
829 1593 929 1693 368 418
5016 3691 5116 3791 809 859
2801 105 2901 205 535 585
4254 2193 4354 2293 787 837
1975 2303 2075 2403 537 587
4960 3417 5060 3517 857 907
1331 3512 1431 3612 573 623
110 1441 210 1541 694 744
3374 3133 3474 3233 542 592
3199 2002 3299 2102 639 689
277 867 377 967 535 585
472 3537 572 3637 403 453
1969 306 2069 406 679 729
2691 1830 2791 1930 855 905
5298 3205 5398 3305 426 476
1634 1134 1734 1234 665 715
3233 3200 3333 3300 690 740
4251 3184 4351 3284 530 580
2211 3589 2311 3689 436 486
4765 41 4865 141 722 772
2862 1397 2962 1497 798 848
2893 1664 2993 1764 812 862
3070 1566 3170 1666 365 415
1572 1414 1672 1514 435 485
2200 759 2300 859 633 683
2599 3239 2699 3339 529 579
3271 2559 3371 2659 364 414
766 3152 866 3252 725 775
796 859 896 959 477 527
1395 772 1495 872 390 440
707 72 807 172 859 909
5302 1599 5402 1699 826 876
2972 2491 3072 2591 482 532
2814 1605 2914 1705 834 884
4447 3630 4547 3730 434 484
2999 3069 3099 3169 819 869
4537 685 4637 785 401 451
4650 2644 4750 2744 434 484
4002 3833 4102 3933 750 800
5414 3484 5514 3584 780 830
1711 3601 1811 3701 545 595
4650 3645 4750 3745 490 540
3223 599 3323 699 681 731
5692 77 5792 177 406 456
3266 1097 3366 1197 675 725
1798 469 1898 569 524 574
3474 1822 3574 1922 526 576
45 1803 145 1903 508 558
1504 3596 1604 3696 628 678
4874 1740 4974 1840 739 789
3992 21 4092 121 383 433
1166 1241 1266 1341 584 634
397 509 497 609 447 497
3647 640 3747 740 809 859
2667 395 2767 495 432 482
4844 3187 4944 3287 666 716
1296 395 1396 495 369 419
2141 1133 2241 1233 376 426
2404 1998 2504 2098 794 844
2328 1198 2428 1298 709 759
4967 2157 5067 2257 421 471
5289 3542 5389 3642 451 501
2853 3052 2953 3152 728 778
633 525 733 625 378 428
1996 1466 2096 1566 636 686
5649 1547 5749 1647 827 877
3108 2589 3208 2689 624 674
18 1376 118 1476 620 670
474 395 574 495 349 399
3292 3636 3392 3736 786 836
2956 2723 3056 2823 478 528
1730 1258 1830 1358 441 491
3713 2886 3813 2986 829 879
1197 2899 1297 2999 650 700
5064 128 5164 228 467 517
2462 818 2562 918 372 422
930 2785 1030 2885 798 848
3943 50 4043 150 599 649
64 3466 164 3566 719 769
2833 1024 2933 1124 395 445
5641 862 5741 962 802 852
1553 3001 1653 3101 406 456
3769 3534 3869 3634 507 557
651 2813 751 2913 655 705
2142 2882 2242 2982 795 845
5719 79 5819 179 459 509
5299 244 5399 344 785 835
1623 1121 1723 1221 716 766
4234 3841 4334 3941 539 589
2946 1197 3046 1297 745 795
1748 3594 1848 3694 618 668
5053 1328 5153 1428 769 819
2033 595 2133 695 785 835
731 1794 831 1894 778 828
2885 1550 2985 1650 507 557
4198 3825 4298 3925 834 884
5131 1115 5231 1215 598 648
3051 1158 3151 1258 367 417
3718 1430 3818 1530 671 721
2418 3574 2518 3674 468 518
2443 3423 2543 3523 452 502
1008 2296 1108 2396 766 816
950 203 1050 303 706 756
240 2527 340 2627 483 533
76 464 176 564 692 742
334 1944 434 2044 654 704
4029 3884 4129 3984 652 702
56 3764 156 3864 339 389
4395 3038 4495 3138 786 836
439 1116 539 1216 512 562
1397 1673 1497 1773 596 646
2536 267 2636 367 484 534
5407 2551 5507 2651 456 506
2299 200 2399 300 437 487
5344 1333 5444 1433 744 794
14 873 114 973 467 517
3512 1552 3612 1652 815 865
3912 961 4012 1061 622 672
3945 2718 4045 2818 793 843
998 2862 1098 2962 722 772
5416 2591 5516 2691 818 868
1726 192 1826 292 800 850
1273 2299 1373 2399 853 903
5539 2954 5639 3054 337 387
4879 1298 4979 1398 747 797
2177 1535 2277 1635 672 722
2737 935 2837 1035 574 624
5397 1861 5497 1961 714 764
2279 324 2379 424 841 891
3396 2902 3496 3002 518 568
236 1466 336 1566 366 416
432 688 532 788 783 833
357 2864 457 2964 863 913
408 2890 508 2990 695 745
1378 2047 1478 2147 670 720
3896 3295 3996 3395 372 422
2555 3430 2655 3530 363 413
1384 1029 1484 1129 397 447
440 1263 540 1363 476 526
5223 3111 5323 3211 804 854
4137 3788 4237 3888 713 763
4875 1068 4975 1168 498 548
4783 3018 4883 3118 516 566
2423 1736 2523 1836 396 446
1200 1321 1300 1421 730 780
716 455 816 555 589 639
1539 1257 1639 1357 632 682
887 2785 987 2885 563 613
4331 3346 4431 3446 632 682
3230 3006 3330 3106 769 819
4874 1974 4974 2074 832 882
4305 2842 4405 2942 495 545
3249 1901 3349 2001 501 551
3531 2697 3631 2797 804 854
4951 3037 5051 3137 386 436
906 2814 1006 2914 676 726
419 2315 519 2415 427 477
487 1070 587 1170 649 699
766 2189 866 2289 385 435
4090 846 4190 946 666 716
2924 1191 3024 1291 584 634
3247 3287 3347 3387 696 746
856 2672 956 2772 393 443
1297 2210 1397 2310 484 534
4977 2140 5077 2240 484 534
2900 1855 3000 1955 514 564
3597 750 3697 850 822 872
4436 3503 4536 3603 659 709
1612 3341 1712 3441 860 910
755 1528 855 1628 509 559
1898 1018 1998 1118 847 897
3439 449 3539 549 388 438
5618 891 5718 991 594 644
1735 2708 1835 2808 344 394
5697 1082 5797 1182 471 521
2034 2485 2134 2585 805 855
3496 2221 3596 2321 545 595
5328 144 5428 244 513 563
4336 1692 4436 1792 654 704
4298 1003 4398 1103 736 786
2703 3736 2803 3836 631 681
4426 2660 4526 2760 833 883
3948 616 4048 716 411 461
3414 3406 3514 3506 619 669
1719 621 1819 721 835 885
3262 3099 3362 3199 582 632
4867 1952 4967 2052 725 775
659 1991 759 2091 546 596
3713 387 3813 487 640 690
3866 575 3966 675 492 542
4656 3403 4756 3503 432 482
4372 3507 4472 3607 672 722
521 273 621 373 799 849
252 1523 352 1623 588 638
4311 417 4411 517 714 764
2110 343 2210 443 761 811
1185 2999 1285 3099 661 711
498 2738 598 2838 337 387
5039 2906 5139 3006 392 442
4938 1696 5038 1796 788 838
950 3131 1050 3231 397 447
715 3082 815 3182 466 516
2483 592 2583 692 520 570
1498 3106 1598 3206 570 620
4682 2878 4782 2978 836 886
1063 3486 1163 3586 431 481
5263 3514 5363 3614 844 894
3002 1283 3102 1383 700 750
714 2085 814 2185 423 473
2184 3713 2284 3813 609 659
780 1862 880 1962 570 620
4394 1675 4494 1775 600 650
1335 506 1435 606 421 471
1292 1623 1392 1723 846 896
1939 1879 2039 1979 611 661
4995 3143 5095 3243 708 758
3345 3365 3445 3465 853 903
750 3092 850 3192 382 432
5270 3067 5370 3167 522 572
2842 1025 2942 1125 803 853
3072 2690 3172 2790 573 623
242 3663 342 3763 419 469
4465 2145 4565 2245 675 725
4780 2311 4880 2411 751 801
1993 1782 2093 1882 652 702
5602 977 5702 1077 439 489
1047 1487 1147 1587 817 867
1549 2411 1649 2511 494 544
1865 1180 1965 1280 805 855
1847 702 1947 802 471 521
1244 20 1344 120 469 519
1008 2264 1108 2364 826 876
2407 63 2507 163 369 419
2182 1809 2282 1909 337 387
1833 2808 1933 2908 646 696
1405 632 1505 732 776 826
1410 1421 1510 1521 542 592
1368 729 1468 829 449 499
5389 1246 5489 1346 581 631
1598 2403 1698 2503 497 547
4767 2607 4867 2707 468 518
3642 1226 3742 1326 413 463
3723 2430 3823 2530 349 399
5238 2824 5338 2924 359 409
210 1379 310 1479 671 721
954 1222 1054 1322 753 803
2090 346 2190 446 728 778
1222 711 1322 811 833 883
5393 261 5493 361 586 636
2652 2063 2752 2163 417 467
1582 1837 1682 1937 547 597
66 1024 166 1124 404 454
4089 636 4189 736 563 613
1446 165 1546 265 835 885
3765 1922 3865 2022 581 631
1003 3789 1103 3889 642 692
5609 188 5709 288 806 856
856 1815 956 1915 534 584
880 3122 980 3222 476 526
1806 1387 1906 1487 572 622
4928 2463 5028 2563 677 727
561 2469 661 2569 641 691
2303 1015 2403 1115 707 757
5712 3315 5812 3415 347 397
2043 3375 2143 3475 367 417
5164 2756 5264 2856 516 566
4997 1933 5097 2033 459 509
2954 1080 3054 1180 401 451
1508 2174 1608 2274 456 506
5495 2560 5595 2660 832 882
5032 1988 5132 2088 670 720
251 413 351 513 841 891
1089 2961 1189 3061 401 451
4974 2855 5074 2955 381 431
474 1673 574 1773 804 854
388 636 488 736 423 473
4564 2371 4664 2471 427 477
4164 1919 4264 2019 400 450
962 3892 1062 3992 591 641
352 3403 452 3503 689 739
351 3762 451 3862 772 822
2542 1502 2642 1602 771 821
1803 299 1903 399 752 802
2224 2038 2324 2138 696 746
62 330 162 430 785 835
4272 1000 4372 1100 772 822
291 2529 391 2629 681 731
4659 2611 4759 2711 455 505
2115 1656 2215 1756 782 832
4467 133 4567 233 503 553
3145 2083 3245 2183 625 675
3078 761 3178 861 680 730
4827 2539 4927 2639 727 777
5507 1877 5607 1977 574 624
5090 2090 5190 2190 793 843
430 0 530 100 572 622
2434 2264 2534 2364 370 420
5169 1607 5269 1707 836 886
660 1764 760 1864 455 505
1345 2256 1445 2356 363 413
2343 1743 2443 1843 811 861
2393 2212 2493 2312 515 565
2851 1425 2951 1525 506 556
4255 936 4355 1036 849 899
95 1106 195 1206 745 795
3988 3451 4088 3551 697 747
3734 3457 3834 3557 755 805
4451 3496 4551 3596 730 780
5114 181 5214 281 439 489
391 1307 491 1407 627 677
2670 1225 2770 1325 348 398
1373 1046 1473 1146 774 824
5337 3520 5437 3620 793 843
5435 2391 5535 2491 786 836
3893 1102 3993 1202 831 881
1325 1076 1425 1176 356 406
1450 815 1550 915 536 586
479 1445 579 1545 696 746
2517 428 2617 528 673 723
4491 669 4591 769 351 401
5128 3548 5228 3648 422 472
2385 3348 2485 3448 401 451
5635 829 5735 929 598 648
1928 2274 2028 2374 348 398
4173 511 4273 611 416 466
4319 1531 4419 1631 450 500
4454 2682 4554 2782 686 736
1826 2326 1926 2426 349 399
496 666 596 766 745 795
2785 2119 2885 2219 659 709
3744 2389 3844 2489 362 412
529 3217 629 3317 609 659
720 263 820 363 771 821
2534 101 2634 201 490 540
3379 3666 3479 3766 525 575
5009 1611 5109 1711 510 560
4567 1288 4667 1388 526 576
1704 2252 1804 2352 428 478
5506 1445 5606 1545 364 414
4971 298 5071 398 682 732
5678 116 5778 216 583 633
5110 2126 5210 2226 360 410
4 2068 104 2168 415 465
887 3462 987 3562 676 726
2817 2145 2917 2245 786 836
4499 3121 4599 3221 712 762
965 911 1065 1011 718 768
5700 232 5800 332 759 809
2513 3777 2613 3877 632 682
215 2926 315 3026 674 724
3298 3495 3398 3595 617 667
4301 2480 4401 2580 827 877
1529 1981 1629 2081 562 612
64 1421 164 1521 573 623
1833 3075 1933 3175 381 431
635 900 735 1000 801 851
236 2983 336 3083 402 452
454 2797 554 2897 798 848
3117 2670 3217 2770 701 751
2979 3266 3079 3366 520 570
3932 1400 4032 1500 822 872
4532 3362 4632 3462 824 874
4203 1913 4303 2013 800 850
5324 1219 5424 1319 410 460
4687 3877 4787 3977 546 596
5671 1849 5771 1949 623 673
2358 1897 2458 1997 814 864
5607 2656 5707 2756 501 551
5089 3724 5189 3824 548 598
1674 3894 1774 3994 454 504
5522 3464 5622 3564 810 860
5088 2550 5188 2650 810 860
1401 627 1501 727 722 772
4288 3663 4388 3763 624 674
5366 765 5466 865 576 626
1158 632 1258 732 745 795
2458 2328 2558 2428 452 502
4489 1615 4589 1715 853 903
2577 1220 2677 1320 788 838
4976 3673 5076 3773 799 849
420 1445 520 1545 696 746
4794 3180 4894 3280 724 774
4624 3558 4724 3658 354 404
1992 1905 2092 2005 550 600
3257 3545 3357 3645 529 579
4511 2344 4611 2444 546 596
649 609 749 709 855 905
3388 3819 3488 3919 396 446
2807 3067 2907 3167 440 490
917 3678 1017 3778 824 874
1803 3611 1903 3711 396 446
3656 366 3756 466 660 710
79 3702 179 3802 523 573
1571 2581 1671 2681 447 497
1972 2125 2072 2225 751 801
783 3556 883 3656 591 641
4227 2171 4327 2271 780 830
3180 2520 3280 2620 459 509
3804 705 3904 805 602 652
5445 1698 5545 1798 577 627
4591 2839 4691 2939 535 585
1021 1038 1121 1138 634 684
378 2747 478 2847 855 905
3510 790 3610 890 494 544
4883 1326 4983 1426 365 415
3015 2625 3115 2725 427 477
5360 13 5460 113 561 611
4000 3621 4100 3721 600 650
2870 1955 2970 2055 781 831
5102 1541 5202 1641 499 549
4190 1995 4290 2095 464 514
2213 861 2313 961 506 556
2306 1318 2406 1418 733 783
5011 1620 5111 1720 353 403
839 3671 939 3771 634 684
5081 561 5181 661 433 483
4474 3686 4574 3786 488 538
773 3199 873 3299 507 557
3106 1671 3206 1771 797 847
2798 3419 2898 3519 688 738
1320 1664 1420 1764 387 437
5663 19 5763 119 725 775
3918 96 4018 196 446 496
1353 1698 1453 1798 509 559
92 2256 192 2356 742 792
2107 3738 2207 3838 752 802
2441 652 2541 752 547 597
133 2970 233 3070 571 621
3550 105 3650 205 384 434
381 1969 481 2069 498 548
1811 2303 1911 2403 660 710
949 1449 1049 1549 752 802
5112 289 5212 389 580 630
3195 1570 3295 1670 346 396
5556 3429 5656 3529 487 537
5596 638 5696 738 470 520
36 1130 136 1230 385 435
1085 859 1185 959 703 753
1259 2198 1359 2298 352 402
3430 3202 3530 3302 549 599
1771 106 1871 206 403 453
473 2708 573 2808 813 863
2301 1413 2401 1513 614 664
3822 193 3922 293 483 533
4859 668 4959 768 401 451
1616 2451 1716 2551 419 469
3810 3607 3910 3707 633 683
350 3765 450 3865 387 437
3493 3628 3593 3728 378 428
5414 3461 5514 3561 786 836
2619 1536 2719 1636 380 430
2722 2012 2822 2112 758 808
457 3660 557 3760 480 530
5483 24 5583 124 710 760
1930 1850 2030 1950 812 862
819 3594 919 3694 383 433
4811 2439 4911 2539 365 415
229 2938 329 3038 687 737
3325 1508 3425 1608 531 581
1531 2155 1631 2255 435 485
1522 293 1622 393 841 891
5110 3376 5210 3476 457 507
1209 1148 1309 1248 506 556
1225 2950 1325 3050 424 474
3165 2548 3265 2648 465 515
2209 720 2309 820 779 829
2847 3252 2947 3352 446 496
481 3472 581 3572 568 618
2489 3488 2589 3588 669 719
3837 349 3937 449 517 567
2767 2407 2867 2507 572 622
1605 1965 1705 2065 619 669
1375 328 1475 428 606 656
3274 1560 3374 1660 564 614
1301 707 1401 807 605 655
5504 3427 5604 3527 512 562
828 627 928 727 401 451
3120 3558 3220 3658 780 830
1247 3035 1347 3135 399 449
5549 33 5649 133 355 405
3666 3162 3766 3262 533 583
4510 2256 4610 2356 732 782
5063 3228 5163 3328 811 861
1147 3183 1247 3283 666 716
3988 2147 4088 2247 389 439
4033 564 4133 664 456 506
2655 2028 2755 2128 386 436
4665 1177 4765 1277 452 502
5657 3445 5757 3545 759 809
2110 1291 2210 1391 412 462
3508 3266 3608 3366 598 648
4525 614 4625 714 451 501
5638 1860 5738 1960 655 705
2868 2846 2968 2946 816 866
2629 126 2729 226 494 544
4003 2645 4103 2745 626 676
2354 2073 2454 2173 811 861
1635 257 1735 357 667 717
2880 670 2980 770 389 439
2284 245 2384 345 592 642
4237 3234 4337 3334 366 416
25 341 125 441 474 524
3840 3828 3940 3928 636 686
5576 1074 5676 1174 629 679
2766 2688 2866 2788 610 660
3007 1575 3107 1675 357 407
319 2412 419 2512 535 585
2379 1923 2479 2023 683 733
272 3668 372 3768 680 730
2091 1473 2191 1573 625 675
1351 1927 1451 2027 501 551
2824 2885 2924 2985 749 799
4726 2703 4826 2803 466 516
1191 708 1291 808 653 703
4848 1331 4948 1431 549 599
3016 1414 3116 1514 488 538
4916 273 5016 373 554 604
2826 3836 2926 3936 551 601
1964 174 2064 274 840 890
1142 3187 1242 3287 507 557
4128 1058 4228 1158 435 485
2395 954 2495 1054 605 655
1023 3489 1123 3589 569 619
461 68 561 168 399 449
3025 92 3125 192 820 870
968 3529 1068 3629 655 705
3481 1480 3581 1580 438 488
1991 3663 2091 3763 399 449
4979 1286 5079 1386 833 883
3291 167 3391 267 491 541
5505 552 5605 652 649 699
4931 526 5031 626 807 857
2145 274 2245 374 823 873
436 3624 536 3724 748 798
743 2600 843 2700 841 891
93 3634 193 3734 847 897
1493 1905 1593 2005 786 836
73 2320 173 2420 577 627
5061 1654 5161 1754 810 860
4694 922 4794 1022 776 826
1062 2845 1162 2945 482 532
2916 1549 3016 1649 619 669
1046 3820 1146 3920 792 842
1284 657 1384 757 356 406
4820 3066 4920 3166 648 698
5021 3330 5121 3430 824 874
268 209 368 309 510 560
666 3026 766 3126 449 499
4959 15 5059 115 821 871
2522 1647 2622 1747 583 633
1346 812 1446 912 397 447
5557 3560 5657 3660 361 411
1435 1797 1535 1897 745 795
379 259 479 359 691 741
4508 1668 4608 1768 543 593
4812 810 4912 910 503 553
3366 3867 3466 3967 855 905
3098 3114 3198 3214 681 731
811 2213 911 2313 782 832
1484 1045 1584 1145 353 403
3773 3679 3873 3779 849 899
1149 2865 1249 2965 720 770
5389 376 5489 476 682 732
863 389 963 489 449 499
42 1222 142 1322 397 447
4222 2980 4322 3080 503 553
1463 1337 1563 1437 715 765
5291 3506 5391 3606 464 514
4299 1350 4399 1450 481 531
4654 1674 4754 1774 432 482
4203 1497 4303 1597 756 806
5667 2261 5767 2361 827 877
5669 366 5769 466 645 695
66 880 166 980 665 715
2732 3055 2832 3155 627 677
709 2156 809 2256 840 890
5314 264 5414 364 458 508
5332 84 5432 184 708 758
2536 1991 2636 2091 366 416
1885 2097 1985 2197 689 739
160 3299 260 3399 624 674
5002 2506 5102 2606 477 527
110 627 210 727 517 567
3590 707 3690 807 627 677
4338 1756 4438 1856 351 401
2227 2789 2327 2889 424 474
2071 1964 2171 2064 484 534
1494 1900 1594 2000 769 819
3042 3058 3142 3158 569 619
3444 3750 3544 3850 857 907
3080 3617 3180 3717 560 610
534 3841 634 3941 470 520
3802 3231 3902 3331 408 458
498 3567 598 3667 475 525
3520 2586 3620 2686 782 832
1427 105 1527 205 828 878
5289 1758 5389 1858 779 829
4534 2328 4634 2428 488 538
5006 1420 5106 1520 853 903
77 385 177 485 685 735
5329 896 5429 996 604 654
3108 1798 3208 1898 469 519
4822 203 4922 303 805 855
4106 2876 4206 2976 584 634
2132 1646 2232 1746 381 431
1079 817 1179 917 732 782
2210 1140 2310 1240 805 855
5097 383 5197 483 477 527
4696 2374 4796 2474 855 905
2991 55 3091 155 670 720
2973 1920 3073 2020 765 815
4801 3466 4901 3566 655 705
2550 3299 2650 3399 480 530
2624 640 2724 740 385 435
1766 2752 1866 2852 661 711
232 934 332 1034 514 564
5438 473 5538 573 804 854
2231 837 2331 937 624 674
4693 2522 4793 2622 406 456
3279 783 3379 883 348 398
3092 2025 3192 2125 477 527
365 658 465 758 702 752
2479 522 2579 622 381 431
1202 949 1302 1049 606 656
3878 2851 3978 2951 742 792
1441 1014 1541 1114 425 475
2716 691 2816 791 392 442
406 988 506 1088 841 891
149 332 249 432 586 636
1212 1393 1312 1493 672 722
4225 653 4325 753 393 443
3587 1506 3687 1606 507 557
2406 599 2506 699 621 671
5506 633 5606 733 430 480
322 3236 422 3336 426 476
1022 3499 1122 3599 372 422
2391 2239 2491 2339 383 433
2005 1845 2105 1945 435 485
4408 1452 4508 1552 352 402
3366 2028 3466 2128 407 457
1872 3630 1972 3730 405 455
4005 1624 4105 1724 739 789
2530 2130 2630 2230 428 478
552 1892 652 1992 634 684
1248 2799 1348 2899 631 681
91 2454 191 2554 464 514
4159 386 4259 486 556 606
1669 3624 1769 3724 567 617
591 2549 691 2649 537 587
985 931 1085 1031 502 552
5024 803 5124 903 473 523
237 288 337 388 835 885
3658 1292 3758 1392 374 424
545 438 645 538 433 483
4135 1169 4235 1269 474 524
1635 2594 1735 2694 656 706
229 1669 329 1769 786 836
2632 2985 2732 3085 638 688
4062 3629 4162 3729 436 486
35 1282 135 1382 464 514
2691 2484 2791 2584 496 546
138 88 238 188 341 391
1705 1997 1805 2097 416 466
4610 2412 4710 2512 724 774
2324 563 2424 663 586 636
1463 3587 1563 3687 337 387
3602 2031 3702 2131 784 834
5392 3284 5492 3384 675 725
3096 2637 3196 2737 846 896
1677 2791 1777 2891 821 871
3947 625 4047 725 388 438
850 3514 950 3614 388 438
2685 2783 2785 2883 417 467
500 407 600 507 565 615
37 3582 137 3682 848 898
3649 2001 3749 2101 508 558
5133 769 5233 869 725 775
4015 2770 4115 2870 384 434
1962 2578 2062 2678 488 538
673 2741 773 2841 710 760
27 1538 127 1638 690 740
967 1020 1067 1120 808 858
3176 1475 3276 1575 791 841
5678 294 5778 394 395 445
2724 412 2824 512 769 819
109 2998 209 3098 715 765
4103 2845 4203 2945 834 884
4559 1621 4659 1721 486 536
4109 906 4209 1006 498 548
1075 3083 1175 3183 690 740
2338 1630 2438 1730 662 712
4848 1529 4948 1629 819 869
2451 1620 2551 1720 392 442
4251 3900 4351 4000 725 775
2824 1575 2924 1675 379 429
494 3009 594 3109 375 425
5020 88 5120 188 715 765
3333 1238 3433 1338 510 560
825 695 925 795 345 395
1700 3591 1800 3691 483 533
786 1015 886 1115 847 897
3691 1394 3791 1494 715 765
4416 1689 4516 1789 383 433
2119 2030 2219 2130 706 756
1934 1576 2034 1676 856 906
5557 1257 5657 1357 784 834
4603 3073 4703 3173 696 746
4205 2488 4305 2588 417 467
4296 3677 4396 3777 521 571
5733 1260 5833 1360 598 648
4553 2036 4653 2136 494 544
1338 3484 1438 3584 562 612
1690 2723 1790 2823 712 762
4149 2477 4249 2577 624 674
3464 3040 3564 3140 569 619
2914 2172 3014 2272 485 535
1501 217 1601 317 471 521
4988 22 5088 122 743 793
158 3206 258 3306 677 727
2604 222 2704 322 681 731
3023 1955 3123 2055 580 630
4308 3480 4408 3580 701 751
5012 2427 5112 2527 437 487
2951 1664 3051 1764 371 421
2377 1191 2477 1291 363 413
373 2582 473 2682 703 753
3726 2293 3826 2393 374 424
5423 1660 5523 1760 773 823
3607 673 3707 773 774 824
5399 2524 5499 2624 631 681
1017 3002 1117 3102 454 504
3281 3121 3381 3221 790 840
4402 1623 4502 1723 682 732
3054 2693 3154 2793 421 471
1909 3214 2009 3314 659 709
3455 3513 3555 3613 544 594
2320 789 2420 889 805 855
2555 3422 2655 3522 747 797
3729 792 3829 892 415 465
3846 3129 3946 3229 766 816
3451 2488 3551 2588 763 813
1908 3558 2008 3658 808 858
1110 1863 1210 1963 600 650
2194 1532 2294 1632 760 810
4673 2389 4773 2489 767 817
530 922 630 1022 608 658
