1000
3174 506 3224 556 365 415
632 1018 682 1068 475 525
1680 3391 1730 3441 372 422
5481 3514 5531 3564 341 391
5578 3422 5628 3472 370 420
4227 121 4277 171 525 575
5515 3436 5565 3486 849 899
3914 2874 3964 2924 602 652
5394 2363 5444 2413 488 538
742 2657 792 2707 818 868
3971 1814 4021 1864 824 874
1070 4 1120 54 738 788
2457 2667 2507 2717 636 686
477 2542 527 2592 650 700
4846 1157 4896 1207 706 756
2322 152 2372 202 851 901
321 570 371 620 703 753
3304 920 3354 970 368 418
4969 978 5019 1028 742 792
4645 25 4695 75 342 392
5059 3832 5109 3882 560 610
1166 3280 1216 3330 720 770
5468 933 5518 983 782 832
338 2068 388 2118 536 586
2183 461 2233 511 710 760
5057 3496 5107 3546 389 439
4969 2788 5019 2838 679 729
1336 2979 1386 3029 733 783
2905 907 2955 957 521 571
1614 1994 1664 2044 607 657
4687 2596 4737 2646 559 609
3717 3220 3767 3270 406 456
663 363 713 413 532 582
1669 1367 1719 1417 692 742
634 708 684 758 644 694
482 2376 532 2426 385 435
5440 1403 5490 1453 386 436
3651 1795 3701 1845 596 646
4820 1906 4870 1956 789 839
104 3529 154 3579 800 850
1828 1989 1878 2039 339 389
1054 1913 1104 1963 664 714
179 3305 229 3355 351 401
3472 361 3522 411 437 487
3808 712 3858 762 744 794
2052 3239 2102 3289 797 847
1854 761 1904 811 619 669
2208 1183 2258 1233 787 837
5091 904 5141 954 842 892
3891 903 3941 953 345 395
4579 1774 4629 1824 637 687
3769 2260 3819 2310 852 902
1302 1690 1352 1740 846 896
2644 998 2694 1048 818 868
1017 1683 1067 1733 405 455
4395 3638 4445 3688 507 557
4926 2456 4976 2506 368 418
1789 1496 1839 1546 857 907
783 2028 833 2078 509 559
350 1579 400 1629 562 612
5241 1574 5291 1624 478 528
4097 3472 4147 3522 479 529
5099 2590 5149 2640 634 684
3119 3242 3169 3292 858 908
5617 2846 5667 2896 451 501
318 970 368 1020 495 545
3750 3943 3800 3993 510 560
5307 1314 5357 1364 510 560
1524 2212 1574 2262 755 805
1683 1210 1733 1260 643 693
99 130 149 180 355 405
4389 2099 4439 2149 668 718
1373 3372 1423 3422 608 658
4138 3303 4188 3353 682 732
3247 2822 3297 2872 709 759
5646 934 5696 984 605 655
4459 1447 4509 1497 514 564
3351 33 3401 83 717 767
4529 2396 4579 2446 611 661
2831 3782 2881 3832 701 751
5285 2280 5335 2330 468 518
423 2477 473 2527 704 754
943 2683 993 2733 343 393
2356 3450 2406 3500 421 471
188 1826 238 1876 365 415
5713 2875 5763 2925 735 785
161 2335 211 2385 647 697
1851 1523 1901 1573 624 674
2317 2504 2367 2554 413 463
1015 2788 1065 2838 434 484
2759 571 2809 621 384 434
1208 810 1258 860 651 701
4923 2457 4973 2507 569 619
1630 200 1680 250 683 733
4703 1232 4753 1282 739 789
5523 3311 5573 3361 572 622
5735 74 5785 124 340 390
3298 2797 3348 2847 461 511
865 3754 915 3804 582 632
1288 2344 1338 2394 559 609
3596 2021 3646 2071 453 503
4751 102 4801 152 528 578
5162 1499 5212 1549 834 884
1737 1113 1787 1163 588 638
1751 2816 1801 2866 381 431
3989 959 4039 1009 340 390
5651 3240 5701 3290 662 712
942 391 992 441 507 557
2141 2592 2191 2642 499 549
3522 954 3572 1004 633 683
5264 3212 5314 3262 744 794
3722 3742 3772 3792 438 488
1131 3885 1181 3935 572 622
1086 3511 1136 3561 381 431
4618 982 4668 1032 685 735
332 2074 382 2124 495 545
5523 2330 5573 2380 699 749
1653 2947 1703 2997 555 605
828 2066 878 2116 594 644
900 1053 950 1103 367 417
4694 3266 4744 3316 744 794
251 805 301 855 717 767
3498 2381 3548 2431 846 896
1984 1980 2034 2030 838 888
3130 2616 3180 2666 756 806
3195 2139 3245 2189 477 527
3238 2723 3288 2773 482 532
1875 1628 1925 1678 528 578
1077 515 1127 565 704 754
1711 3138 1761 3188 447 497
2410 3940 2460 3990 788 838
2307 421 2357 471 507 557
362 1156 412 1206 570 620
4875 1986 4925 2036 666 716
1537 643 1587 693 801 851
1026 3893 1076 3943 491 541
2869 275 2919 325 760 810
5597 931 5647 981 632 682
4363 1164 4413 1214 804 854
1306 183 1356 233 351 401
4414 2894 4464 2944 621 671
251 87 301 137 723 773
4120 2837 4170 2887 442 492
5572 3747 5622 3797 574 624
4365 1238 4415 1288 357 407
3790 3625 3840 3675 384 434
5507 1699 5557 1749 532 582
2130 34 2180 84 392 442
5568 2714 5618 2764 707 757
5066 3334 5116 3384 682 732
1524 2380 1574 2430 593 643
4102 3686 4152 3736 566 616
1468 2968 1518 3018 735 785
1584 3746 1634 3796 767 817
5108 2342 5158 2392 389 439
3588 1373 3638 1423 794 844
220 3546 270 3596 541 591
2705 2546 2755 2596 550 600
9 0 59 50 484 534
1656 3757 1706 3807 430 480
910 1151 960 1201 498 548
3320 74 3370 124 578 628
2263 3760 2313 3810 348 398
2567 1513 2617 1563 780 830
1989 3220 2039 3270 621 671
739 486 789 536 337 387
4308 2292 4358 2342 608 658
5309 3256 5359 3306 522 572
895 358 945 408 375 425
3874 2096 3924 2146 353 403
1316 1320 1366 1370 470 520
3428 354 3478 404 449 499
3341 2667 3391 2717 429 479
5177 2627 5227 2677 517 567
1599 597 1649 647 387 437
2762 61 2812 111 621 671
4012 692 4062 742 424 474
5065 808 5115 858 518 568
935 2687 985 2737 431 481
1652 2848 1702 2898 534 584
702 2918 752 2968 363 413
4072 1896 4122 1946 457 507
2955 3468 3005 3518 483 533
3284 1561 3334 1611 594 644
852 492 902 542 657 707
5232 1465 5282 1515 724 774
2638 2471 2688 2521 726 776
3547 1399 3597 1449 340 390
4871 794 4921 844 552 602
3967 656 4017 706 455 505
2491 223 2541 273 388 438
2679 646 2729 696 513 563
5199 1431 5249 1481 789 839
731 1248 781 1298 421 471
3425 2750 3475 2800 379 429
2361 116 2411 166 665 715
4071 1734 4121 1784 473 523
4416 1426 4466 1476 845 895
4243 1879 4293 1929 633 683
1791 2881 1841 2931 402 452
2263 2579 2313 2629 415 465
4320 1724 4370 1774 769 819
5599 669 5649 719 559 609
3652 2082 3702 2132 368 418
1001 3501 1051 3551 376 426
1899 2141 1949 2191 353 403
5128 877 5178 927 337 387
3118 970 3168 1020 381 431
933 2658 983 2708 630 680
2647 3539 2697 3589 407 457
5447 3649 5497 3699 647 697
4244 817 4294 867 356 406
1784 891 1834 941 675 725
2349 2818 2399 2868 696 746
779 827 829 877 395 445
5043 2743 5093 2793 619 669
3002 2700 3052 2750 667 717
1757 1461 1807 1511 681 731
4855 994 4905 1044 385 435
5587 2094 5637 2144 767 817
801 897 851 947 365 415
3243 1009 3293 1059 529 579
5339 3644 5389 3694 383 433
2514 1195 2564 1245 624 674
1292 3380 1342 3430 810 860
632 527 682 577 421 471
4707 86 4757 136 593 643
2869 3791 2919 3841 374 424
2670 647 2720 697 799 849
2564 1003 2614 1053 830 880
5668 2652 5718 2702 777 827
4473 840 4523 890 720 770
163 674 213 724 563 613
2801 2823 2851 2873 774 824
3130 1466 3180 1516 577 627
3478 3486 3528 3536 784 834
3091 3124 3141 3174 639 689
2632 1256 2682 1306 668 718
2567 1665 2617 1715 601 651
3828 3628 3878 3678 484 534
1944 2213 1994 2263 353 403
3690 1070 3740 1120 799 849
401 3828 451 3878 506 556
4117 96 4167 146 833 883
5604 2836 5654 2886 838 888
4316 1593 4366 1643 826 876
831 3060 881 3110 798 848
1288 897 1338 947 558 608
327 517 377 567 696 746
4130 3483 4180 3533 734 784
4048 2281 4098 2331 539 589
5346 2896 5396 2946 422 472
2340 1250 2390 1300 820 870
2178 986 2228 1036 444 494
1584 3299 1634 3349 636 686
523 3668 573 3718 815 865
954 2051 1004 2101 783 833
468 1348 518 1398 516 566
5069 1967 5119 2017 859 909
2710 37 2760 87 379 429
4883 510 4933 560 375 425
4346 2089 4396 2139 481 531
2436 1093 2486 1143 553 603
1126 2148 1176 2198 781 831
3219 175 3269 225 830 880
262 591 312 641 378 428
198 2931 248 2981 401 451
327 1849 377 1899 391 441
627 2552 677 2602 681 731
3666 2184 3716 2234 727 777
4827 424 4877 474 394 444
2916 3436 2966 3486 752 802
298 437 348 487 402 452
511 2020 561 2070 848 898
554 378 604 428 724 774
1568 2868 1618 2918 531 581
5214 2612 5264 2662 758 808
2068 2101 2118 2151 532 582
2348 2232 2398 2282 354 404
3243 3524 3293 3574 550 600
4903 988 4953 1038 744 794
5585 856 5635 906 856 906
4846 1506 4896 1556 446 496
3697 235 3747 285 768 818
1664 1982 1714 2032 596 646
1656 1574 1706 1624 756 806
1544 3249 1594 3299 391 441
3608 587 3658 637 439 489
5662 2270 5712 2320 552 602
2522 2363 2572 2413 445 495
1361 903 1411 953 440 490
4408 2921 4458 2971 541 591
1291 1465 1341 1515 646 696
2047 2148 2097 2198 445 495
3337 3168 3387 3218 347 397
1264 180 1314 230 352 402
552 1676 602 1726 713 763
1401 3255 1451 3305 475 525
2809 1108 2859 1158 711 761
5405 2877 5455 2927 713 763
4410 1706 4460 1756 342 392
4651 1971 4701 2021 395 445
4581 343 4631 393 513 563
1843 2887 1893 2937 762 812
2741 908 2791 958 564 614
711 1547 761 1597 589 639
3112 3721 3162 3771 749 799
2249 2141 2299 2191 412 462
1518 1152 1568 1202 546 596
1939 3554 1989 3604 641 691
5428 1020 5478 1070 631 681
3980 731 4030 781 394 444
4507 732 4557 782 451 501
3410 1391 3460 1441 630 680
3060 2373 3110 2423 834 884
656 2280 706 2330 516 566
992 1546 1042 1596 376 426
5612 40 5662 90 434 484
5215 1161 5265 1211 510 560
4136 3798 4186 3848 821 871
434 705 484 755 667 717
3071 1258 3121 1308 396 446
1735 3287 1785 3337 739 789
5320 357 5370 407 426 476
1154 2517 1204 2567 583 633
174 514 224 564 447 497
509 1292 559 1342 526 576
56 3714 106 3764 423 473
4680 1426 4730 1476 767 817
5610 56 5660 106 633 683
5596 1345 5646 1395 643 693
4585 3047 4635 3097 521 571
110 2613 160 2663 853 903
1217 3770 1267 3820 761 811
5285 2071 5335 2121 353 403
820 1806 870 1856 419 469
1441 572 1491 622 403 453
1817 1521 1867 1571 682 732
5524 3413 5574 3463 593 643
5635 2310 5685 2360 556 606
5416 1767 5466 1817 629 679
524 3373 574 3423 580 630
3383 2770 3433 2820 431 481
4266 1261 4316 1311 824 874
792 3048 842 3098 470 520
485 3173 535 3223 359 409
5328 2778 5378 2828 705 755
3404 26 3454 76 741 791
4789 1723 4839 1773 808 858
3116 1695 3166 1745 554 604
1195 2604 1245 2654 463 513
3923 634 3973 684 338 388
2791 1563 2841 1613 484 534
3997 3022 4047 3072 531 581
1280 1984 1330 2034 532 582
258 968 308 1018 487 537
1105 3868 1155 3918 473 523
3004 125 3054 175 432 482
220 784 270 834 415 465
1896 2753 1946 2803 607 657
2062 2705 2112 2755 742 792
3658 278 3708 328 598 648
1016 3040 1066 3090 360 410
4500 44 4550 94 544 594
2419 149 2469 199 732 782
4522 906 4572 956 448 498
48 3553 98 3603 792 842
2020 1328 2070 1378 530 580
674 2518 724 2568 500 550
4670 3203 4720 3253 712 762
2272 603 2322 653 541 591
4687 1005 4737 1055 842 892
5321 3263 5371 3313 523 573
440 2245 490 2295 699 749
100 2025 150 2075 801 851
2441 1701 2491 1751 683 733
3484 494 3534 544 365 415
2767 46 2817 96 463 513
1039 1520 1089 1570 573 623
5745 981 5795 1031 638 688
1301 695 1351 745 842 892
4948 2126 4998 2176 538 588
3237 3097 3287 3147 501 551
2095 81 2145 131 350 400
2382 3433 2432 3483 527 577
4052 3855 4102 3905 698 748
245 1744 295 1794 734 784
3647 401 3697 451 525 575
5682 3902 5732 3952 376 426
3916 608 3966 658 366 416
1571 1176 1621 1226 484 534
5175 3789 5225 3839 609 659
5476 256 5526 306 475 525
353 1519 403 1569 350 400
1908 3672 1958 3722 723 773
978 2343 1028 2393 373 423
2084 2391 2134 2441 712 762
3949 36 3999 86 649 699
4129 3369 4179 3419 587 637
5108 3057 5158 3107 726 776
5766 2303 5816 2353 598 648
3910 2278 3960 2328 441 491
1575 2281 1625 2331 725 775
5409 2762 5459 2812 584 634
4270 1448 4320 1498 659 709
1396 2607 1446 2657 854 904
554 1176 604 1226 461 511
3903 464 3953 514 561 611
2628 515 2678 565 720 770
2231 2282 2281 2332 647 697
3995 2794 4045 2844 361 411
2103 1608 2153 1658 650 700
1504 1421 1554 1471 380 430
5434 808 5484 858 769 819
4406 3234 4456 3284 496 546
3941 278 3991 328 523 573
3626 3697 3676 3747 685 735
1052 3384 1102 3434 852 902
5659 2552 5709 2602 651 701
5755 1721 5805 1771 402 452
2602 363 2652 413 344 394
2237 221 2287 271 660 710
5369 3948 5419 3998 779 829
4567 3898 4617 3948 348 398
4647 1022 4697 1072 399 449
400 2942 450 2992 544 594
3059 2962 3109 3012 504 554
5780 91 5830 141 689 739
2742 1130 2792 1180 850 900
5191 977 5241 1027 464 514
5327 2690 5377 2740 413 463
1798 669 1848 719 711 761
4305 5 4355 55 373 423
2843 167 2893 217 597 647
166 2779 216 2829 539 589
1872 1387 1922 1437 523 573
2239 2549 2289 2599 539 589
494 2922 544 2972 711 761
5006 2969 5056 3019 702 752
5492 2637 5542 2687 367 417
5512 257 5562 307 791 841
1943 2005 1993 2055 697 747
26 1018 76 1068 364 414
5245 3238 5295 3288 643 693
1680 1002 1730 1052 633 683
5321 926 5371 976 772 822
4061 2719 4111 2769 440 490
4665 2746 4715 2796 756 806
2393 3821 2443 3871 410 460
2904 594 2954 644 489 539
372 1552 422 1602 496 546
536 3674 586 3724 473 523
1169 2663 1219 2713 427 477
4987 1898 5037 1948 801 851
510 1327 560 1377 832 882
1313 833 1363 883 830 880
2006 2789 2056 2839 438 488
5648 2825 5698 2875 352 402
3782 3276 3832 3326 677 727
479 1891 529 1941 592 642
928 3028 978 3078 470 520
3340 339 3390 389 669 719
3720 2962 3770 3012 755 805
584 3002 634 3052 763 813
1239 3439 1289 3489 674 724
4523 3671 4573 3721 408 458
726 564 776 614 679 729
3670 620 3720 670 354 404
5404 2241 5454 2291 863 913
5143 3875 5193 3925 707 757
2589 1395 2639 1445 691 741
599 1823 649 1873 461 511
1118 2075 1168 2125 376 426
5499 355 5549 405 428 478
3423 2716 3473 2766 433 483
2362 2827 2412 2877 369 419
1846 3859 1896 3909 708 758
145 1766 195 1816 464 514
598 1540 648 1590 828 878
5598 236 5648 286 821 871
5139 1263 5189 1313 841 891
922 2791 972 2841 767 817
2411 22 2461 72 734 784
3658 3523 3708 3573 553 603
5185 3339 5235 3389 688 738
384 797 434 847 544 594
2152 3494 2202 3544 370 420
5376 1798 5426 1848 512 562
4122 3053 4172 3103 704 754
3501 1497 3551 1547 760 810
1336 3541 1386 3591 654 704
5675 3172 5725 3222 764 814
1158 731 1208 781 616 666
3086 3130 3136 3180 382 432
4927 950 4977 1000 698 748
802 1581 852 1631 603 653
2351 224 2401 274 412 462
3183 1963 3233 2013 434 484
5641 1761 5691 1811 439 489
2222 2996 2272 3046 672 722
5186 503 5236 553 732 782
4213 3012 4263 3062 691 741
5695 1061 5745 1111 392 442
3631 3489 3681 3539 648 698
3520 2751 3570 2801 742 792
341 1562 391 1612 524 574
3574 1612 3624 1662 519 569
3482 3947 3532 3997 851 901
3348 724 3398 774 560 610
5097 1386 5147 1436 663 713
1419 2787 1469 2837 837 887
1917 1671 1967 1721 532 582
3050 828 3100 878 425 475
3247 3094 3297 3144 421 471
377 708 427 758 421 471
2277 962 2327 1012 775 825
5352 132 5402 182 637 687
1499 1144 1549 1194 567 617
1884 2414 1934 2464 459 509
2185 1906 2235 1956 434 484
112 2257 162 2307 355 405
2792 1917 2842 1967 783 833
4320 109 4370 159 847 897
4525 1515 4575 1565 791 841
704 1362 754 1412 660 710
5385 31 5435 81 781 831
4651 3056 4701 3106 400 450
3990 2189 4040 2239 612 662
2121 2776 2171 2826 706 756
3359 2627 3409 2677 503 553
1480 218 1530 268 619 669
2997 3 3047 53 642 692
5007 475 5057 525 399 449
1621 2126 1671 2176 717 767
2263 3924 2313 3974 855 905
3334 720 3384 770 656 706
5176 838 5226 888 835 885
4245 2510 4295 2560 800 850
4023 641 4073 691 750 800
2067 1046 2117 1096 381 431
820 3404 870 3454 792 842
3030 3170 3080 3220 375 425
3495 1445 3545 1495 625 675
2611 3008 2661 3058 824 874
4954 2483 5004 2533 809 859
5108 9 5158 59 348 398
2698 1068 2748 1118 688 738
3076 1841 3126 1891 548 598
1950 2903 2000 2953 649 699
1204 2148 1254 2198 340 390
369 2052 419 2102 493 543
4021 3733 4071 3783 843 893
234 1207 284 1257 784 834
2255 1916 2305 1966 826 876
3028 2856 3078 2906 862 912
3257 869 3307 919 687 737
1211 3887 1261 3937 747 797
213 2546 263 2596 822 872
4254 2984 4304 3034 662 712
3873 2890 3923 2940 599 649
2430 938 2480 988 801 851
3215 1299 3265 1349 776 826
4760 3406 4810 3456 514 564
4956 3784 5006 3834 639 689
4096 608 4146 658 442 492
4443 615 4493 665 724 774
2214 575 2264 625 433 483
3912 757 3962 807 629 679
5336 3102 5386 3152 406 456
4718 919 4768 969 739 789
4126 2017 4176 2067 828 878
4380 1900 4430 1950 636 686
65 3169 115 3219 448 498
4931 2748 4981 2798 517 567
5544 3646 5594 3696 838 888
5530 3826 5580 3876 794 844
4207 3299 4257 3349 397 447
1619 2563 1669 2613 805 855
844 78 894 128 861 911
2504 1560 2554 1610 629 679
2013 688 2063 738 606 656
4204 650 4254 700 702 752
191 3474 241 3524 860 910
1788 2463 1838 2513 756 806
4134 104 4184 154 352 402
3137 1497 3187 1547 665 715
729 178 779 228 500 550
2585 35 2635 85 758 808
1799 2475 1849 2525 344 394
2625 3150 2675 3200 637 687
3147 430 3197 480 845 895
3140 2586 3190 2636 590 640
1355 3585 1405 3635 627 677
1227 2313 1277 2363 816 866
592 2553 642 2603 405 455
3548 3775 3598 3825 836 886
301 2645 351 2695 632 682
4648 3119 4698 3169 664 714
3128 1435 3178 1485 415 465
5541 1264 5591 1314 763 813
5023 2388 5073 2438 775 825
5702 3442 5752 3492 661 711
4839 1807 4889 1857 474 524
1173 82 1223 132 573 623
5426 446 5476 496 856 906
4443 2026 4493 2076 525 575
2427 1315 2477 1365 564 614
4911 3856 4961 3906 472 522
5070 1497 5120 1547 717 767
2421 1080 2471 1130 769 819
2122 3597 2172 3647 640 690
2205 1264 2255 1314 844 894
3737 3203 3787 3253 694 744
5583 3848 5633 3898 431 481
2413 1711 2463 1761 756 806
2825 3662 2875 3712 349 399
1029 3864 1079 3914 594 644
4027 2496 4077 2546 563 613
4151 2406 4201 2456 679 729
1871 2687 1921 2737 420 470
4278 1969 4328 2019 861 911
4264 682 4314 732 401 451
2314 843 2364 893 348 398
5575 2657 5625 2707 711 761
5019 3915 5069 3965 353 403
5702 2652 5752 2702 677 727
4055 2642 4105 2692 602 652
1706 872 1756 922 669 719
648 1600 698 1650 397 447
872 1741 922 1791 391 441
3939 1420 3989 1470 550 600
153 783 203 833 785 835
5471 1565 5521 1615 858 908
241 2191 291 2241 661 711
4336 2174 4386 2224 675 725
4483 823 4533 873 611 661
5124 732 5174 782 693 743
1570 2649 1620 2699 586 636
4521 1959 4571 2009 426 476
1676 160 1726 210 592 642
5709 2282 5759 2332 710 760
44 2884 94 2934 556 606
5584 415 5634 465 355 405
250 324 300 374 712 762
1207 3644 1257 3694 419 469
3751 2479 3801 2529 389 439
4915 1060 4965 1110 387 437
4403 3250 4453 3300 389 439
450 2505 500 2555 342 392
1671 663 1721 713 586 636
4148 980 4198 1030 398 448
576 335 626 385 829 879
1010 2792 1060 2842 361 411
5111 1294 5161 1344 832 882
1081 3016 1131 3066 509 559
1056 2835 1106 2885 708 758
2294 590 2344 640 468 518
4386 1166 4436 1216 829 879
3248 2054 3298 2104 788 838
2665 903 2715 953 406 456
4835 1699 4885 1749 790 840
5254 3049 5304 3099 820 870
938 1217 988 1267 417 467
496 580 546 630 630 680
2841 3900 2891 3950 412 462
2056 360 2106 410 663 713
5761 3205 5811 3255 816 866
1706 746 1756 796 734 784
1718 2964 1768 3014 667 717
62 3918 112 3968 423 473
1551 2630 1601 2680 503 553
1641 1381 1691 1431 474 524
4838 3057 4888 3107 834 884
3819 2983 3869 3033 795 845
4625 2052 4675 2102 697 747
1346 2772 1396 2822 656 706
3523 288 3573 338 410 460
3163 2993 3213 3043 569 619
3342 1716 3392 1766 625 675
4510 2344 4560 2394 829 879
1220 2159 1270 2209 621 671
3412 1002 3462 1052 345 395
80 3159 130 3209 458 508
2488 2953 2538 3003 491 541
4167 2245 4217 2295 624 674
4871 2346 4921 2396 783 833
5655 3278 5705 3328 813 863
1695 3924 1745 3974 564 614
4497 2068 4547 2118 494 544
4399 3146 4449 3196 526 576
4066 3542 4116 3592 731 781
5681 1003 5731 1053 472 522
4242 2531 4292 2581 760 810
5152 303 5202 353 375 425
3116 3938 3166 3988 630 680
4112 3778 4162 3828 546 596
1270 752 1320 802 448 498
3486 2017 3536 2067 536 586
886 3798 936 3848 432 482
2306 1158 2356 1208 714 764
5153 1397 5203 1447 377 427
724 3195 774 3245 643 693
4052 600 4102 650 349 399
5256 2864 5306 2914 483 533
4176 1686 4226 1736 451 501
972 2501 1022 2551 859 909
127 178 177 228 690 740
701 1769 751 1819 827 877
3203 2936 3253 2986 412 462
719 874 769 924 542 592
3550 741 3600 791 339 389
9 1883 59 1933 614 664
5089 3026 5139 3076 850 900
1497 1134 1547 1184 358 408
4632 1405 4682 1455 348 398
3097 2702 3147 2752 543 593
3090 2852 3140 2902 372 422
1822 1750 1872 1800 803 853
2315 1615 2365 1665 483 533
1948 1702 1998 1752 587 637
5120 69 5170 119 813 863
4316 257 4366 307 712 762
2562 3270 2612 3320 419 469
4100 2599 4150 2649 357 407
2501 2499 2551 2549 810 860
5345 2388 5395 2438 738 788
3834 2663 3884 2713 629 679
567 2937 617 2987 807 857
2166 709 2216 759 733 783
5054 344 5104 394 431 481
4419 1864 4469 1914 842 892
5414 2145 5464 2195 635 685
1645 432 1695 482 679 729
2955 1276 3005 1326 424 474
1691 3023 1741 3073 543 593
2030 3407 2080 3457 625 675
2290 3791 2340 3841 347 397
2597 1541 2647 1591 380 430
2327 670 2377 720 371 421
4683 732 4733 782 675 725
3265 2601 3315 2651 408 458
297 1929 347 1979 381 431
2906 1168 2956 1218 555 605
618 2775 668 2825 670 720
3375 3365 3425 3415 467 517
1574 391 1624 441 448 498
4103 3321 4153 3371 574 624
1142 341 1192 391 599 649
306 3346 356 3396 710 760
5237 3238 5287 3288 524 574
2321 12 2371 62 785 835
5122 2208 5172 2258 421 471
5049 1612 5099 1662 793 843
2008 1494 2058 1544 435 485
1428 3316 1478 3366 388 438
19 1674 69 1724 562 612
472 3478 522 3528 585 635
3485 1782 3535 1832 470 520
1179 91 1229 141 405 455
184 2498 234 2548 786 836
5555 1444 5605 1494 374 424
3011 1606 3061 1656 445 495
3756 2317 3806 2367 526 576
3644 2871 3694 2921 395 445
4304 23 4354 73 387 437
1636 1887 1686 1937 461 511
4789 2259 4839 2309 589 639
1816 981 1866 1031 818 868
2433 163 2483 213 382 432
522 2720 572 2770 861 911
767 2619 817 2669 486 536
642 1325 692 1375 382 432
4907 198 4957 248 840 890
4886 1545 4936 1595 496 546
1198 2482 1248 2532 704 754
355 2994 405 3044 540 590
3932 2333 3982 2383 360 410
3122 439 3172 489 401 451
3532 466 3582 516 400 450
1004 1809 1054 1859 447 497
3914 3757 3964 3807 450 500
2999 1232 3049 1282 365 415
3383 963 3433 1013 486 536
2997 3424 3047 3474 498 548
3848 2778 3898 2828 744 794
1575 2339 1625 2389 467 517
1988 2645 2038 2695 420 470
2906 3223 2956 3273 851 901
4676 1335 4726 1385 558 608
4496 1024 4546 1074 382 432
3879 267 3929 317 738 788
1261 3890 1311 3940 362 412
5444 2217 5494 2267 417 467
2812 3759 2862 3809 530 580
1473 3485 1523 3535 759 809
5732 1989 5782 2039 347 397
4315 587 4365 637 718 768
2013 3784 2063 3834 542 592
5104 1846 5154 1896 829 879
4441 2270 4491 2320 568 618
5009 2686 5059 2736 777 827
458 2332 508 2382 586 636
3012 826 3062 876 814 864
3342 3457 3392 3507 382 432
1870 2728 1920 2778 504 554
5587 1123 5637 1173 458 508
5075 498 5125 548 448 498
4266 3754 4316 3804 743 793
492 3428 542 3478 598 648
422 3369 472 3419 359 409
5059 866 5109 916 627 677
5410 245 5460 295 743 793
1819 1600 1869 1650 700 750
4788 1943 4838 1993 647 697
4405 3561 4455 3611 465 515
1864 2467 1914 2517 526 576
69 432 119 482 713 763
5471 2345 5521 2395 584 634
3603 716 3653 766 372 422
2279 3074 2329 3124 545 595
1531 3110 1581 3160 620 670
3911 1092 3961 1142 473 523
2235 910 2285 960 654 704
3275 261 3325 311 683 733
5378 2335 5428 2385 505 555
247 2716 297 2766 790 840
2059 10 2109 60 740 790
2219 1000 2269 1050 455 505
88 2137 138 2187 668 718
2096 1318 2146 1368 535 585
5566 242 5616 292 815 865
3926 1028 3976 1078 613 663
2098 2055 2148 2105 426 476
3093 3582 3143 3632 764 814
1808 1164 1858 1214 339 389
2769 1479 2819 1529 616 666
3116 563 3166 613 383 433
5272 52 5322 102 524 574
4574 1992 4624 2042 637 687
4652 3048 4702 3098 738 788
4601 931 4651 981 813 863
3689 1029 3739 1079 660 710
209 3017 259 3067 370 420
1771 594 1821 644 587 637
253 3036 303 3086 812 862
1387 2052 1437 2102 367 417
3058 3491 3108 3541 776 826
5333 3833 5383 3883 798 848
2103 904 2153 954 682 732
107 3322 157 3372 463 513
2952 2308 3002 2358 595 645
5051 403 5101 453 835 885
3199 2083 3249 2133 545 595
957 924 1007 974 535 585
273 1139 323 1189 343 393
5200 543 5250 593 699 749
4402 1853 4452 1903 442 492
5729 1128 5779 1178 501 551
4284 2180 4334 2230 468 518
153 3196 203 3246 674 724
1225 1543 1275 1593 509 559
4620 845 4670 895 697 747
1356 2131 1406 2181 460 510
5113 2936 5163 2986 415 465
284 1754 334 1804 708 758
4723 3699 4773 3749 533 583
5154 1780 5204 1830 451 501
2039 511 2089 561 472 522
5114 3896 5164 3946 504 554
4234 1505 4284 1555 601 651
70 3718 120 3768 602 652
4341 3565 4391 3615 702 752
710 2075 760 2125 452 502
3621 1696 3671 1746 657 707
5075 2453 5125 2503 761 811
859 49 909 99 711 761
1290 3302 1340 3352 819 869
4962 3848 5012 3898 681 731
2971 1002 3021 1052 512 562
1886 2999 1936 3049 378 428
1812 1310 1862 1360 369 419
4376 2192 4426 2242 744 794
1719 1530 1769 1580 701 751
2831 838 2881 888 413 463
1552 1608 1602 1658 605 655
2619 3841 2669 3891 756 806
4114 749 4164 799 666 716
4648 2086 4698 2136 722 772
1506 3891 1556 3941 807 857
1625 1012 1675 1062 770 820
1178 27 1228 77 702 752
2717 1909 2767 1959 741 791
2417 740 2467 790 720 770
2961 2033 3011 2083 761 811
2344 3637 2394 3687 382 432
850 3353 900 3403 516 566
548 362 598 412 517 567
3457 393 3507 443 533 583
3170 8 3220 58 665 715
3475 2534 3525 2584 553 603
1488 1574 1538 1624 744 794
4399 3659 4449 3709 659 709
985 1070 1035 1120 418 468
4865 2646 4915 2696 382 432
962 2750 1012 2800 625 675
4604 2697 4654 2747 518 568
5070 2537 5120 2587 400 450
3650 1051 3700 1101 506 556
2652 3226 2702 3276 618 668
584 455 634 505 421 471
3795 3639 3845 3689 446 496
2516 2805 2566 2855 446 496
1123 145 1173 195 580 630
1335 3 1385 53 652 702
3329 3785 3379 3835 736 786
5522 1246 5572 1296 610 660
5224 3562 5274 3612 375 425
2086 3009 2136 3059 643 693
5220 1106 5270 1156 745 795
4551 1743 4601 1793 343 393
377 1982 427 2032 397 447
2803 143 2853 193 746 796
4291 3224 4341 3274 458 508
141 2925 191 2975 691 741
4896 1279 4946 1329 814 864
2199 1355 2249 1405 592 642
4482 1986 4532 2036 450 500
5177 152 5227 202 604 654
1948 3580 1998 3630 407 457
1104 3806 1154 3856 713 763
1654 3935 1704 3985 439 489
3761 1021 3811 1071 765 815
4706 2106 4756 2156 643 693
2819 3739 2869 3789 435 485
5620 666 5670 716 432 482
4299 2970 4349 3020 395 445
4787 927 4837 977 507 557
5038 1024 5088 1074 794 844
1583 361 1633 411 619 669
2866 1596 2916 1646 543 593
2353 664 2403 714 650 700
2512 1203 2562 1253 770 820
68 1500 118 1550 729 779
5072 1700 5122 1750 772 822
2813 1237 2863 1287 687 737
1084 514 1134 564 837 887
4081 3591 4131 3641 443 493
982 2176 1032 2226 842 892
1473 3230 1523 3280 514 564
1847 2770 1897 2820 640 690
5328 3108 5378 3158 701 751
3849 2275 3899 2325 756 806
1540 3227 1590 3277 406 456
37 1286 87 1336 582 632
3464 2190 3514 2240 828 878
1154 3836 1204 3886 815 865
2423 2492 2473 2542 515 565
172 143 222 193 570 620
2715 893 2765 943 720 770
1745 3233 1795 3283 473 523
1504 254 1554 304 486 536
4973 2088 5023 2138 580 630
4332 2422 4382 2472 375 425
2959 2793 3009 2843 704 754
2346 2422 2396 2472 611 661
2323 1405 2373 1455 718 768
71 2713 121 2763 803 853
376 2184 426 2234 789 839
5624 1411 5674 1461 818 868
1350 186 1400 236 680 730
677 107 727 157 546 596
3302 2405 3352 2455 729 779
157 3765 207 3815 855 905
2890 1167 2940 1217 543 593
3666 263 3716 313 721 771
3969 2858 4019 2908 438 488
421 3810 471 3860 687 737
1567 3897 1617 3947 766 816
2598 205 2648 255 653 703
3660 3297 3710 3347 525 575
809 1278 859 1328 404 454
5165 3451 5215 3501 655 705
549 806 599 856 362 412
4549 3334 4599 3384 366 416
1155 469 1205 519 668 718
2760 1734 2810 1784 669 719
4727 3631 4777 3681 566 616
3688 3565 3738 3615 539 589
2952 1108 3002 1158 539 589
3907 1675 3957 1725 423 473
3834 26 3884 76 854 904
2912 3750 2962 3800 648 698
4786 3082 4836 3132 820 870
3533 443 3583 493 355 405
786 1440 836 1490 674 724
2028 1162 2078 1212 437 487
3792 445 3842 495 832 882
357 1433 407 1483 463 513
3682 2359 3732 2409 591 641
691 114 741 164 854 904
