1000
1957 2626 2057 2726 462 862
3627 2064 3727 2164 434 834
1488 857 1588 957 367 767
1364 2301 1464 2401 497 897
1417 2520 1517 2620 487 887
5409 383 5509 483 445 845
3606 1595 3706 1695 477 877
4936 2930 5036 3030 355 755
5298 1116 5398 1216 349 749
2889 483 2989 583 404 804
5429 236 5529 336 414 814
4855 3476 4955 3576 495 895
5016 2315 5116 2415 463 863
1651 230 1751 330 485 885
2760 999 2860 1099 409 809
3121 3300 3221 3400 503 903
2064 2081 2164 2181 460 860
1273 2972 1373 3072 511 911
2514 1440 2614 1540 474 874
3082 3753 3182 3853 360 760
4812 2447 4912 2547 340 740
4606 3185 4706 3285 374 774
3617 2363 3717 2463 451 851
602 3125 702 3225 503 903
1770 412 1870 512 375 775
2763 794 2863 894 510 910
3619 604 3719 704 371 771
502 192 602 292 475 875
5651 2475 5751 2575 511 911
5416 583 5516 683 511 911
4080 2900 4180 3000 432 832
4153 194 4253 294 405 805
3523 3736 3623 3836 349 749
4230 1276 4330 1376 471 871
1345 1668 1445 1768 405 805
3685 879 3785 979 482 882
4071 540 4171 640 451 851
921 998 1021 1098 460 860
277 2530 377 2630 351 751
1144 3599 1244 3699 494 894
2329 2192 2429 2292 424 824
3519 2289 3619 2389 399 799
3276 970 3376 1070 402 802
1981 393 2081 493 380 780
1287 3441 1387 3541 487 887
3953 658 4053 758 445 845
2172 493 2272 593 416 816
3196 1126 3296 1226 346 746
3112 224 3212 324 417 817
5539 631 5639 731 408 808
972 2201 1072 2301 342 742
1623 2075 1723 2175 403 803
5252 3438 5352 3538 452 852
5100 3505 5200 3605 429 829
1768 2747 1868 2847 506 906
2769 2825 2869 2925 361 761
488 3285 588 3385 350 750
3181 2078 3281 2178 513 913
1525 645 1625 745 455 855
620 1461 720 1561 353 753
5327 2456 5427 2556 385 785
4164 2630 4264 2730 475 875
730 3424 830 3524 512 912
4842 3427 4942 3527 510 910
3508 1262 3608 1362 429 829
4367 3745 4467 3845 346 746
174 1300 274 1400 402 802
188 1022 288 1122 361 761
696 1256 796 1356 346 746
869 3126 969 3226 381 781
3511 2429 3611 2529 436 836
4656 1358 4756 1458 435 835
2635 797 2735 897 431 831
725 469 825 569 497 897
1460 2014 1560 2114 505 905
5574 2321 5674 2421 427 827
903 800 1003 900 376 776
5736 441 5836 541 431 831
1412 2369 1512 2469 430 830
2524 256 2624 356 452 852
3682 1286 3782 1386 400 800
671 2355 771 2455 452 852
5490 389 5590 489 507 907
2087 1324 2187 1424 501 901
749 861 849 961 355 755
4351 1749 4451 1849 419 819
3627 2910 3727 3010 358 758
5359 1077 5459 1177 372 772
1800 980 1900 1080 459 859
769 1860 869 1960 383 783
2333 1277 2433 1377 338 738
1444 1689 1544 1789 380 780
1712 3071 1812 3171 466 866
4973 3700 5073 3800 422 822
4036 1697 4136 1797 416 816
2408 2225 2508 2325 371 771
5562 2475 5662 2575 474 874
1638 1095 1738 1195 440 840
3412 511 3512 611 465 865
652 1824 752 1924 386 786
4602 1761 4702 1861 432 832
3211 2596 3311 2696 348 748
27 3191 127 3291 406 806
4534 2939 4634 3039 358 758
787 2308 887 2408 359 759
1176 660 1276 760 402 802
1451 2969 1551 3069 406 806
1964 3483 2064 3583 408 808
3263 1236 3363 1336 501 901
1572 3748 1672 3848 428 828
5709 977 5809 1077 482 882
2687 1853 2787 1953 376 776
4105 929 4205 1029 401 801
4526 2497 4626 2597 375 775
849 77 949 177 469 869
116 2334 216 2434 348 748
384 1810 484 1910 448 848
93 166 193 266 444 844
4602 2382 4702 2482 368 768
4783 2882 4883 2982 346 746
1404 875 1504 975 423 823
3647 1538 3747 1638 425 825
368 6 468 106 403 803
125 3253 225 3353 487 887
1598 622 1698 722 403 803
4188 2861 4288 2961 411 811
4009 1740 4109 1840 374 774
882 2389 982 2489 432 832
2741 595 2841 695 507 907
2068 3425 2168 3525 378 778
5256 3496 5356 3596 456 856
239 2568 339 2668 477 877
1708 586 1808 686 457 857
3951 3394 4051 3494 469 869
1126 3476 1226 3576 362 762
4397 2983 4497 3083 508 908
5116 79 5216 179 445 845
4182 2883 4282 2983 420 820
4665 521 4765 621 503 903
4089 3280 4189 3380 512 912
4578 552 4678 652 351 751
913 3770 1013 3870 353 753
2075 2927 2175 3027 376 776
134 356 234 456 486 886
5359 2300 5459 2400 369 769
1927 1190 2027 1290 340 740
1438 452 1538 552 408 808
4828 648 4928 748 513 913
156 1944 256 2044 407 807
4059 169 4159 269 480 880
4651 3354 4751 3454 383 783
3336 2076 3436 2176 379 779
4868 1617 4968 1717 389 789
2767 3389 2867 3489 478 878
4005 189 4105 289 446 846
3887 2937 3987 3037 360 760
1966 2792 2066 2892 475 875
1697 1494 1797 1594 474 874
3963 2680 4063 2780 456 856
23 3045 123 3145 419 819
4533 3360 4633 3460 399 799
4420 569 4520 669 352 752
1583 1140 1683 1240 408 808
2365 3007 2465 3107 339 739
895 514 995 614 457 857
2933 3536 3033 3636 438 838
2502 2104 2602 2204 449 849
5269 1447 5369 1547 431 831
3936 1795 4036 1895 457 857
3167 1173 3267 1273 353 753
1863 51 1963 151 466 866
4603 3039 4703 3139 460 860
1371 3297 1471 3397 352 752
5723 1254 5823 1354 366 766
1124 2417 1224 2517 470 870
3862 1284 3962 1384 351 751
5488 1540 5588 1640 361 761
1700 2389 1800 2489 403 803
3620 3075 3720 3175 476 876
5109 3046 5209 3146 477 877
5039 1067 5139 1167 376 776
2320 1739 2420 1839 396 796
843 1991 943 2091 406 806
4921 2035 5021 2135 459 859
1206 111 1306 211 350 750
4631 2805 4731 2905 356 756
2967 104 3067 204 510 910
3921 1196 4021 1296 419 819
2896 2428 2996 2528 398 798
4961 1174 5061 1274 392 792
3845 479 3945 579 485 885
5187 3704 5287 3804 392 792
1372 3458 1472 3558 478 878
832 3534 932 3634 462 862
190 386 290 486 348 748
894 2330 994 2430 439 839
5326 1199 5426 1299 476 876
422 1593 522 1693 404 804
1829 2306 1929 2406 490 890
2554 3885 2654 3985 507 907
575 2197 675 2297 469 869
2944 3847 3044 3947 507 907
3335 1420 3435 1520 392 792
3673 708 3773 808 497 897
3940 470 4040 570 494 894
5259 1718 5359 1818 350 750
563 3084 663 3184 427 827
1636 2207 1736 2307 401 801
4436 70 4536 170 513 913
2207 1155 2307 1255 381 781
5247 549 5347 649 493 893
1925 724 2025 824 367 767
301 2015 401 2115 410 810
2879 2511 2979 2611 344 744
2544 3001 2644 3101 469 869
1055 943 1155 1043 448 848
3597 3044 3697 3144 473 873
2208 2853 2308 2953 377 777
808 2815 908 2915 414 814
2293 2705 2393 2805 468 868
696 2451 796 2551 423 823
415 3779 515 3879 425 825
5530 3839 5630 3939 358 758
1297 2189 1397 2289 362 762
583 3611 683 3711 385 785
3025 1938 3125 2038 444 844
3776 904 3876 1004 462 862
4081 1553 4181 1653 407 807
3256 1577 3356 1677 342 742
4237 3283 4337 3383 424 824
3283 2753 3383 2853 470 870
2075 781 2175 881 438 838
3558 1214 3658 1314 503 903
5326 1571 5426 1671 374 774
124 2560 224 2660 382 782
3926 1998 4026 2098 340 740
3662 2852 3762 2952 436 836
1556 1651 1656 1751 410 810
3877 3257 3977 3357 502 902
4687 3681 4787 3781 359 759
451 1583 551 1683 382 782
2711 1256 2811 1356 377 777
1357 2178 1457 2278 376 776
2984 1056 3084 1156 450 850
5284 1808 5384 1908 435 835
4507 3377 4607 3477 465 865
2813 2963 2913 3063 472 872
3801 799 3901 899 414 814
3938 1143 4038 1243 339 739
4584 2753 4684 2853 502 902
2845 1937 2945 2037 503 903
5711 989 5811 1089 432 832
2116 1192 2216 1292 382 782
3884 3733 3984 3833 369 769
829 1593 929 1693 426 826
5016 3691 5116 3791 426 826
2801 105 2901 205 474 874
4254 2193 4354 2293 347 747
1975 2303 2075 2403 469 869
4960 3417 5060 3517 496 896
1331 3512 1431 3612 510 910
110 1441 210 1541 473 873
3374 3133 3474 3233 484 884
3199 2002 3299 2102 361 761
277 867 377 967 498 898
472 3537 572 3637 409 809
1969 306 2069 406 457 857
2691 1830 2791 1930 386 786
5298 3205 5398 3305 454 854
1634 1134 1734 1234 470 870
3233 3200 3333 3300 458 858
4251 3184 4351 3284 461 861
2211 3589 2311 3689 345 745
4765 41 4865 141 503 903
2862 1397 2962 1497 346 746
2893 1664 2993 1764 501 901
3070 1566 3170 1666 394 794
1572 1414 1672 1514 510 910
2200 759 2300 859 402 802
2599 3239 2699 3339 427 827
3271 2559 3371 2659 400 800
766 3152 866 3252 489 889
796 859 896 959 438 838
1395 772 1495 872 473 873
707 72 807 172 446 846
5302 1599 5402 1699 454 854
2972 2491 3072 2591 413 813
2814 1605 2914 1705 457 857
4447 3630 4547 3730 430 830
2999 3069 3099 3169 462 862
4537 685 4637 785 358 758
4650 2644 4750 2744 475 875
4002 3833 4102 3933 420 820
5414 3484 5514 3584 512 912
1711 3601 1811 3701 425 825
4650 3645 4750 3745 502 902
3223 599 3323 699 461 861
5692 77 5792 177 422 822
3266 1097 3366 1197 442 842
1798 469 1898 569 462 862
3474 1822 3574 1922 441 841
45 1803 145 1903 501 901
1504 3596 1604 3696 420 820
4874 1740 4974 1840 379 779
3992 21 4092 121 379 779
1166 1241 1266 1341 422 822
397 509 497 609 507 907
3647 640 3747 740 511 911
2667 395 2767 495 433 833
4844 3187 4944 3287 338 738
1296 395 1396 495 498 898
2141 1133 2241 1233 441 841
2404 1998 2504 2098 500 900
2328 1198 2428 1298 422 822
4967 2157 5067 2257 348 748
5289 3542 5389 3642 386 786
2853 3052 2953 3152 486 886
633 525 733 625 362 762
1996 1466 2096 1566 500 900
5649 1547 5749 1647 459 859
3108 2589 3208 2689 367 767
18 1376 118 1476 424 824
474 395 574 495 421 821
3292 3636 3392 3736 433 833
2956 2723 3056 2823 471 871
1730 1258 1830 1358 442 842
3713 2886 3813 2986 512 912
1197 2899 1297 2999 454 854
5064 128 5164 228 363 763
2462 818 2562 918 340 740
930 2785 1030 2885 337 737
3943 50 4043 150 462 862
64 3466 164 3566 352 752
2833 1024 2933 1124 444 844
5641 862 5741 962 430 830
1553 3001 1653 3101 353 753
3769 3534 3869 3634 474 874
651 2813 751 2913 442 842
2142 2882 2242 2982 431 831
5719 79 5819 179 367 767
5299 244 5399 344 425 825
1623 1121 1723 1221 420 820
4234 3841 4334 3941 462 862
2946 1197 3046 1297 351 751
1748 3594 1848 3694 358 758
5053 1328 5153 1428 494 894
2033 595 2133 695 454 854
731 1794 831 1894 393 793
2885 1550 2985 1650 339 739
4198 3825 4298 3925 448 848
5131 1115 5231 1215 504 904
3051 1158 3151 1258 356 756
3718 1430 3818 1530 450 850
2418 3574 2518 3674 339 739
2443 3423 2543 3523 476 876
1008 2296 1108 2396 466 866
950 203 1050 303 418 818
240 2527 340 2627 511 911
76 464 176 564 505 905
334 1944 434 2044 429 829
4029 3884 4129 3984 469 869
56 3764 156 3864 452 852
4395 3038 4495 3138 500 900
439 1116 539 1216 454 854
1397 1673 1497 1773 431 831
2536 267 2636 367 339 739
5407 2551 5507 2651 383 783
2299 200 2399 300 343 743
5344 1333 5444 1433 500 900
14 873 114 973 431 831
3512 1552 3612 1652 510 910
3912 961 4012 1061 481 881
3945 2718 4045 2818 426 826
998 2862 1098 2962 474 874
5416 2591 5516 2691 463 863
1726 192 1826 292 422 822
1273 2299 1373 2399 503 903
5539 2954 5639 3054 478 878
4879 1298 4979 1398 403 803
2177 1535 2277 1635 457 857
2737 935 2837 1035 405 805
5397 1861 5497 1961 414 814
2279 324 2379 424 507 907
3396 2902 3496 3002 441 841
236 1466 336 1566 401 801
432 688 532 788 347 747
357 2864 457 2964 412 812
408 2890 508 2990 505 905
1378 2047 1478 2147 449 849
3896 3295 3996 3395 410 810
2555 3430 2655 3530 483 883
1384 1029 1484 1129 455 855
440 1263 540 1363 441 841
5223 3111 5323 3211 424 824
4137 3788 4237 3888 356 756
4875 1068 4975 1168 501 901
4783 3018 4883 3118 341 741
2423 1736 2523 1836 447 847
1200 1321 1300 1421 479 879
716 455 816 555 426 826
1539 1257 1639 1357 384 784
887 2785 987 2885 344 744
4331 3346 4431 3446 458 858
3230 3006 3330 3106 462 862
4874 1974 4974 2074 493 893
4305 2842 4405 2942 505 905
3249 1901 3349 2001 401 801
3531 2697 3631 2797 355 755
4951 3037 5051 3137 501 901
906 2814 1006 2914 382 782
419 2315 519 2415 471 871
487 1070 587 1170 486 886
766 2189 866 2289 509 909
4090 846 4190 946 356 756
2924 1191 3024 1291 493 893
3247 3287 3347 3387 454 854
856 2672 956 2772 425 825
1297 2210 1397 2310 479 879
4977 2140 5077 2240 442 842
2900 1855 3000 1955 413 813
3597 750 3697 850 479 879
4436 3503 4536 3603 426 826
1612 3341 1712 3441 378 778
755 1528 855 1628 438 838
1898 1018 1998 1118 344 744
3439 449 3539 549 473 873
5618 891 5718 991 463 863
1735 2708 1835 2808 491 891
5697 1082 5797 1182 495 895
2034 2485 2134 2585 447 847
3496 2221 3596 2321 437 837
5328 144 5428 244 512 912
4336 1692 4436 1792 506 906
4298 1003 4398 1103 363 763
2703 3736 2803 3836 395 795
4426 2660 4526 2760 403 803
3948 616 4048 716 386 786
3414 3406 3514 3506 401 801
1719 621 1819 721 474 874
3262 3099 3362 3199 416 816
4867 1952 4967 2052 448 848
659 1991 759 2091 354 754
3713 387 3813 487 458 858
3866 575 3966 675 408 808
4656 3403 4756 3503 401 801
4372 3507 4472 3607 424 824
521 273 621 373 414 814
252 1523 352 1623 463 863
4311 417 4411 517 360 760
2110 343 2210 443 394 794
1185 2999 1285 3099 461 861
498 2738 598 2838 357 757
5039 2906 5139 3006 344 744
4938 1696 5038 1796 472 872
950 3131 1050 3231 484 884
715 3082 815 3182 398 798
2483 592 2583 692 351 751
1498 3106 1598 3206 465 865
4682 2878 4782 2978 377 777
1063 3486 1163 3586 412 812
5263 3514 5363 3614 513 913
3002 1283 3102 1383 424 824
714 2085 814 2185 503 903
2184 3713 2284 3813 382 782
780 1862 880 1962 451 851
4394 1675 4494 1775 414 814
1335 506 1435 606 509 909
1292 1623 1392 1723 444 844
1939 1879 2039 1979 452 852
4995 3143 5095 3243 503 903
3345 3365 3445 3465 497 897
750 3092 850 3192 370 770
5270 3067 5370 3167 500 900
2842 1025 2942 1125 473 873
3072 2690 3172 2790 365 765
242 3663 342 3763 425 825
4465 2145 4565 2245 385 785
4780 2311 4880 2411 501 901
1993 1782 2093 1882 364 764
5602 977 5702 1077 363 763
1047 1487 1147 1587 374 774
1549 2411 1649 2511 352 752
1865 1180 1965 1280 490 890
1847 702 1947 802 446 846
1244 20 1344 120 354 754
1008 2264 1108 2364 371 771
2407 63 2507 163 375 775
2182 1809 2282 1909 382 782
1833 2808 1933 2908 354 754
1405 632 1505 732 500 900
1410 1421 1510 1521 370 770
1368 729 1468 829 492 892
5389 1246 5489 1346 428 828
1598 2403 1698 2503 344 744
4767 2607 4867 2707 461 861
3642 1226 3742 1326 376 776
3723 2430 3823 2530 339 739
5238 2824 5338 2924 344 744
210 1379 310 1479 502 902
954 1222 1054 1322 403 803
2090 346 2190 446 384 784
1222 711 1322 811 434 834
5393 261 5493 361 409 809
2652 2063 2752 2163 475 875
1582 1837 1682 1937 411 811
66 1024 166 1124 426 826
4089 636 4189 736 440 840
1446 165 1546 265 501 901
3765 1922 3865 2022 420 820
1003 3789 1103 3889 400 800
5609 188 5709 288 481 881
856 1815 956 1915 338 738
880 3122 980 3222 349 749
1806 1387 1906 1487 489 889
4928 2463 5028 2563 342 742
561 2469 661 2569 459 859
2303 1015 2403 1115 339 739
5712 3315 5812 3415 384 784
2043 3375 2143 3475 456 856
5164 2756 5264 2856 405 805
4997 1933 5097 2033 389 789
2954 1080 3054 1180 441 841
1508 2174 1608 2274 364 764
5495 2560 5595 2660 433 833
5032 1988 5132 2088 470 870
251 413 351 513 436 836
1089 2961 1189 3061 361 761
4974 2855 5074 2955 432 832
474 1673 574 1773 480 880
388 636 488 736 493 893
4564 2371 4664 2471 364 764
4164 1919 4264 2019 499 899
962 3892 1062 3992 459 859
352 3403 452 3503 503 903
351 3762 451 3862 413 813
2542 1502 2642 1602 446 846
1803 299 1903 399 513 913
2224 2038 2324 2138 360 760
62 330 162 430 340 740
4272 1000 4372 1100 352 752
291 2529 391 2629 463 863
4659 2611 4759 2711 464 864
2115 1656 2215 1756 363 763
4467 133 4567 233 347 747
3145 2083 3245 2183 394 794
3078 761 3178 861 513 913
4827 2539 4927 2639 469 869
5507 1877 5607 1977 449 849
5090 2090 5190 2190 492 892
430 0 530 100 376 776
2434 2264 2534 2364 341 741
5169 1607 5269 1707 439 839
660 1764 760 1864 422 822
1345 2256 1445 2356 500 900
2343 1743 2443 1843 413 813
2393 2212 2493 2312 478 878
2851 1425 2951 1525 440 840
4255 936 4355 1036 501 901
95 1106 195 1206 414 814
3988 3451 4088 3551 492 892
3734 3457 3834 3557 367 767
4451 3496 4551 3596 426 826
5114 181 5214 281 473 873
391 1307 491 1407 460 860
2670 1225 2770 1325 374 774
1373 1046 1473 1146 479 879
5337 3520 5437 3620 345 745
5435 2391 5535 2491 511 911
3893 1102 3993 1202 473 873
1325 1076 1425 1176 402 802
1450 815 1550 915 504 904
479 1445 579 1545 366 766
2517 428 2617 528 473 873
4491 669 4591 769 506 906
5128 3548 5228 3648 474 874
2385 3348 2485 3448 430 830
5635 829 5735 929 383 783
1928 2274 2028 2374 464 864
4173 511 4273 611 432 832
4319 1531 4419 1631 446 846
4454 2682 4554 2782 369 769
1826 2326 1926 2426 386 786
496 666 596 766 417 817
2785 2119 2885 2219 376 776
3744 2389 3844 2489 429 829
529 3217 629 3317 471 871
720 263 820 363 471 871
2534 101 2634 201 355 755
3379 3666 3479 3766 469 869
5009 1611 5109 1711 354 754
4567 1288 4667 1388 348 748
1704 2252 1804 2352 488 888
5506 1445 5606 1545 506 906
4971 298 5071 398 365 765
5678 116 5778 216 373 773
5110 2126 5210 2226 387 787
4 2068 104 2168 380 780
887 3462 987 3562 359 759
2817 2145 2917 2245 504 904
4499 3121 4599 3221 420 820
965 911 1065 1011 352 752
5700 232 5800 332 465 865
2513 3777 2613 3877 442 842
215 2926 315 3026 420 820
3298 3495 3398 3595 394 794
4301 2480 4401 2580 497 897
1529 1981 1629 2081 474 874
64 1421 164 1521 377 777
1833 3075 1933 3175 504 904
635 900 735 1000 429 829
236 2983 336 3083 432 832
454 2797 554 2897 380 780
3117 2670 3217 2770 495 895
2979 3266 3079 3366 504 904
3932 1400 4032 1500 449 849
4532 3362 4632 3462 426 826
4203 1913 4303 2013 394 794
5324 1219 5424 1319 482 882
4687 3877 4787 3977 367 767
5671 1849 5771 1949 354 754
2358 1897 2458 1997 460 860
5607 2656 5707 2756 347 747
5089 3724 5189 3824 347 747
1674 3894 1774 3994 451 851
5522 3464 5622 3564 337 737
5088 2550 5188 2650 397 797
1401 627 1501 727 507 907
4288 3663 4388 3763 356 756
5366 765 5466 865 503 903
1158 632 1258 732 410 810
2458 2328 2558 2428 337 737
4489 1615 4589 1715 482 882
2577 1220 2677 1320 441 841
4976 3673 5076 3773 501 901
420 1445 520 1545 391 791
4794 3180 4894 3280 353 753
4624 3558 4724 3658 362 762
1992 1905 2092 2005 391 791
3257 3545 3357 3645 472 872
4511 2344 4611 2444 430 830
649 609 749 709 346 746
3388 3819 3488 3919 507 907
2807 3067 2907 3167 423 823
917 3678 1017 3778 429 829
1803 3611 1903 3711 342 742
3656 366 3756 466 459 859
79 3702 179 3802 339 739
1571 2581 1671 2681 392 792
1972 2125 2072 2225 413 813
783 3556 883 3656 433 833
4227 2171 4327 2271 469 869
3180 2520 3280 2620 470 870
3804 705 3904 805 444 844
5445 1698 5545 1798 413 813
4591 2839 4691 2939 482 882
1021 1038 1121 1138 487 887
378 2747 478 2847 480 880
3510 790 3610 890 462 862
4883 1326 4983 1426 452 852
3015 2625 3115 2725 444 844
5360 13 5460 113 511 911
4000 3621 4100 3721 479 879
2870 1955 2970 2055 499 899
5102 1541 5202 1641 496 896
4190 1995 4290 2095 463 863
2213 861 2313 961 452 852
2306 1318 2406 1418 485 885
5011 1620 5111 1720 413 813
839 3671 939 3771 468 868
5081 561 5181 661 435 835
4474 3686 4574 3786 409 809
773 3199 873 3299 401 801
3106 1671 3206 1771 410 810
2798 3419 2898 3519 341 741
1320 1664 1420 1764 468 868
5663 19 5763 119 445 845
3918 96 4018 196 396 796
1353 1698 1453 1798 504 904
92 2256 192 2356 473 873
2107 3738 2207 3838 384 784
2441 652 2541 752 506 906
133 2970 233 3070 441 841
3550 105 3650 205 507 907
381 1969 481 2069 462 862
1811 2303 1911 2403 373 773
949 1449 1049 1549 397 797
5112 289 5212 389 500 900
3195 1570 3295 1670 483 883
5556 3429 5656 3529 466 866
5596 638 5696 738 396 796
36 1130 136 1230 380 780
1085 859 1185 959 420 820
1259 2198 1359 2298 485 885
3430 3202 3530 3302 387 787
1771 106 1871 206 463 863
473 2708 573 2808 488 888
2301 1413 2401 1513 405 805
3822 193 3922 293 358 758
4859 668 4959 768 431 831
1616 2451 1716 2551 397 797
3810 3607 3910 3707 354 754
350 3765 450 3865 379 779
3493 3628 3593 3728 359 759
5414 3461 5514 3561 372 772
2619 1536 2719 1636 421 821
2722 2012 2822 2112 470 870
457 3660 557 3760 445 845
5483 24 5583 124 406 806
1930 1850 2030 1950 347 747
819 3594 919 3694 408 808
4811 2439 4911 2539 459 859
229 2938 329 3038 496 896
3325 1508 3425 1608 448 848
1531 2155 1631 2255 492 892
1522 293 1622 393 395 795
5110 3376 5210 3476 379 779
1209 1148 1309 1248 500 900
1225 2950 1325 3050 395 795
3165 2548 3265 2648 390 790
2209 720 2309 820 437 837
2847 3252 2947 3352 419 819
481 3472 581 3572 379 779
2489 3488 2589 3588 413 813
3837 349 3937 449 487 887
2767 2407 2867 2507 480 880
1605 1965 1705 2065 345 745
1375 328 1475 428 409 809
3274 1560 3374 1660 382 782
1301 707 1401 807 471 871
5504 3427 5604 3527 420 820
828 627 928 727 457 857
3120 3558 3220 3658 435 835
1247 3035 1347 3135 392 792
5549 33 5649 133 352 752
3666 3162 3766 3262 356 756
4510 2256 4610 2356 486 886
5063 3228 5163 3328 352 752
1147 3183 1247 3283 411 811
3988 2147 4088 2247 382 782
4033 564 4133 664 453 853
2655 2028 2755 2128 341 741
4665 1177 4765 1277 348 748
5657 3445 5757 3545 453 853
2110 1291 2210 1391 421 821
3508 3266 3608 3366 399 799
4525 614 4625 714 457 857
5638 1860 5738 1960 454 854
2868 2846 2968 2946 383 783
2629 126 2729 226 479 879
4003 2645 4103 2745 438 838
2354 2073 2454 2173 372 772
1635 257 1735 357 356 756
2880 670 2980 770 439 839
2284 245 2384 345 341 741
4237 3234 4337 3334 396 796
25 341 125 441 394 794
3840 3828 3940 3928 351 751
5576 1074 5676 1174 508 908
2766 2688 2866 2788 395 795
3007 1575 3107 1675 494 894
319 2412 419 2512 363 763
2379 1923 2479 2023 478 878
272 3668 372 3768 412 812
2091 1473 2191 1573 391 791
1351 1927 1451 2027 438 838
2824 2885 2924 2985 398 798
4726 2703 4826 2803 418 818
1191 708 1291 808 513 913
4848 1331 4948 1431 410 810
3016 1414 3116 1514 505 905
4916 273 5016 373 391 791
2826 3836 2926 3936 423 823
1964 174 2064 274 439 839
1142 3187 1242 3287 381 781
4128 1058 4228 1158 506 906
2395 954 2495 1054 350 750
1023 3489 1123 3589 395 795
461 68 561 168 400 800
3025 92 3125 192 415 815
968 3529 1068 3629 410 810
3481 1480 3581 1580 489 889
1991 3663 2091 3763 508 908
4979 1286 5079 1386 494 894
3291 167 3391 267 367 767
5505 552 5605 652 495 895
4931 526 5031 626 404 804
2145 274 2245 374 511 911
436 3624 536 3724 470 870
743 2600 843 2700 462 862
93 3634 193 3734 367 767
1493 1905 1593 2005 342 742
73 2320 173 2420 419 819
5061 1654 5161 1754 387 787
4694 922 4794 1022 500 900
1062 2845 1162 2945 462 862
2916 1549 3016 1649 374 774
1046 3820 1146 3920 479 879
1284 657 1384 757 499 899
4820 3066 4920 3166 443 843
5021 3330 5121 3430 382 782
268 209 368 309 486 886
666 3026 766 3126 454 854
4959 15 5059 115 381 781
2522 1647 2622 1747 361 761
1346 812 1446 912 446 846
5557 3560 5657 3660 451 851
1435 1797 1535 1897 391 791
379 259 479 359 508 908
4508 1668 4608 1768 508 908
4812 810 4912 910 473 873
3366 3867 3466 3967 485 885
3098 3114 3198 3214 511 911
811 2213 911 2313 381 781
1484 1045 1584 1145 424 824
3773 3679 3873 3779 498 898
1149 2865 1249 2965 411 811
5389 376 5489 476 411 811
863 389 963 489 492 892
42 1222 142 1322 441 841
4222 2980 4322 3080 383 783
1463 1337 1563 1437 356 756
5291 3506 5391 3606 358 758
4299 1350 4399 1450 478 878
4654 1674 4754 1774 417 817
4203 1497 4303 1597 338 738
5667 2261 5767 2361 364 764
5669 366 5769 466 358 758
66 880 166 980 462 862
2732 3055 2832 3155 490 890
709 2156 809 2256 369 769
5314 264 5414 364 504 904
5332 84 5432 184 513 913
2536 1991 2636 2091 339 739
1885 2097 1985 2197 384 784
160 3299 260 3399 492 892
5002 2506 5102 2606 422 822
110 627 210 727 468 868
3590 707 3690 807 509 909
4338 1756 4438 1856 364 764
2227 2789 2327 2889 383 783
2071 1964 2171 2064 347 747
1494 1900 1594 2000 409 809
3042 3058 3142 3158 389 789
3444 3750 3544 3850 509 909
3080 3617 3180 3717 510 910
534 3841 634 3941 371 771
3802 3231 3902 3331 351 751
498 3567 598 3667 345 745
3520 2586 3620 2686 507 907
1427 105 1527 205 419 819
5289 1758 5389 1858 481 881
4534 2328 4634 2428 360 760
5006 1420 5106 1520 433 833
77 385 177 485 493 893
5329 896 5429 996 441 841
3108 1798 3208 1898 465 865
4822 203 4922 303 407 807
4106 2876 4206 2976 468 868
2132 1646 2232 1746 424 824
1079 817 1179 917 432 832
2210 1140 2310 1240 351 751
5097 383 5197 483 346 746
4696 2374 4796 2474 426 826
2991 55 3091 155 414 814
2973 1920 3073 2020 364 764
4801 3466 4901 3566 428 828
2550 3299 2650 3399 337 737
2624 640 2724 740 407 807
1766 2752 1866 2852 457 857
232 934 332 1034 341 741
5438 473 5538 573 463 863
2231 837 2331 937 479 879
4693 2522 4793 2622 461 861
3279 783 3379 883 470 870
3092 2025 3192 2125 492 892
365 658 465 758 360 760
2479 522 2579 622 456 856
1202 949 1302 1049 450 850
3878 2851 3978 2951 346 746
1441 1014 1541 1114 494 894
2716 691 2816 791 449 849
406 988 506 1088 353 753
149 332 249 432 408 808
1212 1393 1312 1493 358 758
4225 653 4325 753 359 759
3587 1506 3687 1606 345 745
2406 599 2506 699 446 846
5506 633 5606 733 374 774
322 3236 422 3336 440 840
1022 3499 1122 3599 381 781
2391 2239 2491 2339 474 874
2005 1845 2105 1945 371 771
4408 1452 4508 1552 447 847
3366 2028 3466 2128 434 834
1872 3630 1972 3730 408 808
4005 1624 4105 1724 404 804
2530 2130 2630 2230 510 910
552 1892 652 1992 380 780
1248 2799 1348 2899 433 833
91 2454 191 2554 441 841
4159 386 4259 486 412 812
1669 3624 1769 3724 477 877
591 2549 691 2649 419 819
985 931 1085 1031 372 772
5024 803 5124 903 469 869
237 288 337 388 337 737
3658 1292 3758 1392 355 755
545 438 645 538 468 868
4135 1169 4235 1269 440 840
1635 2594 1735 2694 453 853
229 1669 329 1769 491 891
2632 2985 2732 3085 493 893
4062 3629 4162 3729 480 880
35 1282 135 1382 338 738
2691 2484 2791 2584 451 851
138 88 238 188 482 882
1705 1997 1805 2097 444 844
4610 2412 4710 2512 450 850
2324 563 2424 663 357 757
1463 3587 1563 3687 449 849
3602 2031 3702 2131 419 819
5392 3284 5492 3384 402 802
3096 2637 3196 2737 444 844
1677 2791 1777 2891 471 871
3947 625 4047 725 406 806
850 3514 950 3614 501 901
2685 2783 2785 2883 475 875
500 407 600 507 500 900
37 3582 137 3682 446 846
3649 2001 3749 2101 411 811
5133 769 5233 869 498 898
4015 2770 4115 2870 433 833
1962 2578 2062 2678 360 760
673 2741 773 2841 361 761
27 1538 127 1638 473 873
967 1020 1067 1120 476 876
3176 1475 3276 1575 368 768
5678 294 5778 394 348 748
2724 412 2824 512 369 769
109 2998 209 3098 361 761
4103 2845 4203 2945 437 837
4559 1621 4659 1721 405 805
4109 906 4209 1006 420 820
1075 3083 1175 3183 454 854
2338 1630 2438 1730 508 908
4848 1529 4948 1629 346 746
2451 1620 2551 1720 463 863
4251 3900 4351 4000 447 847
2824 1575 2924 1675 408 808
494 3009 594 3109 369 769
5020 88 5120 188 444 844
3333 1238 3433 1338 364 764
825 695 925 795 376 776
1700 3591 1800 3691 406 806
786 1015 886 1115 420 820
3691 1394 3791 1494 483 883
4416 1689 4516 1789 408 808
2119 2030 2219 2130 339 739
1934 1576 2034 1676 437 837
5557 1257 5657 1357 467 867
4603 3073 4703 3173 495 895
4205 2488 4305 2588 512 912
4296 3677 4396 3777 437 837
5733 1260 5833 1360 479 879
4553 2036 4653 2136 485 885
1338 3484 1438 3584 414 814
1690 2723 1790 2823 414 814
4149 2477 4249 2577 511 911
3464 3040 3564 3140 376 776
2914 2172 3014 2272 385 785
1501 217 1601 317 391 791
4988 22 5088 122 498 898
158 3206 258 3306 416 816
2604 222 2704 322 410 810
3023 1955 3123 2055 419 819
4308 3480 4408 3580 439 839
5012 2427 5112 2527 487 887
2951 1664 3051 1764 513 913
2377 1191 2477 1291 449 849
373 2582 473 2682 372 772
3726 2293 3826 2393 490 890
5423 1660 5523 1760 387 787
3607 673 3707 773 441 841
5399 2524 5499 2624 341 741
1017 3002 1117 3102 340 740
3281 3121 3381 3221 338 738
4402 1623 4502 1723 485 885
3054 2693 3154 2793 501 901
1909 3214 2009 3314 386 786
3455 3513 3555 3613 428 828
2320 789 2420 889 400 800
2555 3422 2655 3522 460 860
3729 792 3829 892 437 837
3846 3129 3946 3229 435 835
3451 2488 3551 2588 417 817
1908 3558 2008 3658 357 757
1110 1863 1210 1963 510 910
2194 1532 2294 1632 426 826
4673 2389 4773 2489 460 860
530 922 630 1022 471 871
