1000
3174 506 3224 556 469 569
632 1018 682 1068 543 643
1680 3391 1730 3441 737 837
5481 3514 5531 3564 708 808
5578 3422 5628 3472 636 736
4227 121 4277 171 364 464
5515 3436 5565 3486 454 554
3914 2874 3964 2924 372 472
5394 2363 5444 2413 551 651
742 2657 792 2707 417 517
3971 1814 4021 1864 421 521
1070 4 1120 54 448 548
2457 2667 2507 2717 629 729
477 2542 527 2592 463 563
4846 1157 4896 1207 583 683
2322 152 2372 202 657 757
321 570 371 620 515 615
3304 920 3354 970 765 865
4969 978 5019 1028 480 580
4645 25 4695 75 348 448
5059 3832 5109 3882 504 604
1166 3280 1216 3330 399 499
5468 933 5518 983 455 555
338 2068 388 2118 548 648
2183 461 2233 511 390 490
5057 3496 5107 3546 420 520
4969 2788 5019 2838 660 760
1336 2979 1386 3029 754 854
2905 907 2955 957 448 548
1614 1994 1664 2044 633 733
4687 2596 4737 2646 739 839
3717 3220 3767 3270 422 522
663 363 713 413 768 868
1669 1367 1719 1417 673 773
634 708 684 758 582 682
482 2376 532 2426 645 745
5440 1403 5490 1453 488 588
3651 1795 3701 1845 556 656
4820 1906 4870 1956 556 656
104 3529 154 3579 480 580
1828 1989 1878 2039 484 584
1054 1913 1104 1963 576 676
179 3305 229 3355 466 566
3472 361 3522 411 701 801
3808 712 3858 762 602 702
2052 3239 2102 3289 669 769
1854 761 1904 811 417 517
2208 1183 2258 1233 756 856
5091 904 5141 954 356 456
3891 903 3941 953 568 668
4579 1774 4629 1824 524 624
3769 2260 3819 2310 720 820
1302 1690 1352 1740 741 841
2644 998 2694 1048 779 879
1017 1683 1067 1733 420 520
4395 3638 4445 3688 671 771
4926 2456 4976 2506 587 687
1789 1496 1839 1546 491 591
783 2028 833 2078 727 827
350 1579 400 1629 452 552
5241 1574 5291 1624 365 465
4097 3472 4147 3522 391 491
5099 2590 5149 2640 615 715
3119 3242 3169 3292 441 541
5617 2846 5667 2896 681 781
318 970 368 1020 554 654
3750 3943 3800 3993 367 467
5307 1314 5357 1364 600 700
1524 2212 1574 2262 519 619
1683 1210 1733 1260 343 443
99 130 149 180 617 717
4389 2099 4439 2149 462 562
1373 3372 1423 3422 667 767
4138 3303 4188 3353 737 837
3247 2822 3297 2872 485 585
5646 934 5696 984 802 902
4459 1447 4509 1497 367 467
3351 33 3401 83 690 790
4529 2396 4579 2446 760 860
2831 3782 2881 3832 596 696
5285 2280 5335 2330 429 529
423 2477 473 2527 775 875
943 2683 993 2733 586 686
2356 3450 2406 3500 743 843
188 1826 238 1876 734 834
5713 2875 5763 2925 494 594
161 2335 211 2385 357 457
1851 1523 1901 1573 425 525
2317 2504 2367 2554 449 549
1015 2788 1065 2838 747 847
2759 571 2809 621 479 579
1208 810 1258 860 554 654
4923 2457 4973 2507 475 575
1630 200 1680 250 448 548
4703 1232 4753 1282 649 749
5523 3311 5573 3361 396 496
5735 74 5785 124 383 483
3298 2797 3348 2847 565 665
865 3754 915 3804 729 829
1288 2344 1338 2394 432 532
3596 2021 3646 2071 709 809
4751 102 4801 152 812 912
5162 1499 5212 1549 792 892
1737 1113 1787 1163 502 602
1751 2816 1801 2866 745 845
3989 959 4039 1009 790 890
5651 3240 5701 3290 805 905
942 391 992 441 493 593
2141 2592 2191 2642 608 708
3522 954 3572 1004 547 647
5264 3212 5314 3262 567 667
3722 3742 3772 3792 762 862
1131 3885 1181 3935 466 566
1086 3511 1136 3561 481 581
4618 982 4668 1032 512 612
332 2074 382 2124 629 729
5523 2330 5573 2380 362 462
1653 2947 1703 2997 687 787
828 2066 878 2116 662 762
900 1053 950 1103 401 501
4694 3266 4744 3316 717 817
251 805 301 855 797 897
3498 2381 3548 2431 784 884
1984 1980 2034 2030 341 441
3130 2616 3180 2666 457 557
3195 2139 3245 2189 492 592
3238 2723 3288 2773 431 531
1875 1628 1925 1678 394 494
1077 515 1127 565 461 561
1711 3138 1761 3188 473 573
2410 3940 2460 3990 600 700
2307 421 2357 471 662 762
362 1156 412 1206 585 685
4875 1986 4925 2036 750 850
1537 643 1587 693 443 543
1026 3893 1076 3943 548 648
2869 275 2919 325 418 518
5597 931 5647 981 594 694
4363 1164 4413 1214 755 855
1306 183 1356 233 549 649
4414 2894 4464 2944 661 761
251 87 301 137 443 543
4120 2837 4170 2887 575 675
5572 3747 5622 3797 379 479
4365 1238 4415 1288 404 504
3790 3625 3840 3675 750 850
5507 1699 5557 1749 681 781
2130 34 2180 84 775 875
5568 2714 5618 2764 426 526
5066 3334 5116 3384 438 538
1524 2380 1574 2430 801 901
4102 3686 4152 3736 390 490
1468 2968 1518 3018 693 793
1584 3746 1634 3796 505 605
5108 2342 5158 2392 380 480
3588 1373 3638 1423 365 465
220 3546 270 3596 615 715
2705 2546 2755 2596 675 775
9 0 59 50 601 701
1656 3757 1706 3807 444 544
910 1151 960 1201 340 440
3320 74 3370 124 405 505
2263 3760 2313 3810 635 735
2567 1513 2617 1563 580 680
1989 3220 2039 3270 652 752
739 486 789 536 482 582
4308 2292 4358 2342 757 857
5309 3256 5359 3306 530 630
895 358 945 408 536 636
3874 2096 3924 2146 642 742
1316 1320 1366 1370 583 683
3428 354 3478 404 536 636
3341 2667 3391 2717 680 780
5177 2627 5227 2677 778 878
1599 597 1649 647 723 823
2762 61 2812 111 730 830
4012 692 4062 742 514 614
5065 808 5115 858 419 519
935 2687 985 2737 406 506
1652 2848 1702 2898 565 665
702 2918 752 2968 445 545
4072 1896 4122 1946 586 686
2955 3468 3005 3518 416 516
3284 1561 3334 1611 366 466
852 492 902 542 455 555
5232 1465 5282 1515 726 826
2638 2471 2688 2521 731 831
3547 1399 3597 1449 748 848
4871 794 4921 844 564 664
3967 656 4017 706 443 543
2491 223 2541 273 418 518
2679 646 2729 696 493 593
5199 1431 5249 1481 661 761
731 1248 781 1298 671 771
3425 2750 3475 2800 766 866
2361 116 2411 166 709 809
4071 1734 4121 1784 573 673
4416 1426 4466 1476 702 802
4243 1879 4293 1929 740 840
1791 2881 1841 2931 409 509
2263 2579 2313 2629 418 518
4320 1724 4370 1774 387 487
5599 669 5649 719 665 765
3652 2082 3702 2132 492 592
1001 3501 1051 3551 786 886
1899 2141 1949 2191 429 529
5128 877 5178 927 365 465
3118 970 3168 1020 624 724
933 2658 983 2708 662 762
2647 3539 2697 3589 624 724
5447 3649 5497 3699 516 616
4244 817 4294 867 593 693
1784 891 1834 941 481 581
2349 2818 2399 2868 736 836
779 827 829 877 359 459
5043 2743 5093 2793 422 522
3002 2700 3052 2750 690 790
1757 1461 1807 1511 676 776
4855 994 4905 1044 719 819
5587 2094 5637 2144 495 595
801 897 851 947 588 688
3243 1009 3293 1059 527 627
5339 3644 5389 3694 470 570
2514 1195 2564 1245 666 766
1292 3380 1342 3430 496 596
632 527 682 577 718 818
4707 86 4757 136 347 447
2869 3791 2919 3841 426 526
2670 647 2720 697 366 466
2564 1003 2614 1053 497 597
5668 2652 5718 2702 339 439
4473 840 4523 890 452 552
163 674 213 724 408 508
2801 2823 2851 2873 461 561
3130 1466 3180 1516 693 793
3478 3486 3528 3536 525 625
3091 3124 3141 3174 601 701
2632 1256 2682 1306 471 571
2567 1665 2617 1715 679 779
3828 3628 3878 3678 669 769
1944 2213 1994 2263 581 681
3690 1070 3740 1120 668 768
401 3828 451 3878 635 735
4117 96 4167 146 480 580
5604 2836 5654 2886 675 775
4316 1593 4366 1643 692 792
831 3060 881 3110 542 642
1288 897 1338 947 579 679
327 517 377 567 591 691
4130 3483 4180 3533 484 584
4048 2281 4098 2331 744 844
5346 2896 5396 2946 744 844
2340 1250 2390 1300 599 699
2178 986 2228 1036 368 468
1584 3299 1634 3349 381 481
523 3668 573 3718 797 897
954 2051 1004 2101 491 591
468 1348 518 1398 354 454
5069 1967 5119 2017 549 649
2710 37 2760 87 408 508
4883 510 4933 560 640 740
4346 2089 4396 2139 698 798
2436 1093 2486 1143 697 797
1126 2148 1176 2198 559 659
3219 175 3269 225 483 583
262 591 312 641 677 777
198 2931 248 2981 377 477
327 1849 377 1899 725 825
627 2552 677 2602 426 526
3666 2184 3716 2234 702 802
4827 424 4877 474 379 479
2916 3436 2966 3486 655 755
298 437 348 487 357 457
511 2020 561 2070 811 911
554 378 604 428 655 755
1568 2868 1618 2918 704 804
5214 2612 5264 2662 359 459
2068 2101 2118 2151 706 806
2348 2232 2398 2282 629 729
3243 3524 3293 3574 713 813
4903 988 4953 1038 702 802
5585 856 5635 906 451 551
4846 1506 4896 1556 369 469
3697 235 3747 285 642 742
1664 1982 1714 2032 752 852
1656 1574 1706 1624 743 843
1544 3249 1594 3299 524 624
3608 587 3658 637 578 678
5662 2270 5712 2320 445 545
2522 2363 2572 2413 741 841
1361 903 1411 953 656 756
4408 2921 4458 2971 346 446
1291 1465 1341 1515 723 823
2047 2148 2097 2198 717 817
3337 3168 3387 3218 402 502
1264 180 1314 230 548 648
552 1676 602 1726 797 897
1401 3255 1451 3305 383 483
2809 1108 2859 1158 500 600
5405 2877 5455 2927 762 862
4410 1706 4460 1756 578 678
4651 1971 4701 2021 724 824
4581 343 4631 393 637 737
1843 2887 1893 2937 338 438
2741 908 2791 958 630 730
711 1547 761 1597 476 576
3112 3721 3162 3771 645 745
2249 2141 2299 2191 683 783
1518 1152 1568 1202 408 508
1939 3554 1989 3604 589 689
5428 1020 5478 1070 576 676
3980 731 4030 781 732 832
4507 732 4557 782 696 796
3410 1391 3460 1441 426 526
3060 2373 3110 2423 703 803
656 2280 706 2330 439 539
992 1546 1042 1596 591 691
5612 40 5662 90 722 822
5215 1161 5265 1211 521 621
4136 3798 4186 3848 575 675
434 705 484 755 737 837
3071 1258 3121 1308 774 874
1735 3287 1785 3337 695 795
5320 357 5370 407 411 511
1154 2517 1204 2567 630 730
174 514 224 564 537 637
509 1292 559 1342 673 773
56 3714 106 3764 618 718
4680 1426 4730 1476 746 846
5610 56 5660 106 341 441
5596 1345 5646 1395 708 808
4585 3047 4635 3097 583 683
110 2613 160 2663 354 454
1217 3770 1267 3820 798 898
5285 2071 5335 2121 739 839
820 1806 870 1856 619 719
1441 572 1491 622 503 603
1817 1521 1867 1571 551 651
5524 3413 5574 3463 377 477
5635 2310 5685 2360 784 884
5416 1767 5466 1817 667 767
524 3373 574 3423 743 843
3383 2770 3433 2820 782 882
4266 1261 4316 1311 667 767
792 3048 842 3098 486 586
485 3173 535 3223 458 558
5328 2778 5378 2828 356 456
3404 26 3454 76 362 462
4789 1723 4839 1773 785 885
3116 1695 3166 1745 380 480
1195 2604 1245 2654 339 439
3923 634 3973 684 585 685
2791 1563 2841 1613 527 627
3997 3022 4047 3072 598 698
1280 1984 1330 2034 723 823
258 968 308 1018 792 892
1105 3868 1155 3918 382 482
3004 125 3054 175 379 479
220 784 270 834 439 539
1896 2753 1946 2803 569 669
2062 2705 2112 2755 625 725
3658 278 3708 328 500 600
1016 3040 1066 3090 441 541
4500 44 4550 94 465 565
2419 149 2469 199 812 912
4522 906 4572 956 601 701
48 3553 98 3603 442 542
2020 1328 2070 1378 575 675
674 2518 724 2568 590 690
4670 3203 4720 3253 601 701
2272 603 2322 653 355 455
4687 1005 4737 1055 808 908
5321 3263 5371 3313 384 484
440 2245 490 2295 813 913
100 2025 150 2075 515 615
2441 1701 2491 1751 521 621
3484 494 3534 544 473 573
2767 46 2817 96 795 895
1039 1520 1089 1570 484 584
5745 981 5795 1031 464 564
1301 695 1351 745 632 732
4948 2126 4998 2176 587 687
3237 3097 3287 3147 504 604
2095 81 2145 131 572 672
2382 3433 2432 3483 503 603
4052 3855 4102 3905 681 781
245 1744 295 1794 535 635
3647 401 3697 451 661 761
5682 3902 5732 3952 401 501
3916 608 3966 658 812 912
1571 1176 1621 1226 621 721
5175 3789 5225 3839 594 694
5476 256 5526 306 417 517
353 1519 403 1569 596 696
1908 3672 1958 3722 380 480
978 2343 1028 2393 573 673
2084 2391 2134 2441 412 512
3949 36 3999 86 627 727
4129 3369 4179 3419 756 856
5108 3057 5158 3107 725 825
5766 2303 5816 2353 576 676
3910 2278 3960 2328 474 574
1575 2281 1625 2331 742 842
5409 2762 5459 2812 475 575
4270 1448 4320 1498 698 798
1396 2607 1446 2657 489 589
554 1176 604 1226 509 609
3903 464 3953 514 416 516
2628 515 2678 565 522 622
2231 2282 2281 2332 497 597
3995 2794 4045 2844 393 493
2103 1608 2153 1658 581 681
1504 1421 1554 1471 760 860
5434 808 5484 858 620 720
4406 3234 4456 3284 800 900
3941 278 3991 328 437 537
3626 3697 3676 3747 353 453
1052 3384 1102 3434 746 846
5659 2552 5709 2602 362 462
5755 1721 5805 1771 770 870
2602 363 2652 413 791 891
2237 221 2287 271 381 481
5369 3948 5419 3998 529 629
4567 3898 4617 3948 510 610
4647 1022 4697 1072 435 535
400 2942 450 2992 420 520
3059 2962 3109 3012 480 580
5780 91 5830 141 361 461
2742 1130 2792 1180 683 783
5191 977 5241 1027 508 608
5327 2690 5377 2740 554 654
1798 669 1848 719 656 756
4305 5 4355 55 803 903
2843 167 2893 217 522 622
166 2779 216 2829 755 855
1872 1387 1922 1437 434 534
2239 2549 2289 2599 665 765
494 2922 544 2972 666 766
5006 2969 5056 3019 369 469
5492 2637 5542 2687 435 535
5512 257 5562 307 475 575
1943 2005 1993 2055 618 718
26 1018 76 1068 484 584
5245 3238 5295 3288 570 670
1680 1002 1730 1052 610 710
5321 926 5371 976 662 762
4061 2719 4111 2769 754 854
4665 2746 4715 2796 349 449
2393 3821 2443 3871 409 509
2904 594 2954 644 408 508
372 1552 422 1602 631 731
536 3674 586 3724 726 826
1169 2663 1219 2713 515 615
4987 1898 5037 1948 668 768
510 1327 560 1377 477 577
1313 833 1363 883 445 545
2006 2789 2056 2839 505 605
5648 2825 5698 2875 802 902
3782 3276 3832 3326 479 579
479 1891 529 1941 763 863
928 3028 978 3078 797 897
3340 339 3390 389 396 496
3720 2962 3770 3012 759 859
584 3002 634 3052 443 543
1239 3439 1289 3489 515 615
4523 3671 4573 3721 364 464
726 564 776 614 565 665
3670 620 3720 670 418 518
5404 2241 5454 2291 731 831
5143 3875 5193 3925 506 606
2589 1395 2639 1445 723 823
599 1823 649 1873 492 592
1118 2075 1168 2125 570 670
5499 355 5549 405 479 579
3423 2716 3473 2766 602 702
2362 2827 2412 2877 511 611
1846 3859 1896 3909 681 781
145 1766 195 1816 427 527
598 1540 648 1590 640 740
5598 236 5648 286 440 540
5139 1263 5189 1313 778 878
922 2791 972 2841 444 544
2411 22 2461 72 780 880
3658 3523 3708 3573 461 561
5185 3339 5235 3389 772 872
384 797 434 847 750 850
2152 3494 2202 3544 579 679
5376 1798 5426 1848 352 452
4122 3053 4172 3103 460 560
3501 1497 3551 1547 569 669
1336 3541 1386 3591 554 654
5675 3172 5725 3222 800 900
1158 731 1208 781 340 440
3086 3130 3136 3180 624 724
4927 950 4977 1000 581 681
802 1581 852 1631 465 565
2351 224 2401 274 704 804
3183 1963 3233 2013 426 526
5641 1761 5691 1811 739 839
2222 2996 2272 3046 532 632
5186 503 5236 553 527 627
4213 3012 4263 3062 558 658
5695 1061 5745 1111 706 806
3631 3489 3681 3539 654 754
3520 2751 3570 2801 470 570
341 1562 391 1612 493 593
3574 1612 3624 1662 750 850
3482 3947 3532 3997 704 804
3348 724 3398 774 776 876
5097 1386 5147 1436 791 891
1419 2787 1469 2837 779 879
1917 1671 1967 1721 704 804
3050 828 3100 878 600 700
3247 3094 3297 3144 581 681
377 708 427 758 550 650
2277 962 2327 1012 464 564
5352 132 5402 182 737 837
1499 1144 1549 1194 657 757
1884 2414 1934 2464 642 742
2185 1906 2235 1956 412 512
112 2257 162 2307 530 630
2792 1917 2842 1967 660 760
4320 109 4370 159 387 487
4525 1515 4575 1565 520 620
704 1362 754 1412 392 492
5385 31 5435 81 577 677
4651 3056 4701 3106 396 496
3990 2189 4040 2239 546 646
2121 2776 2171 2826 565 665
3359 2627 3409 2677 781 881
1480 218 1530 268 509 609
2997 3 3047 53 343 443
5007 475 5057 525 504 604
1621 2126 1671 2176 809 909
2263 3924 2313 3974 623 723
3334 720 3384 770 408 508
5176 838 5226 888 798 898
4245 2510 4295 2560 371 471
4023 641 4073 691 704 804
2067 1046 2117 1096 805 905
820 3404 870 3454 577 677
3030 3170 3080 3220 462 562
3495 1445 3545 1495 753 853
2611 3008 2661 3058 687 787
4954 2483 5004 2533 581 681
5108 9 5158 59 426 526
2698 1068 2748 1118 424 524
3076 1841 3126 1891 498 598
1950 2903 2000 2953 342 442
1204 2148 1254 2198 812 912
369 2052 419 2102 480 580
4021 3733 4071 3783 417 517
234 1207 284 1257 471 571
2255 1916 2305 1966 692 792
3028 2856 3078 2906 639 739
3257 869 3307 919 366 466
1211 3887 1261 3937 592 692
213 2546 263 2596 346 446
4254 2984 4304 3034 793 893
3873 2890 3923 2940 580 680
2430 938 2480 988 630 730
3215 1299 3265 1349 711 811
4760 3406 4810 3456 608 708
4956 3784 5006 3834 636 736
4096 608 4146 658 642 742
4443 615 4493 665 511 611
2214 575 2264 625 568 668
3912 757 3962 807 468 568
5336 3102 5386 3152 501 601
4718 919 4768 969 705 805
4126 2017 4176 2067 371 471
4380 1900 4430 1950 364 464
65 3169 115 3219 736 836
4931 2748 4981 2798 801 901
5544 3646 5594 3696 580 680
5530 3826 5580 3876 646 746
4207 3299 4257 3349 612 712
1619 2563 1669 2613 638 738
844 78 894 128 665 765
2504 1560 2554 1610 770 870
2013 688 2063 738 805 905
4204 650 4254 700 510 610
191 3474 241 3524 770 870
1788 2463 1838 2513 364 464
4134 104 4184 154 601 701
3137 1497 3187 1547 681 781
729 178 779 228 782 882
2585 35 2635 85 533 633
1799 2475 1849 2525 421 521
2625 3150 2675 3200 425 525
3147 430 3197 480 788 888
3140 2586 3190 2636 628 728
1355 3585 1405 3635 541 641
1227 2313 1277 2363 575 675
592 2553 642 2603 552 652
3548 3775 3598 3825 376 476
301 2645 351 2695 622 722
4648 3119 4698 3169 495 595
3128 1435 3178 1485 528 628
5541 1264 5591 1314 483 583
5023 2388 5073 2438 654 754
5702 3442 5752 3492 524 624
4839 1807 4889 1857 671 771
1173 82 1223 132 468 568
5426 446 5476 496 781 881
4443 2026 4493 2076 497 597
2427 1315 2477 1365 402 502
4911 3856 4961 3906 624 724
5070 1497 5120 1547 510 610
2421 1080 2471 1130 388 488
2122 3597 2172 3647 618 718
2205 1264 2255 1314 639 739
3737 3203 3787 3253 626 726
5583 3848 5633 3898 460 560
2413 1711 2463 1761 720 820
2825 3662 2875 3712 642 742
1029 3864 1079 3914 572 672
4027 2496 4077 2546 805 905
4151 2406 4201 2456 585 685
1871 2687 1921 2737 471 571
4278 1969 4328 2019 479 579
4264 682 4314 732 582 682
2314 843 2364 893 595 695
5575 2657 5625 2707 648 748
5019 3915 5069 3965 354 454
5702 2652 5752 2702 479 579
4055 2642 4105 2692 586 686
1706 872 1756 922 409 509
648 1600 698 1650 509 609
872 1741 922 1791 600 700
3939 1420 3989 1470 351 451
153 783 203 833 556 656
5471 1565 5521 1615 777 877
241 2191 291 2241 469 569
4336 2174 4386 2224 642 742
4483 823 4533 873 712 812
5124 732 5174 782 511 611
1570 2649 1620 2699 433 533
4521 1959 4571 2009 766 866
1676 160 1726 210 728 828
5709 2282 5759 2332 775 875
44 2884 94 2934 711 811
5584 415 5634 465 763 863
250 324 300 374 671 771
1207 3644 1257 3694 630 730
3751 2479 3801 2529 400 500
4915 1060 4965 1110 359 459
4403 3250 4453 3300 668 768
450 2505 500 2555 769 869
1671 663 1721 713 431 531
4148 980 4198 1030 670 770
576 335 626 385 674 774
1010 2792 1060 2842 687 787
5111 1294 5161 1344 416 516
1081 3016 1131 3066 650 750
1056 2835 1106 2885 378 478
2294 590 2344 640 769 869
4386 1166 4436 1216 569 669
3248 2054 3298 2104 730 830
2665 903 2715 953 471 571
4835 1699 4885 1749 531 631
5254 3049 5304 3099 375 475
938 1217 988 1267 699 799
496 580 546 630 513 613
2841 3900 2891 3950 680 780
2056 360 2106 410 699 799
5761 3205 5811 3255 725 825
1706 746 1756 796 602 702
1718 2964 1768 3014 427 527
62 3918 112 3968 555 655
1551 2630 1601 2680 349 449
1641 1381 1691 1431 652 752
4838 3057 4888 3107 479 579
3819 2983 3869 3033 661 761
4625 2052 4675 2102 430 530
1346 2772 1396 2822 703 803
3523 288 3573 338 369 469
3163 2993 3213 3043 550 650
3342 1716 3392 1766 477 577
4510 2344 4560 2394 508 608
1220 2159 1270 2209 662 762
3412 1002 3462 1052 394 494
80 3159 130 3209 370 470
2488 2953 2538 3003 610 710
4167 2245 4217 2295 495 595
4871 2346 4921 2396 412 512
5655 3278 5705 3328 403 503
1695 3924 1745 3974 349 449
4497 2068 4547 2118 812 912
4399 3146 4449 3196 753 853
4066 3542 4116 3592 785 885
5681 1003 5731 1053 476 576
4242 2531 4292 2581 342 442
5152 303 5202 353 342 442
3116 3938 3166 3988 505 605
4112 3778 4162 3828 697 797
1270 752 1320 802 802 902
3486 2017 3536 2067 659 759
886 3798 936 3848 605 705
2306 1158 2356 1208 658 758
5153 1397 5203 1447 409 509
724 3195 774 3245 349 449
4052 600 4102 650 390 490
5256 2864 5306 2914 525 625
4176 1686 4226 1736 603 703
972 2501 1022 2551 643 743
127 178 177 228 459 559
701 1769 751 1819 636 736
3203 2936 3253 2986 761 861
719 874 769 924 572 672
3550 741 3600 791 495 595
9 1883 59 1933 378 478
5089 3026 5139 3076 757 857
1497 1134 1547 1184 635 735
4632 1405 4682 1455 764 864
3097 2702 3147 2752 675 775
3090 2852 3140 2902 593 693
1822 1750 1872 1800 436 536
2315 1615 2365 1665 694 794
1948 1702 1998 1752 739 839
5120 69 5170 119 659 759
4316 257 4366 307 680 780
2562 3270 2612 3320 464 564
4100 2599 4150 2649 493 593
2501 2499 2551 2549 698 798
5345 2388 5395 2438 698 798
3834 2663 3884 2713 448 548
567 2937 617 2987 670 770
2166 709 2216 759 477 577
5054 344 5104 394 794 894
4419 1864 4469 1914 661 761
5414 2145 5464 2195 404 504
1645 432 1695 482 661 761
2955 1276 3005 1326 383 483
1691 3023 1741 3073 712 812
2030 3407 2080 3457 485 585
2290 3791 2340 3841 738 838
2597 1541 2647 1591 386 486
2327 670 2377 720 460 560
4683 732 4733 782 503 603
3265 2601 3315 2651 602 702
297 1929 347 1979 513 613
2906 1168 2956 1218 532 632
618 2775 668 2825 676 776
3375 3365 3425 3415 693 793
1574 391 1624 441 384 484
4103 3321 4153 3371 639 739
1142 341 1192 391 686 786
306 3346 356 3396 552 652
5237 3238 5287 3288 592 692
2321 12 2371 62 585 685
5122 2208 5172 2258 522 622
5049 1612 5099 1662 452 552
2008 1494 2058 1544 648 748
1428 3316 1478 3366 643 743
19 1674 69 1724 649 749
472 3478 522 3528 624 724
3485 1782 3535 1832 607 707
1179 91 1229 141 379 479
184 2498 234 2548 557 657
5555 1444 5605 1494 572 672
3011 1606 3061 1656 672 772
3756 2317 3806 2367 523 623
3644 2871 3694 2921 776 876
4304 23 4354 73 451 551
1636 1887 1686 1937 473 573
4789 2259 4839 2309 768 868
1816 981 1866 1031 456 556
2433 163 2483 213 465 565
522 2720 572 2770 770 870
767 2619 817 2669 584 684
642 1325 692 1375 649 749
4907 198 4957 248 591 691
4886 1545 4936 1595 604 704
1198 2482 1248 2532 404 504
355 2994 405 3044 347 447
3932 2333 3982 2383 405 505
3122 439 3172 489 403 503
3532 466 3582 516 692 792
1004 1809 1054 1859 457 557
3914 3757 3964 3807 358 458
2999 1232 3049 1282 791 891
3383 963 3433 1013 764 864
2997 3424 3047 3474 468 568
3848 2778 3898 2828 616 716
1575 2339 1625 2389 486 586
1988 2645 2038 2695 391 491
2906 3223 2956 3273 618 718
4676 1335 4726 1385 409 509
4496 1024 4546 1074 686 786
3879 267 3929 317 568 668
1261 3890 1311 3940 363 463
5444 2217 5494 2267 407 507
2812 3759 2862 3809 738 838
1473 3485 1523 3535 364 464
5732 1989 5782 2039 757 857
4315 587 4365 637 548 648
2013 3784 2063 3834 644 744
5104 1846 5154 1896 689 789
4441 2270 4491 2320 809 909
5009 2686 5059 2736 337 437
458 2332 508 2382 622 722
3012 826 3062 876 472 572
3342 3457 3392 3507 617 717
1870 2728 1920 2778 371 471
5587 1123 5637 1173 607 707
5075 498 5125 548 382 482
4266 3754 4316 3804 644 744
492 3428 542 3478 430 530
422 3369 472 3419 648 748
5059 866 5109 916 792 892
5410 245 5460 295 481 581
1819 1600 1869 1650 498 598
4788 1943 4838 1993 793 893
4405 3561 4455 3611 470 570
1864 2467 1914 2517 614 714
69 432 119 482 493 593
5471 2345 5521 2395 640 740
3603 716 3653 766 785 885
2279 3074 2329 3124 450 550
1531 3110 1581 3160 460 560
3911 1092 3961 1142 571 671
2235 910 2285 960 807 907
3275 261 3325 311 615 715
5378 2335 5428 2385 468 568
247 2716 297 2766 798 898
2059 10 2109 60 520 620
2219 1000 2269 1050 725 825
88 2137 138 2187 767 867
2096 1318 2146 1368 446 546
5566 242 5616 292 712 812
3926 1028 3976 1078 537 637
2098 2055 2148 2105 611 711
3093 3582 3143 3632 738 838
1808 1164 1858 1214 649 749
2769 1479 2819 1529 779 879
3116 563 3166 613 372 472
5272 52 5322 102 353 453
4574 1992 4624 2042 478 578
4652 3048 4702 3098 438 538
4601 931 4651 981 395 495
3689 1029 3739 1079 475 575
209 3017 259 3067 601 701
1771 594 1821 644 531 631
253 3036 303 3086 646 746
1387 2052 1437 2102 530 630
3058 3491 3108 3541 534 634
5333 3833 5383 3883 665 765
2103 904 2153 954 751 851
107 3322 157 3372 763 863
2952 2308 3002 2358 740 840
5051 403 5101 453 806 906
3199 2083 3249 2133 791 891
957 924 1007 974 541 641
273 1139 323 1189 737 837
5200 543 5250 593 704 804
4402 1853 4452 1903 757 857
5729 1128 5779 1178 601 701
4284 2180 4334 2230 625 725
153 3196 203 3246 782 882
1225 1543 1275 1593 630 730
4620 845 4670 895 470 570
1356 2131 1406 2181 502 602
5113 2936 5163 2986 524 624
284 1754 334 1804 386 486
4723 3699 4773 3749 803 903
5154 1780 5204 1830 384 484
2039 511 2089 561 446 546
5114 3896 5164 3946 456 556
4234 1505 4284 1555 629 729
70 3718 120 3768 441 541
4341 3565 4391 3615 353 453
710 2075 760 2125 578 678
3621 1696 3671 1746 351 451
5075 2453 5125 2503 748 848
859 49 909 99 646 746
1290 3302 1340 3352 790 890
4962 3848 5012 3898 678 778
2971 1002 3021 1052 712 812
1886 2999 1936 3049 757 857
1812 1310 1862 1360 613 713
4376 2192 4426 2242 684 784
1719 1530 1769 1580 559 659
2831 838 2881 888 544 644
1552 1608 1602 1658 366 466
2619 3841 2669 3891 425 525
4114 749 4164 799 463 563
4648 2086 4698 2136 498 598
1506 3891 1556 3941 720 820
1625 1012 1675 1062 388 488
1178 27 1228 77 498 598
2717 1909 2767 1959 719 819
2417 740 2467 790 707 807
2961 2033 3011 2083 626 726
2344 3637 2394 3687 517 617
850 3353 900 3403 577 677
548 362 598 412 574 674
3457 393 3507 443 702 802
3170 8 3220 58 446 546
3475 2534 3525 2584 402 502
1488 1574 1538 1624 461 561
4399 3659 4449 3709 504 604
985 1070 1035 1120 622 722
4865 2646 4915 2696 505 605
962 2750 1012 2800 718 818
4604 2697 4654 2747 719 819
5070 2537 5120 2587 669 769
3650 1051 3700 1101 617 717
2652 3226 2702 3276 756 856
584 455 634 505 657 757
3795 3639 3845 3689 590 690
2516 2805 2566 2855 759 859
1123 145 1173 195 629 729
1335 3 1385 53 753 853
3329 3785 3379 3835 382 482
5522 1246 5572 1296 649 749
5224 3562 5274 3612 464 564
2086 3009 2136 3059 506 606
5220 1106 5270 1156 459 559
4551 1743 4601 1793 632 732
377 1982 427 2032 599 699
2803 143 2853 193 522 622
4291 3224 4341 3274 708 808
141 2925 191 2975 501 601
4896 1279 4946 1329 666 766
2199 1355 2249 1405 356 456
4482 1986 4532 2036 691 791
5177 152 5227 202 626 726
1948 3580 1998 3630 781 881
1104 3806 1154 3856 787 887
1654 3935 1704 3985 784 884
3761 1021 3811 1071 345 445
4706 2106 4756 2156 369 469
2819 3739 2869 3789 738 838
5620 666 5670 716 592 692
4299 2970 4349 3020 789 889
4787 927 4837 977 759 859
5038 1024 5088 1074 684 784
1583 361 1633 411 772 872
2866 1596 2916 1646 561 661
2353 664 2403 714 371 471
2512 1203 2562 1253 383 483
68 1500 118 1550 466 566
5072 1700 5122 1750 437 537
2813 1237 2863 1287 712 812
1084 514 1134 564 710 810
4081 3591 4131 3641 745 845
982 2176 1032 2226 392 492
1473 3230 1523 3280 372 472
1847 2770 1897 2820 733 833
5328 3108 5378 3158 341 441
3849 2275 3899 2325 411 511
1540 3227 1590 3277 577 677
37 1286 87 1336 809 909
3464 2190 3514 2240 718 818
1154 3836 1204 3886 561 661
2423 2492 2473 2542 758 858
172 143 222 193 711 811
2715 893 2765 943 709 809
1745 3233 1795 3283 571 671
1504 254 1554 304 344 444
4973 2088 5023 2138 401 501
4332 2422 4382 2472 676 776
2959 2793 3009 2843 724 824
2346 2422 2396 2472 469 569
2323 1405 2373 1455 643 743
71 2713 121 2763 671 771
376 2184 426 2234 571 671
5624 1411 5674 1461 469 569
1350 186 1400 236 471 571
677 107 727 157 653 753
3302 2405 3352 2455 572 672
157 3765 207 3815 678 778
2890 1167 2940 1217 697 797
3666 263 3716 313 582 682
3969 2858 4019 2908 781 881
421 3810 471 3860 566 666
1567 3897 1617 3947 748 848
2598 205 2648 255 428 528
3660 3297 3710 3347 595 695
809 1278 859 1328 617 717
5165 3451 5215 3501 499 599
549 806 599 856 718 818
4549 3334 4599 3384 485 585
1155 469 1205 519 348 448
2760 1734 2810 1784 539 639
4727 3631 4777 3681 731 831
3688 3565 3738 3615 393 493
2952 1108 3002 1158 778 878
3907 1675 3957 1725 351 451
3834 26 3884 76 777 877
2912 3750 2962 3800 560 660
4786 3082 4836 3132 643 743
3533 443 3583 493 412 512
786 1440 836 1490 731 831
2028 1162 2078 1212 632 732
3792 445 3842 495 494 594
357 1433 407 1483 577 677
3682 2359 3732 2409 713 813
691 114 741 164 812 912
