100
1460 1116 1470 1126 464 474
2210 2653 2220 2663 464 474
3930 779 3940 789 464 474
1493 1834 1503 1844 464 474
801 2264 811 2274 464 474
1272 3237 1282 3247 464 474
410 1156 420 1166 464 474
413 3116 423 3126 464 474
2325 2909 2335 2919 464 474
5658 150 5668 160 464 474
756 3136 766 3146 464 474
821 536 831 546 464 474
4408 3395 4418 3405 464 474
5291 3585 5301 3595 464 474
1524 1920 1534 1930 464 474
2548 872 2558 882 464 474
4114 564 4124 574 464 474
2039 3676 2049 3686 464 474
4396 3584 4406 3594 464 474
1731 3108 1741 3118 464 474
3154 2616 3164 2626 464 474
210 1798 220 1808 464 474
5582 2787 5592 2797 464 474
4909 121 4919 131 464 474
995 1665 1005 1675 464 474
1643 2925 1653 2935 464 474
582 3109 592 3119 464 474
5021 1623 5031 1633 464 474
1376 3516 1386 3526 464 474
2334 231 2344 241 464 474
1693 2233 1703 2243 464 474
54 3719 64 3729 464 474
5339 3865 5349 3875 464 474
39 3378 49 3388 464 474
1323 2547 1333 2557 464 474
2649 2938 2659 2948 464 474
472 2473 482 2483 464 474
3740 191 3750 201 464 474
5012 3283 5022 3293 464 474
3829 2212 3839 2222 464 474
1102 584 1112 594 464 474
3458 3381 3468 3391 464 474
5786 2230 5796 2240 464 474
4524 1452 4534 1462 464 474
4978 3845 4988 3855 464 474
4232 823 4242 833 464 474
3759 410 3769 420 464 474
2346 1745 2356 1755 464 474
2078 1579 2088 1589 464 474
2870 1366 2880 1376 464 474
3535 1251 3545 1261 464 474
3577 544 3587 554 464 474
397 2674 407 2684 464 474
5760 1854 5770 1864 464 474
3682 1049 3692 1059 464 474
4964 2161 4974 2171 464 474
1248 458 1258 468 464 474
4318 573 4328 583 464 474
937 1802 947 1812 464 474
2535 2066 2545 2076 464 474
5568 1332 5578 1342 464 474
2454 2981 2464 2991 464 474
921 1064 931 1074 464 474
2462 3642 2472 3652 464 474
733 1105 743 1115 464 474
5778 2015 5788 2025 464 474
719 568 729 578 464 474
294 2941 304 2951 464 474
708 919 718 929 464 474
2224 455 2234 465 464 474
1830 117 1840 127 464 474
1194 2838 1204 2848 464 474
5478 1790 5488 1800 464 474
2131 3264 2141 3274 464 474
542 3060 552 3070 464 474
4349 496 4359 506 464 474
4981 1853 4991 1863 464 474
5304 1381 5314 1391 464 474
5150 3450 5160 3460 464 474
4599 807 4609 817 464 474
5118 1287 5128 1297 464 474
2170 543 2180 553 464 474
3769 3005 3779 3015 464 474
2652 1107 2662 1117 464 474
4216 1913 4226 1923 464 474
4567 1138 4577 1148 464 474
4082 1801 4092 1811 464 474
4823 229 4833 239 464 474
3291 3397 3301 3407 464 474
2163 2430 2173 2440 464 474
1488 2457 1498 2467 464 474
5641 2105 5651 2115 464 474
1031 36 1041 46 464 474
4390 2473 4400 2483 464 474
1220 2142 1230 2152 464 474
403 1673 413 1683 464 474
3404 1349 3414 1359 464 474
2042 1293 2052 1303 464 474
2887 947 2897 957 464 474
3669 1911 3679 1921 464 474
