20
2443 2662 2448 2667 337 914
2689 1267 2694 1272 337 914
3233 2995 3238 3000 337 914
3114 3900 3119 3905 337 914
1581 253 1586 258 337 914
3914 1867 3919 1872 337 914
2410 3679 2415 3684 337 914
4215 3406 4220 3411 337 914
76 1350 81 1355 337 914
4392 496 4397 501 337 914
883 1484 888 1489 337 914
2075 1113 2080 1118 337 914
2874 3410 2879 3415 337 914
1338 3019 1343 3024 337 914
531 307 536 312 337 914
3945 3582 3950 3587 337 914
1198 3414 1203 3419 337 914
1633 1191 1638 1196 337 914
3729 1564 3734 1569 337 914
5479 178 5484 183 337 914
