330
1280 0 1535 255 450 850
3328 1024 3583 1279 503 903
0 2816 255 3071 434 834
768 768 1023 1023 357 757
2304 2816 2559 3071 375 775
1536 2560 1791 2815 372 772
0 4352 255 4607 511 911
3328 1792 3583 2047 453 853
1792 2560 2047 2815 342 742
1024 3328 1279 3583 415 815
1280 1280 1535 1535 347 747
3584 3584 3839 3839 409 809
1024 5120 1279 5375 356 756
0 512 255 767 383 783
768 2304 1023 2559 417 817
3072 4352 3327 4607 393 793
512 3840 767 4095 458 858
1792 3072 2047 3327 475 875
1536 5376 1791 5631 369 769
1280 1536 1535 1791 473 873
1536 2816 1791 3071 469 869
3584 5376 3839 5631 396 796
512 3328 767 3583 375 775
1536 256 1791 511 419 819
1792 3840 2047 4095 391 791
2048 4096 2303 4351 375 775
256 1280 511 1535 449 849
3072 2816 3327 3071 485 885
1024 4096 1279 4351 441 841
2304 3840 2559 4095 507 907
256 2048 511 2303 504 904
1024 2048 1279 2303 381 781
3072 2304 3327 2559 501 901
3328 512 3583 767 424 824
2816 2560 3071 2815 405 805
1280 1024 1535 1279 366 766
768 1280 1023 1535 463 863
3584 4608 3839 4863 403 803
2304 768 2559 1023 482 882
3072 4096 3327 4351 469 869
768 0 1023 255 485 885
2560 1792 2815 2047 492 892
2560 1536 2815 1791 368 768
768 3328 1023 3583 504 904
2816 4352 3071 4607 366 766
2048 0 2303 255 448 848
1024 4608 1279 4863 384 784
0 0 255 255 487 887
3584 5120 3839 5375 413 813
3072 1536 3327 1791 416 816
2048 1536 2303 1791 446 846
1792 2816 2047 3071 372 772
1792 2304 2047 2559 479 879
256 5376 511 5631 485 885
0 4096 255 4351 455 855
2304 1024 2559 1279 360 760
512 1280 767 1535 350 750
1024 4352 1279 4607 390 790
1536 4352 1791 4607 512 912
3584 2560 3839 2815 458 858
1792 4352 2047 4607 387 787
2816 1792 3071 2047 502 902
1536 2304 1791 2559 502 902
2560 4352 2815 4607 374 774
512 2304 767 2559 416 816
3072 4608 3327 4863 398 798
0 2048 255 2303 408 808
256 2816 511 3071 366 766
1792 3584 2047 3839 464 864
3584 512 3839 767 376 776
256 768 511 1023 502 902
3584 768 3839 1023 439 839
2048 5120 2303 5375 359 759
256 2304 511 2559 356 756
768 4096 1023 4351 430 830
2304 3584 2559 3839 388 788
2816 1280 3071 1535 472 872
2560 2816 2815 3071 481 881
2816 3328 3071 3583 361 761
3328 256 3583 511 371 771
256 256 511 511 387 787
1280 3072 1535 3327 475 875
768 2816 1023 3071 407 807
0 4864 255 5119 353 753
1280 4096 1535 4351 450 850
512 0 767 255 352 752
1280 2560 1535 2815 376 776
1280 5376 1535 5631 467 867
2048 4608 2303 4863 409 809
0 256 255 511 375 775
2560 4608 2815 4863 412 812
3072 0 3327 255 459 859
0 1024 255 1279 367 767
2304 5120 2559 5375 400 800
1792 768 2047 1023 501 901
0 1280 255 1535 447 847
2560 1280 2815 1535 461 861
2048 4352 2303 4607 395 795
1792 256 2047 511 476 876
2048 768 2303 1023 415 815
3072 256 3327 511 438 838
2560 3072 2815 3327 468 868
2048 1024 2303 1279 341 741
2816 1536 3071 1791 460 860
1536 2048 1791 2303 487 887
2816 2304 3071 2559 438 838
2048 3072 2303 3327 338 738
0 2560 255 2815 449 849
2560 768 2815 1023 405 805
1280 768 1535 1023 367 767
1024 1024 1279 1279 484 884
512 1024 767 1279 455 855
512 4352 767 4607 505 905
1280 4352 1535 4607 381 781
2048 3584 2303 3839 475 875
768 256 1023 511 445 845
2816 5376 3071 5631 396 796
1280 3584 1535 3839 342 742
512 4864 767 5119 398 798
2816 256 3071 511 468 868
1792 1024 2047 1279 384 784
1792 1280 2047 1535 473 873
768 2048 1023 2303 417 817
3584 4352 3839 4607 414 814
1536 4864 1791 5119 364 764
2048 3840 2303 4095 404 804
2304 512 2559 767 347 747
2304 1280 2559 1535 492 892
3328 2816 3583 3071 462 862
3584 256 3839 511 490 890
3328 3840 3583 4095 394 794
1280 3840 1535 4095 387 787
3328 4864 3583 5119 444 844
2304 1536 2559 1791 402 802
2048 2816 2303 3071 337 737
512 1536 767 1791 422 822
3328 3584 3583 3839 507 907
3072 4864 3327 5119 339 739
2816 512 3071 767 357 757
1792 4096 2047 4351 398 798
1280 2048 1535 2303 369 769
2304 1792 2559 2047 508 908
2048 1280 2303 1535 343 743
1792 0 2047 255 364 764
512 512 767 767 375 775
0 3072 255 3327 482 882
1024 2816 1279 3071 472 872
2560 4096 2815 4351 438 838
2560 5120 2815 5375 491 891
1536 3840 1791 4095 360 760
2560 3328 2815 3583 392 792
1792 4608 2047 4863 361 761
3072 512 3327 767 497 897
256 2560 511 2815 473 873
2304 3072 2559 3327 438 838
1792 1792 2047 2047 351 751
1792 512 2047 767 367 767
2048 512 2303 767 453 853
2560 256 2815 511 506 906
768 3072 1023 3327 493 893
768 4864 1023 5119 429 829
1536 768 1791 1023 390 790
1536 3328 1791 3583 370 770
512 2048 767 2303 364 764
2304 3328 2559 3583 455 855
256 1536 511 1791 370 770
3072 3072 3327 3327 453 853
256 4864 511 5119 448 848
256 3840 511 4095 376 776
0 3584 255 3839 477 877
256 0 511 255 513 913
256 1792 511 2047 408 808
256 3072 511 3327 472 872
2048 2304 2303 2559 343 743
2816 2048 3071 2303 439 839
256 3584 511 3839 337 737
3584 3072 3839 3327 492 892
3072 1024 3327 1279 397 797
2048 4864 2303 5119 439 839
1536 3072 1791 3327 469 869
512 5120 767 5375 421 821
2560 3840 2815 4095 498 898
3328 2304 3583 2559 493 893
2816 0 3071 255 408 808
2304 4864 2559 5119 457 857
2560 0 2815 255 421 821
1280 2816 1535 3071 422 822
1024 1536 1279 1791 488 888
3072 3584 3327 3839 360 760
3072 2048 3327 2303 414 814
2304 2304 2559 2559 471 871
1280 3328 1535 3583 457 857
1536 4608 1791 4863 468 868
3328 2048 3583 2303 504 904
1024 2304 1279 2559 488 888
2304 2560 2559 2815 413 813
768 1024 1023 1279 364 764
768 4608 1023 4863 427 827
2048 2560 2303 2815 352 752
0 1536 255 1791 404 804
2560 1024 2815 1279 390 790
0 2304 255 2559 355 755
512 4096 767 4351 479 879
1792 5376 2047 5631 352 752
1792 2048 2047 2303 365 765
1280 4608 1535 4863 405 805
1280 4864 1535 5119 353 753
768 5376 1023 5631 343 743
1536 1280 1791 1535 469 869
3328 768 3583 1023 459 859
2816 4864 3071 5119 479 879
256 1024 511 1279 380 780
2560 5376 2815 5631 443 843
3072 3840 3327 4095 462 862
2816 768 3071 1023 455 855
1536 1536 1791 1791 391 791
768 1536 1023 1791 374 774
512 256 767 511 363 763
3328 4096 3583 4351 369 769
3584 4864 3839 5119 397 797
3072 3328 3327 3583 445 845
1024 1280 1279 1535 507 907
3328 4608 3583 4863 344 744
768 4352 1023 4607 403 803
1792 1536 2047 1791 501 901
2304 0 2559 255 495 895
1024 3840 1279 4095 483 883
768 3584 1023 3839 351 751
768 2560 1023 2815 412 812
768 1792 1023 2047 502 902
1792 3328 2047 3583 422 822
3328 1280 3583 1535 470 870
2304 4352 2559 4607 344 744
2304 5376 2559 5631 392 792
1280 2304 1535 2559 485 885
2816 3584 3071 3839 372 772
2048 5376 2303 5631 460 860
2048 2048 2303 2303 505 905
2560 512 2815 767 383 783
1792 5120 2047 5375 419 819
2816 3072 3071 3327 450 850
2304 4096 2559 4351 352 752
1280 512 1535 767 467 867
2304 2048 2559 2303 384 784
2816 5120 3071 5375 478 878
512 768 767 1023 408 808
2304 4608 2559 4863 442 842
1280 256 1535 511 338 738
1536 4096 1791 4351 435 835
3584 0 3839 255 474 874
2560 2304 2815 2559 402 802
1024 3072 1279 3327 370 770
1280 5120 1535 5375 467 867
3584 3840 3839 4095 410 810
3584 1024 3839 1279 436 836
3328 1536 3583 1791 454 854
256 3328 511 3583 395 795
3328 5120 3583 5375 409 809
512 3584 767 3839 472 872
3328 2560 3583 2815 475 875
256 5120 511 5375 398 798
1024 768 1279 1023 381 781
3584 2816 3839 3071 431 831
256 4608 511 4863 405 805
3072 1792 3327 2047 436 836
0 1792 255 2047 406 806
1536 512 1791 767 444 844
3584 1792 3839 2047 386 786
2816 2816 3071 3071 398 798
256 4096 511 4351 490 890
2560 2560 2815 2815 472 872
1024 1792 1279 2047 338 738
3584 4096 3839 4351 506 906
0 3328 255 3583 425 825
2048 1792 2303 2047 389 789
1536 1024 1791 1279 474 874
3584 1280 3839 1535 497 897
3328 5376 3583 5631 494 894
2560 4864 2815 5119 479 879
2816 4096 3071 4351 422 822
3584 3328 3839 3583 458 858
512 3072 767 3327 367 767
2560 2048 2815 2303 455 855
1536 3584 1791 3839 415 815
3584 2304 3839 2559 444 844
2816 3840 3071 4095 381 781
1024 3584 1279 3839 359 759
1280 1792 1535 2047 507 907
768 512 1023 767 457 857
2560 3584 2815 3839 495 895
512 1792 767 2047 468 868
1024 4864 1279 5119 341 741
1024 512 1279 767 366 766
3328 3072 3583 3327 389 789
3584 2048 3839 2303 413 813
1024 0 1279 255 469 869
1024 256 1279 511 458 858
2304 256 2559 511 348 748
1024 5376 1279 5631 345 745
2048 3328 2303 3583 346 746
512 4608 767 4863 501 901
0 768 255 1023 480 880
0 5376 255 5631 348 748
3072 768 3327 1023 497 897
3072 1280 3327 1535 392 792
2816 1024 3071 1279 404 804
1536 5120 1791 5375 461 861
1792 4864 2047 5119 379 779
3072 2560 3327 2815 385 785
256 512 511 767 426 826
0 3840 255 4095 464 864
2048 256 2303 511 510 910
3072 5120 3327 5375 461 861
0 4608 255 4863 409 809
3328 0 3583 255 412 812
768 3840 1023 4095 391 791
512 5376 767 5631 457 857
3328 3328 3583 3583 434 834
1536 0 1791 255 388 788
1024 2560 1279 2815 400 800
3328 4352 3583 4607 419 819
1536 1792 1791 2047 342 742
256 4352 511 4607 409 809
512 2816 767 3071 448 848
0 5120 255 5375 394 794
512 2560 767 2815 489 889
3584 1536 3839 1791 407 807
2816 4608 3071 4863 343 743
3072 5376 3327 5631 500 900
768 5120 1023 5375 415 815
