100
3181 2932 3381 3132 519 719
2177 938 2377 1138 519 719
5570 3112 5770 3312 519 719
3992 2536 4192 2736 519 719
798 603 998 803 519 719
4870 846 5070 1046 519 719
4285 1541 4485 1741 519 719
2760 206 2960 406 519 719
4237 251 4437 451 519 719
404 1936 604 2136 519 719
389 3493 589 3693 519 719
2272 3000 2472 3200 519 719
4056 653 4256 853 519 719
3763 1128 3963 1328 519 719
1508 905 1708 1105 519 719
5412 1234 5612 1434 519 719
2267 3139 2467 3339 519 719
5580 2880 5780 3080 519 719
1081 1970 1281 2170 519 719
1497 2777 1697 2977 519 719
3080 1992 3280 2192 519 719
5158 1611 5358 1811 519 719
4083 3793 4283 3993 519 719
95 2346 295 2546 519 719
2597 446 2797 646 519 719
859 345 1059 545 519 719
4559 1814 4759 2014 519 719
976 3213 1176 3413 519 719
4033 1152 4233 1352 519 719
3939 1562 4139 1762 519 719
1043 644 1243 844 519 719
4362 1356 4562 1556 519 719
5507 429 5707 629 519 719
5354 164 5554 364 519 719
2516 3581 2716 3781 519 719
2674 433 2874 633 519 719
1708 494 1908 694 519 719
1604 2296 1804 2496 519 719
4469 3123 4669 3323 519 719
2677 3792 2877 3992 519 719
2123 584 2323 784 519 719
4336 2969 4536 3169 519 719
951 2943 1151 3143 519 719
3864 2596 4064 2796 519 719
4335 2922 4535 3122 519 719
4733 83 4933 283 519 719
156 884 356 1084 519 719
2895 2810 3095 3010 519 719
2116 3405 2316 3605 519 719
893 1442 1093 1642 519 719
3666 1376 3866 1576 519 719
4512 417 4712 617 519 719
42 3182 242 3382 519 719
5372 1618 5572 1818 519 719
2098 2815 2298 3015 519 719
144 1534 344 1734 519 719
228 1947 428 2147 519 719
5187 1259 5387 1459 519 719
4075 814 4275 1014 519 719
370 2915 570 3115 519 719
5421 412 5621 612 519 719
2354 2763 2554 2963 519 719
2918 3698 3118 3898 519 719
5524 339 5724 539 519 719
2140 1738 2340 1938 519 719
3873 1947 4073 2147 519 719
4193 2918 4393 3118 519 719
5463 444 5663 644 519 719
3143 537 3343 737 519 719
3030 264 3230 464 519 719
1962 3673 2162 3873 519 719
3746 682 3946 882 519 719
1937 1762 2137 1962 519 719
3293 2169 3493 2369 519 719
910 3526 1110 3726 519 719
2989 242 3189 442 519 719
3050 3543 3250 3743 519 719
551 2964 751 3164 519 719
4876 1769 5076 1969 519 719
5133 2203 5333 2403 519 719
1060 545 1260 745 519 719
1465 550 1665 750 519 719
393 444 593 644 519 719
3847 2754 4047 2954 519 719
765 787 965 987 519 719
2986 3596 3186 3796 519 719
4334 276 4534 476 519 719
4841 208 5041 408 519 719
4308 148 4508 348 519 719
850 2346 1050 2546 519 719
363 1392 563 1592 519 719
115 1542 315 1742 519 719
3389 1054 3589 1254 519 719
3589 35 3789 235 519 719
1026 1739 1226 1939 519 719
3848 259 4048 459 519 719
731 2589 931 2789 519 719
1546 2738 1746 2938 519 719
883 3334 1083 3534 519 719
4509 1006 4709 1206 519 719
